point cloud with 3844 points in dimension 3
0,0,0.00778993
0,0,0.00988945
0,0,0.00996808
0,0,0.0101799
0,0,0.0106764
0,0,0.0114631
0,0,0.0116649
0,0,0.0117211
0,0,0.011939
0,0,0.0120935
0,0,0.0120964
0,0,0.0121469
0,0,0.0123032
0,0,0.0123355
0,0,0.0124118
0,0,0.0129126
0,0,0.0132234
0,0,0.0134082
0,0,0.0135314
0,0,0.0138898
0,0,0.013899
0,0,0.0139974
0,0,0.0141807
0,0,0.0141811
0,0,0.0144444
0,0,0.0145262
0,0,0.0146646
0,0,0.0146811
0,0,0.0148389
0,0,0.014912
0,0,0.0150519
0,0,0.0155293
0,0,0.0155854
0,0,0.0155924
0,0,0.0157079
0,0,0.0160024
0,0,0.0162932
0,0,0.0164904
0,0,0.0167537
0,0,0.0167947
0,0,0.0168087
0,0,0.0169635
0,0,0.0171743
0,0,0.0172718
0,0,0.017537
0,0,0.0175803
0,0,0.0176102
0,0,0.017616
0,0,0.0176355
0,0,0.017986
0,0,0.017996
0,0,0.0180486
0,0,0.0183578
0,0,0.0185112
0,0,0.0187112
0,0,0.0189633
0,0,0.0190478
0,0,0.0190563
0,0,0.0191914
0,0,0.0192276
0,0,0.0192574
0,0,0.0193451
0,0,0.0194748
0,0,0.0195452
0,0,0.0197113
0,0,0.0197232
0,0,0.0197491
0,0,0.020013
0,0,0.0200626
0,0,0.0201063
0,0,0.020107
0,0,0.0202532
0,0,0.0202975
0,0,0.0203094
0,0,0.0203151
0,0,0.0203151
0,0,0.0204001
0,0,0.0204351
0,0,0.020472
0,0,0.0205064
0,0,0.0205131
0,0,0.0205133
0,0,0.0205362
0,0,0.0207783
0,0,0.020822
0,0,0.0208325
0,0,0.0209856
0,0,0.0209932
0,0,0.0210386
0,0,0.0213954
0,0,0.0214039
0,0,0.0214861
0,0,0.0216657
0,0,0.0216975
0,0,0.0218606
0,0,0.0219626
0,0,0.0222579
0,0,0.0223396
0,0,0.0223565
0,0,0.0225059
0,0,0.0225893
0,0,0.0226705
0,0,0.022785
0,0,0.0228624
0,0,0.0228714
0,0,0.02288
0,0,0.0229004
0,0,0.0229206
0,0,0.02293
0,0,0.022958
0,0,0.023025
0,0,0.0230333
0,0,0.0230722
0,0,0.0230804
0,0,0.0230873
0,0,0.0230949
0,0,0.0231011
0,0,0.0233936
0,0,0.0234078
0,0,0.0234233
0,0,0.0234389
0,0,0.0234612
0,0,0.0235511
0,0,0.0235831
0,0,0.0236427
0,0,0.0237264
0,0,0.023762
0,0,0.0237845
0,0,0.0239509
0,0,0.0239956
0,0,0.0240603
0,0,0.0240785
0,0,0.0240991
0,0,0.0241565
0,0,0.024202
0,0,0.0242994
0,0,0.0243017
0,0,0.0243264
0,0,0.0243792
0,0,0.0243822
0,0,0.0243941
0,0,0.0244783
0,0,0.0245345
0,0,0.0246462
0,0,0.0246666
0,0,0.0247213
0,0,0.0248618
0,0,0.0248977
0,0,0.0250098
0,0,0.0250354
0,0,0.025078
0,0,0.0251117
0,0,0.0252621
0,0,0.025385
0,0,0.0253997
0,0,0.0254075
0,0,0.0254081
0,0,0.0254681
0,0,0.025532
0,0,0.0255382
0,0,0.0256679
0,0,0.0257789
0,0,0.0258345
0,0,0.025843
0,0,0.0259426
0,0,0.0259484
0,0,0.0259498
0,0,0.0259537
0,0,0.0260054
0,0,0.0260984
0,0,0.0261058
0,0,0.0261951
0,0,0.0262608
0,0,0.0263826
0,0,0.0264415
0,0,0.0264704
0,0,0.0264711
0,0,0.0264885
0,0,0.0264952
0,0,0.0265378
0,0,0.0265492
0,0,0.0266264
0,0,0.0266839
0,0,0.0267995
0,0,0.0268452
0,0,0.0268571
0,0,0.026887
0,0,0.0269145
0,0,0.0269233
0,0,0.0269936
0,0,0.0270064
0,0,0.0270154
0,0,0.0271474
0,0,0.0271592
0,0,0.0271718
0,0,0.0271792
0,0,0.0271827
0,0,0.0273024
0,0,0.0273173
0,0,0.0273721
0,0,0.0273772
0,0,0.0273856
0,0,0.0273947
0,0,0.0274365
0,0,0.0274415
0,0,0.0274732
0,0,0.0275774
0,0,0.0276257
0,0,0.0277051
0,0,0.0277163
0,0,0.027734
0,0,0.0278235
0,0,0.0278699
0,0,0.0279454
0,0,0.0279965
0,0,0.0280221
0,0,0.0280295
0,0,0.0280944
0,0,0.0281007
0,0,0.0282096
0,0,0.0282407
0,0,0.0283418
0,0,0.0283461
0,0,0.0283814
0,0,0.0283819
0,0,0.0283909
0,0,0.028397
0,0,0.0284124
0,0,0.0284201
0,0,0.0284912
0,0,0.0285617
0,0,0.0285778
0,0,0.0285818
0,0,0.0286082
0,0,0.0286501
0,0,0.0286695
0,0,0.0287473
0,0,0.0287484
0,0,0.0287657
0,0,0.0288266
0,0,0.0288815
0,0,0.0289123
0,0,0.0289292
0,0,0.0289368
0,0,0.0289683
0,0,0.028972
0,0,0.0290028
0,0,0.0290427
0,0,0.0290489
0,0,0.0290924
0,0,0.0291138
0,0,0.0291279
0,0,0.0291778
0,0,0.0291801
0,0,0.0292455
0,0,0.0292504
0,0,0.0292909
0,0,0.0293584
0,0,0.0293681
0,0,0.0294186
0,0,0.0294268
0,0,0.0295643
0,0,0.0295989
0,0,0.0296058
0,0,0.0296239
0,0,0.0296466
0,0,0.0296674
0,0,0.0297
0,0,0.029734
0,0,0.0297362
0,0,0.0297648
0,0,0.0298035
0,0,0.0298118
0,0,0.0298527
0,0,0.0300064
0,0,0.0300345
0,0,0.0300482
0,0,0.0300662
0,0,0.0300741
0,0,0.0300753
0,0,0.0301404
0,0,0.0301892
0,0,0.030208
0,0,0.0302688
0,0,0.0302801
0,0,0.0303056
0,0,0.0303164
0,0,0.0304694
0,0,0.0304819
0,0,0.0305133
0,0,0.0305204
0,0,0.0305289
0,0,0.0305402
0,0,0.0305455
0,0,0.0305457
0,0,0.0305628
0,0,0.0305723
0,0,0.0305791
0,0,0.0305876
0,0,0.0306435
0,0,0.0306492
0,0,0.0306847
0,0,0.0306985
0,0,0.0307395
0,0,0.030783
0,0,0.0308191
0,0,0.0308209
0,0,0.0308537
0,0,0.0309095
0,0,0.030947
0,0,0.0309473
0,0,0.0309692
0,0,0.0309736
0,0,0.031089
0,0,0.0311116
0,0,0.0311979
0,0,0.0312033
0,0,0.0312275
0,0,0.0312596
0,0,0.0312621
0,0,0.0312926
0,0,0.0313303
0,0,0.0313435
0,0,0.0313449
0,0,0.0313645
0,0,0.0314357
0,0,0.0314381
0,0,0.0314396
0,0,0.0315064
0,0,0.0316018
0,0,0.0316077
0,0,0.0316391
0,0,0.0316592
0,0,0.0316958
0,0,0.0317787
0,0,0.0318607
0,0,0.0318781
0,0,0.0318831
0,0,0.0318966
0,0,0.0319006
0,0,0.0319029
0,0,0.0319091
0,0,0.0319689
0,0,0.0319961
0,0,0.0320302
0,0,0.0320652
0,0,0.0320659
0,0,0.0320809
0,0,0.0320853
0,0,0.0321293
0,0,0.0321771
0,0,0.032184
0,0,0.0322093
0,0,0.0322337
0,0,0.0322432
0,0,0.0323877
0,0,0.0324383
0,0,0.0324452
0,0,0.032475
0,0,0.0324876
0,0,0.0325221
0,0,0.0325305
0,0,0.0325515
0,0,0.0326071
0,0,0.0326601
0,0,0.0327062
0,0,0.0327276
0,0,0.0327421
0,0,0.0327671
0,0,0.0327712
0,0,0.0327851
0,0,0.0328168
0,0,0.0328346
0,0,0.0328928
0,0,0.0328968
0,0,0.0329205
0,0,0.0329219
0,0,0.0329246
0,0,0.0330617
0,0,0.0330677
0,0,0.0330694
0,0,0.0330796
0,0,0.0331078
0,0,0.0331101
0,0,0.0331377
0,0,0.0331709
0,0,0.0331778
0,0,0.0333404
0,0,0.0333409
0,0,0.0333768
0,0,0.0333794
0,0,0.0333928
0,0,0.0334815
0,0,0.033489
0,0,0.0334948
0,0,0.033498
0,0,0.033517
0,0,0.0336046
0,0,0.0336229
0,0,0.0336238
0,0,0.0336389
0,0,0.0336828
0,0,0.0336869
0,0,0.0337975
0,0,0.0338035
0,0,0.0338265
0,0,0.0338412
0,0,0.033843
0,0,0.0338484
0,0,0.0338733
0,0,0.0338936
0,0,0.0339307
0,0,0.0339624
0,0,0.0339665
0,0,0.0340188
0,0,0.0340815
0,0,0.0341288
0,0,0.0341368
0,0,0.0341654
0,0,0.0341727
0,0,0.0341745
0,0,0.0342089
0,0,0.0342508
0,0,0.0343334
0,0,0.0343411
0,0,0.0343423
0,0,0.0343526
0,0,0.0343552
0,0,0.0343741
0,0,0.0343922
0,0,0.034404
0,0,0.0344138
0,0,0.0344582
0,0,0.034459
0,0,0.0344621
0,0,0.0345194
0,0,0.034596
0,0,0.0346145
0,0,0.0346778
0,0,0.0347526
0,0,0.0347936
0,0,0.0348046
0,0,0.0348659
0,0,0.0348829
0,0,0.0348985
0,0,0.0349327
0,0,0.0349889
0,0,0.0350662
0,0,0.0351102
0,0,0.0351109
0,0,0.0351217
0,0,0.035127
0,0,0.0351656
0,0,0.0352169
0,0,0.0352498
0,0,0.0352503
0,0,0.0352625
0,0,0.0352701
0,0,0.0352777
0,0,0.0353985
0,0,0.0354059
0,0,0.0354343
0,0,0.0354447
0,0,0.035505
0,0,0.0355644
0,0,0.0355725
0,0,0.0355824
0,0,0.035631
0,0,0.035687
0,0,0.0356964
0,0,0.0357487
0,0,0.0357965
0,0,0.0358088
0,0,0.035816
0,0,0.0358453
0,0,0.0358549
0,0,0.0358586
0,0,0.0358834
0,0,0.0359084
0,0,0.0359611
0,0,0.0360846
0,0,0.0361333
0,0,0.0361741
0,0,0.0361757
0,0,0.0362742
0,0,0.0362935
0,0,0.0363423
0,0,0.0364252
0,0,0.0365245
0,0,0.0365377
0,0,0.0366394
0,0,0.0367655
0,0,0.0367672
0,0,0.0367706
0,0,0.0367833
0,0,0.0368091
0,0,0.0368133
0,0,0.0368213
0,0,0.0368303
0,0,0.036833
0,0,0.0368862
0,0,0.0368889
0,0,0.0369244
0,0,0.036971
0,0,0.0370501
0,0,0.0370552
0,0,0.0370656
0,0,0.037102
0,0,0.0371366
0,0,0.0372165
0,0,0.0372591
0,0,0.037264
0,0,0.0372805
0,0,0.0373116
0,0,0.0373274
0,0,0.0373504
0,0,0.0373551
0,0,0.0373576
0,0,0.037422
0,0,0.0374407
0,0,0.0374675
0,0,0.03747
0,0,0.0374703
0,0,0.0374748
0,0,0.0376024
0,0,0.0376606
0,0,0.0377648
0,0,0.0377813
0,0,0.0377901
0,0,0.0378108
0,0,0.0378332
0,0,0.0378396
0,0,0.0379452
0,0,0.0379581
0,0,0.0379928
0,0,0.0379998
0,0,0.0380323
0,0,0.0380835
0,0,0.0381547
0,0,0.0381673
0,0,0.0381721
0,0,0.038251
0,0,0.0382687
0,0,0.0382881
0,0,0.0383045
0,0,0.0383401
0,0,0.0383951
0,0,0.0383986
0,0,0.0385094
0,0,0.0385178
0,0,0.0385192
0,0,0.038619
0,0,0.0386238
0,0,0.0387133
0,0,0.0387631
0,0,0.0388244
0,0,0.0389635
0,0,0.0390162
0,0,0.0390476
0,0,0.0390668
0,0,0.0390776
0,0,0.0391106
0,0,0.0391334
0,0,0.039135
0,0,0.0391397
0,0,0.0391903
0,0,0.0392459
0,0,0.039259
0,0,0.0392645
0,0,0.039299
0,0,0.0393164
0,0,0.0393286
0,0,0.0393336
0,0,0.0393523
0,0,0.0393916
0,0,0.0393969
0,0,0.0394371
0,0,0.0394734
0,0,0.0394835
0,0,0.0395282
0,0,0.039557
0,0,0.0395782
0,0,0.0395839
0,0,0.0396041
0,0,0.0396184
0,0,0.0396412
0,0,0.0396481
0,0,0.0396519
0,0,0.0396651
0,0,0.0396655
0,0,0.0396853
0,0,0.0397488
0,0,0.0397529
0,0,0.0397648
0,0,0.0397803
0,0,0.0397851
0,0,0.0397865
0,0,0.0398057
0,0,0.0398301
0,0,0.039872
0,0,0.0398727
0,0,0.039916
0,0,0.0399563
0,0,0.0399603
0,0,0.0399676
0,0,0.0399752
0,0,0.0399885
0,0,0.0400163
0,0,0.0400354
0,0,0.0400417
0,0,0.0401089
0,0,0.0401217
0,0,0.0401452
0,0,0.0402091
0,0,0.0402121
0,0,0.0402177
0,0,0.0402518
0,0,0.0402525
0,0,0.0402552
0,0,0.0402553
0,0,0.0402764
0,0,0.040283
0,0,0.0402834
0,0,0.0403048
0,0,0.0403754
0,0,0.040386
0,0,0.0403867
0,0,0.0404406
0,0,0.0405271
0,0,0.0405348
0,0,0.0406423
0,0,0.040655
0,0,0.0406772
0,0,0.0406962
0,0,0.040743
0,0,0.0407456
0,0,0.0407628
0,0,0.0407819
0,0,0.0408192
0,0,0.040838
0,0,0.0409243
0,0,0.040949
0,0,0.0409866
0,0,0.040991
0,0,0.0409926
0,0,0.0410457
0,0,0.0410755
0,0,0.0410998
0,0,0.0411057
0,0,0.0411198
0,0,0.0411908
0,0,0.0412079
0,0,0.0412597
0,0,0.0412752
0,0,0.0413088
0,0,0.0413728
0,0,0.0413966
0,0,0.0414705
0,0,0.0414983
0,0,0.0415179
0,0,0.0415487
0,0,0.0415585
0,0,0.0415696
0,0,0.0415734
0,0,0.0416174
0,0,0.0416799
0,0,0.0416909
0,0,0.0417089
0,0,0.0417211
0,0,0.0417302
0,0,0.0417436
0,0,0.0417556
0,0,0.041761
0,0,0.041856
0,0,0.0418731
0,0,0.0418744
0,0,0.0418789
0,0,0.0418963
0,0,0.0419279
0,0,0.0419286
0,0,0.04197
0,0,0.0420204
0,0,0.0420305
0,0,0.0420613
0,0,0.0420647
0,0,0.0420909
0,0,0.0421122
0,0,0.0421435
0,0,0.0421763
0,0,0.04218
0,0,0.0421883
0,0,0.0422192
0,0,0.0422389
0,0,0.042316
0,0,0.0423215
0,0,0.0423221
0,0,0.0423294
0,0,0.0423428
0,0,0.0423447
0,0,0.0423644
0,0,0.0424378
0,0,0.0425098
0,0,0.042512
0,0,0.0425248
0,0,0.0425461
0,0,0.0425577
0,0,0.0426028
0,0,0.0426391
0,0,0.0426502
0,0,0.0426642
0,0,0.0426648
0,0,0.0426895
0,0,0.0426942
0,0,0.0427149
0,0,0.0427163
0,0,0.0428066
0,0,0.0428108
0,0,0.0428211
0,0,0.0428336
0,0,0.0428596
0,0,0.0428944
0,0,0.0428946
0,0,0.0428978
0,0,0.0429455
0,0,0.0430196
0,0,0.0430722
0,0,0.043077
0,0,0.0430909
0,0,0.0431119
0,0,0.0431286
0,0,0.0431307
0,0,0.0431515
0,0,0.0431753
0,0,0.043183
0,0,0.0431916
0,0,0.0431934
0,0,0.0432094
0,0,0.0432699
0,0,0.0433093
0,0,0.0433319
0,0,0.0433344
0,0,0.0433364
0,0,0.0433747
0,0,0.0434052
0,0,0.0434081
0,0,0.0434322
0,0,0.043539
0,0,0.0435681
0,0,0.0435741
0,0,0.0436209
0,0,0.0436379
0,0,0.0436557
0,0,0.0436627
0,0,0.0436753
0,0,0.0437528
0,0,0.0437929
0,0,0.0438308
0,0,0.0438417
0,0,0.0438519
0,0,0.0438592
0,0,0.0438663
0,0,0.0438821
0,0,0.0439694
0,0,0.0439824
0,0,0.0439902
0,0,0.0440125
0,0,0.0440505
0,0,0.0440552
0,0,0.0440626
0,0,0.0440678
0,0,0.04409
0,0,0.0441097
0,0,0.0441782
0,0,0.0442407
0,0,0.0442889
0,0,0.0442912
0,0,0.0442929
0,0,0.0443255
0,0,0.0443288
0,0,0.0443352
0,0,0.044374
0,0,0.044378
0,0,0.0443942
0,0,0.0444003
0,0,0.0444008
0,0,0.0444456
0,0,0.0444541
0,0,0.044533
0,0,0.0445823
0,0,0.0446055
0,0,0.0446103
0,0,0.0447349
0,0,0.044768
0,0,0.0447799
0,0,0.0447831
0,0,0.0447939
0,0,0.0447995
0,0,0.0448162
0,0,0.044826
0,0,0.0448264
0,0,0.0448822
0,0,0.0449252
0,0,0.0449739
0,0,0.0449922
0,0,0.0449949
0,0,0.0450095
0,0,0.0450224
0,0,0.0450834
0,0,0.0450883
0,0,0.0450946
0,0,0.0451119
0,0,0.0452239
0,0,0.0452253
0,0,0.0452369
0,0,0.0452548
0,0,0.0452612
0,0,0.0452737
0,0,0.0452918
0,0,0.0453135
0,0,0.0453556
0,0,0.0453621
0,0,0.0453709
0,0,0.0453893
0,0,0.0454531
0,0,0.0454678
0,0,0.0454776
0,0,0.0455294
0,0,0.0456128
0,0,0.0456501
0,0,0.0456933
0,0,0.0456975
0,0,0.0457439
0,0,0.045754
0,0,0.0457572
0,0,0.0457653
0,0,0.0457687
0,0,0.0457759
0,0,0.0457909
0,0,0.0458043
0,0,0.0458784
0,0,0.0459026
0,0,0.0459476
0,0,0.0459733
0,0,0.0460334
0,0,0.0460518
0,0,0.0460543
0,0,0.0460667
0,0,0.0460876
0,0,0.046122
0,0,0.0461334
0,0,0.0461334
0,0,0.0461414
0,0,0.0461598
0,0,0.0461854
0,0,0.0461868
0,0,0.0462045
0,0,0.0462507
0,0,0.0462563
0,0,0.0463188
0,0,0.046337
0,0,0.0463396
0,0,0.0463415
0,0,0.0463763
0,0,0.0463876
0,0,0.0463949
0,0,0.0464314
0,0,0.0464961
0,0,0.0465283
0,0,0.0465309
0,0,0.0465782
0,0,0.0465817
0,0,0.0466406
0,0,0.0466453
0,0,0.0466885
0,0,0.0466907
0,0,0.0466958
0,0,0.0467011
0,0,0.0467234
0,0,0.0467284
0,0,0.0467309
0,0,0.0467365
0,0,0.0467436
0,0,0.0467596
0,0,0.0467634
0,0,0.046766
0,0,0.0467667
0,0,0.0468014
0,0,0.046847
0,0,0.0468895
0,0,0.0469225
0,0,0.046934
0,0,0.0469565
0,0,0.0469788
0,0,0.047185
0,0,0.0471884
0,0,0.0472343
0,0,0.0472652
0,0,0.047285
0,0,0.0473225
0,0,0.0473255
0,0,0.047343
0,0,0.0473486
0,0,0.0473502
0,0,0.0473659
0,0,0.0473913
0,0,0.0474001
0,0,0.0474585
0,0,0.0475102
0,0,0.0475273
0,0,0.0475333
0,0,0.0475697
0,0,0.0475873
0,0,0.0476231
0,0,0.0476314
0,0,0.0476534
0,0,0.0476842
0,0,0.047802
0,0,0.0478046
0,0,0.0478139
0,0,0.0478186
0,0,0.0478281
0,0,0.0478896
0,0,0.0479502
0,0,0.0479633
0,0,0.0479732
0,0,0.0479834
0,0,0.0479919
0,0,0.0480135
0,0,0.0480144
0,0,0.0480159
0,0,0.0480803
0,0,0.0481125
0,0,0.0481288
0,0,0.0481325
0,0,0.048188
0,0,0.048219
0,0,0.0482192
0,0,0.0482253
0,0,0.0482317
0,0,0.0482839
0,0,0.048287
0,0,0.0483061
0,0,0.0483431
0,0,0.0484372
0,0,0.0484772
0,0,0.0485393
0,0,0.0485397
0,0,0.0485892
0,0,0.0486355
0,0,0.0486384
0,0,0.0486425
0,0,0.0486641
0,0,0.0486845
0,0,0.0487203
0,0,0.0487203
0,0,0.0487507
0,0,0.0487524
0,0,0.0487791
0,0,0.0487933
0,0,0.0487953
0,0,0.048952
0,0,0.0489932
0,0,0.0489946
0,0,0.0490865
0,0,0.0490966
0,0,0.0491068
0,0,0.0491125
0,0,0.0491316
0,0,0.0491454
0,0,0.0491518
0,0,0.0491581
0,0,0.0491689
0,0,0.0491836
0,0,0.0492064
0,0,0.0492089
0,0,0.0492153
0,0,0.0492502
0,0,0.049254
0,0,0.0492924
0,0,0.0493335
0,0,0.0493607
0,0,0.049368
0,0,0.049389
0,0,0.0496039
0,0,0.0496248
0,0,0.0496435
0,0,0.0496606
0,0,0.0496865
0,0,0.0497282
0,0,0.0497786
0,0,0.0497896
0,0,0.0497905
0,0,0.0498265
0,0,0.0498315
0,0,0.0498341
0,0,0.0498734
0,0,0.049901
0,0,0.049934
0,0,0.0499342
0,0,0.0499486
0,0,0.0500046
0,0,0.05002
0,0,0.0500242
0,0,0.050039
0,0,0.0500594
0,0,0.0501216
0,0,0.050139
0,0,0.0501527
0,0,0.0501714
0,0,0.0501889
0,0,0.0502334
0,0,0.0502855
0,0,0.0502883
0,0,0.050292
0,0,0.0503252
0,0,0.0503436
0,0,0.0503847
0,0,0.0504583
0,0,0.050465
0,0,0.050466
0,0,0.050529
0,0,0.0505347
0,0,0.0505876
0,0,0.0506011
0,0,0.0506666
0,0,0.0507171
0,0,0.0507526
0,0,0.0508012
0,0,0.0508026
0,0,0.0508617
0,0,0.0508659
0,0,0.0508971
0,0,0.0509356
0,0,0.0509453
0,0,0.0509676
0,0,0.0509972
0,0,0.0510415
0,0,0.051058
0,0,0.0511159
0,0,0.0511165
0,0,0.05118
0,0,0.0511931
0,0,0.0512176
0,0,0.0512218
0,0,0.0512251
0,0,0.0512313
0,0,0.051233
0,0,0.0512624
0,0,0.0512718
0,0,0.0513016
0,0,0.0513076
0,0,0.0513147
0,0,0.0513262
0,0,0.0513354
0,0,0.051369
0,0,0.0514179
0,0,0.0514335
0,0,0.0514407
0,0,0.0514472
0,0,0.0515345
0,0,0.0515437
0,0,0.0516453
0,0,0.051665
0,0,0.05169
0,0,0.0516926
0,0,0.051704
0,0,0.0517047
0,0,0.0517474
0,0,0.0517888
0,0,0.0518347
0,0,0.0518702
0,0,0.0518902
0,0,0.05193
0,0,0.051941
0,0,0.0520348
0,0,0.0520553
0,0,0.0520615
0,0,0.0520872
0,0,0.0521838
0,0,0.052223
0,0,0.0522335
0,0,0.0522364
0,0,0.0522396
0,0,0.0522693
0,0,0.0522798
0,0,0.0522923
0,0,0.0523099
0,0,0.0523264
0,0,0.0523309
0,0,0.0523708
0,0,0.0523803
0,0,0.0523849
0,0,0.0523899
0,0,0.0524056
0,0,0.0524228
0,0,0.0524325
0,0,0.0524606
0,0,0.0524987
0,0,0.0525265
0,0,0.0525496
0,0,0.0525598
0,0,0.0525624
0,0,0.0526052
0,0,0.0526178
0,0,0.0526204
0,0,0.0526374
0,0,0.0526576
0,0,0.0526856
0,0,0.0526901
0,0,0.0527147
0,0,0.0527568
0,0,0.0528473
0,0,0.0528473
0,0,0.0528488
0,0,0.0528936
0,0,0.0529528
0,0,0.0529667
0,0,0.0529722
0,0,0.052986
0,0,0.0530166
0,0,0.0530388
0,0,0.053055
0,0,0.0530657
0,0,0.0530704
0,0,0.0531009
0,0,0.0531127
0,0,0.053127
0,0,0.053152
0,0,0.0531579
0,0,0.053168
0,0,0.0531937
0,0,0.0532806
0,0,0.0532894
0,0,0.0533032
0,0,0.0533091
0,0,0.0533804
0,0,0.0533976
0,0,0.0534175
0,0,0.0534437
0,0,0.053451
0,0,0.0534713
0,0,0.0534735
0,0,0.0534777
0,0,0.0535059
0,0,0.0535199
0,0,0.0535527
0,0,0.0536045
0,0,0.0536099
0,0,0.0536182
0,0,0.0536798
0,0,0.053731
0,0,0.0537502
0,0,0.0537862
0,0,0.0537908
0,0,0.0537966
0,0,0.0538058
0,0,0.0538437
0,0,0.0538443
0,0,0.0538641
0,0,0.0539339
0,0,0.0539439
0,0,0.0539698
0,0,0.0540004
0,0,0.0540266
0,0,0.0540348
0,0,0.0541107
0,0,0.0541352
0,0,0.0541483
0,0,0.0541524
0,0,0.0541759
0,0,0.0542173
0,0,0.0542561
0,0,0.0542563
0,0,0.05428
0,0,0.0543032
0,0,0.0543252
0,0,0.0543609
0,0,0.0543648
0,0,0.0543832
0,0,0.0544395
0,0,0.0544624
0,0,0.0544631
0,0,0.0544885
0,0,0.0544952
0,0,0.0545468
0,0,0.0545674
0,0,0.0546796
0,0,0.054707
0,0,0.054744
0,0,0.0547521
0,0,0.0547551
0,0,0.0547618
0,0,0.0548003
0,0,0.0548298
0,0,0.0548457
0,0,0.0548719
0,0,0.0549422
0,0,0.054955
0,0,0.0549643
0,0,0.0549651
0,0,0.0549673
0,0,0.0549703
0,0,0.054979
0,0,0.0550066
0,0,0.0550291
0,0,0.0550339
0,0,0.0550505
0,0,0.0551547
0,0,0.0551549
0,0,0.0551619
0,0,0.0551773
0,0,0.0551878
0,0,0.055198
0,0,0.0552501
0,0,0.0552672
0,0,0.0552711
0,0,0.0553272
0,0,0.0553294
0,0,0.0553558
0,0,0.0553574
0,0,0.0553936
0,0,0.0554437
0,0,0.0554893
0,0,0.0555292
0,0,0.0556074
0,0,0.0556427
0,0,0.0556456
0,0,0.0556815
0,0,0.0557202
0,0,0.0557612
0,0,0.0557724
0,0,0.0557843
0,0,0.0557884
0,0,0.0557948
0,0,0.0557975
0,0,0.0558235
0,0,0.0558647
0,0,0.05601
0,0,0.0560147
0,0,0.0560352
0,0,0.0560391
0,0,0.0560708
0,0,0.0560993
0,0,0.0561034
0,0,0.0561176
0,0,0.0561668
0,0,0.0562134
0,0,0.0562414
0,0,0.0562465
0,0,0.0563724
0,0,0.0563745
0,0,0.0564104
0,0,0.0564226
0,0,0.0564559
0,0,0.0564797
0,0,0.0564902
0,0,0.0565058
0,0,0.0565153
0,0,0.0566022
0,0,0.0566398
0,0,0.056668
0,0,0.0566736
0,0,0.0566985
0,0,0.0570305
0,0,0.0570375
0,0,0.0570412
0,0,0.0570551
0,0,0.0571014
0,0,0.057104
0,0,0.0571126
0,0,0.0571207
0,0,0.0571514
0,0,0.0571987
0,0,0.0572425
0,0,0.0572532
0,0,0.0573505
0,0,0.0573517
0,0,0.0573641
0,0,0.0573886
0,0,0.0573996
0,0,0.057461
0,0,0.0574728
0,0,0.057547
0,0,0.0575624
0,0,0.0576394
0,0,0.0576523
0,0,0.0576713
0,0,0.0576837
0,0,0.0577197
0,0,0.0577476
0,0,0.0577895
0,0,0.0578258
0,0,0.0578997
0,0,0.057914
0,0,0.0579151
0,0,0.0579172
0,0,0.0579345
0,0,0.0579557
0,0,0.0579981
0,0,0.0580484
0,0,0.0580843
0,0,0.0580885
0,0,0.0581092
0,0,0.0581626
0,0,0.0581652
0,0,0.0581806
0,0,0.0581971
0,0,0.0582603
0,0,0.0583307
0,0,0.0583489
0,0,0.0583991
0,0,0.0583992
0,0,0.0584028
0,0,0.0584149
0,0,0.058505
0,0,0.0585066
0,0,0.0585177
0,0,0.0585455
0,0,0.0585473
0,0,0.0585723
0,0,0.0585852
0,0,0.0586094
0,0,0.0586249
0,0,0.0586359
0,0,0.0586488
0,0,0.0586539
0,0,0.0586609
0,0,0.0586614
0,0,0.0586752
0,0,0.0587071
0,0,0.0587149
0,0,0.0587162
0,0,0.0587223
0,0,0.0587357
0,0,0.0587422
0,0,0.0587435
0,0,0.0587451
0,0,0.0587758
0,0,0.0588038
0,0,0.0588349
0,0,0.0588362
0,0,0.0588599
0,0,0.0589059
0,0,0.0589064
0,0,0.0589837
0,0,0.0590914
0,0,0.059097
0,0,0.0591064
0,0,0.0591688
0,0,0.0591753
0,0,0.0591959
0,0,0.0592034
0,0,0.059206
0,0,0.0592106
0,0,0.0592217
0,0,0.0592241
0,0,0.0592492
0,0,0.059258
0,0,0.0592759
0,0,0.0592764
0,0,0.0592894
0,0,0.0593269
0,0,0.0593523
0,0,0.0593533
0,0,0.0593645
0,0,0.0593677
0,0,0.0593767
0,0,0.0593769
0,0,0.0594158
0,0,0.0594611
0,0,0.0594698
0,0,0.0595345
0,0,0.0595555
0,0,0.0595848
0,0,0.0596401
0,0,0.0596501
0,0,0.0596641
0,0,0.0596799
0,0,0.0597313
0,0,0.0597315
0,0,0.0597316
0,0,0.0597458
0,0,0.0597509
0,0,0.0597733
0,0,0.0597806
0,0,0.059815
0,0,0.059824
0,0,0.0598534
0,0,0.0598912
0,0,0.059906
0,0,0.0599236
0,0,0.0599443
0,0,0.0599851
0,0,0.0599879
0,0,0.0600094
0,0,0.0600363
0,0,0.0600649
0,0,0.0600657
0,0,0.0600777
0,0,0.0600845
0,0,0.0600989
0,0,0.0601143
0,0,0.060169
0,0,0.0601844
0,0,0.0602222
0,0,0.0602274
0,0,0.0602484
0,0,0.0602568
0,0,0.060303
0,0,0.0603761
0,0,0.0604677
0,0,0.0604774
0,0,0.0604818
0,0,0.0604986
0,0,0.0604999
0,0,0.0605237
0,0,0.0605332
0,0,0.0605343
0,0,0.0605683
0,0,0.0605763
0,0,0.0606062
0,0,0.060629
0,0,0.060708
0,0,0.0607489
0,0,0.0607592
0,0,0.0608352
0,0,0.0608352
0,0,0.0608409
0,0,0.0608668
0,0,0.0608802
0,0,0.0608936
0,0,0.0609055
0,0,0.0610007
0,0,0.0610095
0,0,0.0610263
0,0,0.0610362
0,0,0.0610998
0,0,0.0611132
0,0,0.0611609
0,0,0.0611752
0,0,0.0611809
0,0,0.0611819
0,0,0.0611988
0,0,0.0612019
0,0,0.0612376
0,0,0.0612466
0,0,0.061286
0,0,0.0613376
0,0,0.0613456
0,0,0.0613463
0,0,0.0613732
0,0,0.0613874
0,0,0.0614133
0,0,0.0614146
0,0,0.0614569
0,0,0.061476
0,0,0.0614773
0,0,0.0615016
0,0,0.0615068
0,0,0.0615262
0,0,0.0615837
0,0,0.0615886
0,0,0.0616161
0,0,0.0616174
0,0,0.0616514
0,0,0.0616596
0,0,0.0617109
0,0,0.0617703
0,0,0.0617931
0,0,0.0618292
0,0,0.0618564
0,0,0.0618852
0,0,0.0619068
0,0,0.0619146
0,0,0.0619178
0,0,0.061932
0,0,0.0619641
0,0,0.0619756
0,0,0.0619757
0,0,0.0619914
0,0,0.0620412
0,0,0.0620805
0,0,0.0620942
0,0,0.062134
0,0,0.062166
0,0,0.0621953
0,0,0.062198
0,0,0.0622152
0,0,0.0622401
0,0,0.0622721
0,0,0.0622941
0,0,0.0623052
0,0,0.0624021
0,0,0.0624337
0,0,0.0624397
0,0,0.0624397
0,0,0.0624678
0,0,0.0625222
0,0,0.0625239
0,0,0.0625451
0,0,0.0625733
0,0,0.0625897
0,0,0.0625996
0,0,0.0626135
0,0,0.0626579
0,0,0.0626728
0,0,0.0626898
0,0,0.0627495
0,0,0.0627716
0,0,0.0628031
0,0,0.0628065
0,0,0.0628427
0,0,0.0628608
0,0,0.0629078
0,0,0.0629158
0,0,0.0629369
0,0,0.0629376
0,0,0.0629528
0,0,0.0629682
0,0,0.0630468
0,0,0.0630643
0,0,0.063105
0,0,0.0631675
0,0,0.0632024
0,0,0.0632031
0,0,0.0632048
0,0,0.0632323
0,0,0.0632358
0,0,0.0632534
0,0,0.063275
0,0,0.0633416
0,0,0.0633657
0,0,0.0633955
0,0,0.0633963
0,0,0.0634503
0,0,0.0634516
0,0,0.0635105
0,0,0.0635394
0,0,0.0635574
0,0,0.0635992
0,0,0.0636113
0,0,0.0636115
0,0,0.0636386
0,0,0.063639
0,0,0.0636718
0,0,0.0636776
0,0,0.063683
0,0,0.0636901
0,0,0.0636973
0,0,0.063719
0,0,0.0637469
0,0,0.0637491
0,0,0.0637585
0,0,0.0637621
0,0,0.0638038
0,0,0.0638093
0,0,0.0638157
0,0,0.0638206
0,0,0.0638575
0,0,0.0639327
0,0,0.0639562
0,0,0.0639656
0,0,0.0639665
0,0,0.0640304
0,0,0.0640651
0,0,0.0640656
0,0,0.0640691
0,0,0.0640829
0,0,0.0640937
0,0,0.064096
0,0,0.0641163
0,0,0.0641344
0,0,0.0641557
0,0,0.0641776
0,0,0.0641831
0,0,0.0642161
0,0,0.0642193
0,0,0.0642382
0,0,0.0642548
0,0,0.0642555
0,0,0.0642635
0,0,0.064284
0,0,0.0643562
0,0,0.0644036
0,0,0.064405
0,0,0.0644566
0,0,0.0645249
0,0,0.0645626
0,0,0.0645763
0,0,0.0645931
0,0,0.0646074
0,0,0.0646153
0,0,0.064675
0,0,0.0646934
0,0,0.0647049
0,0,0.0647483
0,0,0.0647549
0,0,0.0647689
0,0,0.0647797
0,0,0.0647957
0,0,0.0648696
0,0,0.0648825
0,0,0.0649348
0,0,0.064941
0,0,0.0649638
0,0,0.0649669
0,0,0.064988
0,0,0.0650912
0,0,0.0650991
0,0,0.0651422
0,0,0.0652212
0,0,0.0652343
0,0,0.0652425
0,0,0.0653316
0,0,0.065341
0,0,0.065344
0,0,0.0653447
0,0,0.0653508
0,0,0.0653775
0,0,0.065441
0,0,0.0655038
0,0,0.065538
0,0,0.0655639
0,0,0.0655868
0,0,0.0656475
0,0,0.0656618
0,0,0.0656791
0,0,0.0657509
0,0,0.0657681
0,0,0.065839
0,0,0.0658494
0,0,0.0658535
0,0,0.0658712
0,0,0.0659004
0,0,0.0659471
0,0,0.0659681
0,0,0.0659932
0,0,0.066041
0,0,0.0660857
0,0,0.0660937
0,0,0.0661024
0,0,0.0661096
0,0,0.0661885
0,0,0.0662293
0,0,0.0662435
0,0,0.0662534
0,0,0.0662571
0,0,0.0663125
0,0,0.0663489
0,0,0.0664393
0,0,0.0664702
0,0,0.0666018
0,0,0.0666137
0,0,0.066675
0,0,0.0667062
0,0,0.0667254
0,0,0.0667359
0,0,0.0667872
0,0,0.0667873
0,0,0.0668031
0,0,0.0668374
0,0,0.0668621
0,0,0.066895
0,0,0.0669346
0,0,0.0669461
0,0,0.0669468
0,0,0.0669984
0,0,0.067013
0,0,0.0670157
0,0,0.0670271
0,0,0.0670428
0,0,0.0670504
0,0,0.0670511
0,0,0.0670562
0,0,0.0671098
0,0,0.0671722
0,0,0.0671797
0,0,0.067194
0,0,0.0672313
0,0,0.0672355
0,0,0.0672372
0,0,0.0672492
0,0,0.0672938
0,0,0.0673125
0,0,0.0673266
0,0,0.0673369
0,0,0.0673726
0,0,0.0673742
0,0,0.0674005
0,0,0.0674354
0,0,0.0674838
0,0,0.067512
0,0,0.0675666
0,0,0.0675863
0,0,0.0676491
0,0,0.0677454
0,0,0.067747
0,0,0.0677581
0,0,0.0678089
0,0,0.0678628
0,0,0.0678735
0,0,0.0679084
0,0,0.0679492
0,0,0.0679907
0,0,0.0680181
0,0,0.0680266
0,0,0.0680315
0,0,0.0680736
0,0,0.0681136
0,0,0.0681469
0,0,0.0681504
0,0,0.0681973
0,0,0.0682269
0,0,0.0682542
0,0,0.068269
0,0,0.0683342
0,0,0.06835
0,0,0.0683844
0,0,0.0684199
0,0,0.0684419
0,0,0.0684488
0,0,0.0684875
0,0,0.0685531
0,0,0.0685852
0,0,0.0686101
0,0,0.0687274
0,0,0.0687465
0,0,0.0688347
0,0,0.0688383
0,0,0.0689134
0,0,0.0689472
0,0,0.0689637
0,0,0.0689835
0,0,0.0690031
0,0,0.0690526
0,0,0.069065
0,0,0.0690958
0,0,0.0691043
0,0,0.0691458
0,0,0.069208
0,0,0.0692267
0,0,0.0692287
0,0,0.0692623
0,0,0.0693647
0,0,0.0693752
0,0,0.0693963
0,0,0.0694065
0,0,0.0694103
0,0,0.0694219
0,0,0.0694257
0,0,0.0694944
0,0,0.0694967
0,0,0.0695159
0,0,0.0695736
0,0,0.0695897
0,0,0.0696309
0,0,0.0697143
0,0,0.0697959
0,0,0.0697985
0,0,0.0698333
0,0,0.069838
0,0,0.0698611
0,0,0.0698744
0,0,0.069918
0,0,0.0699497
0,0,0.0700042
0,0,0.0700185
0,0,0.0700758
0,0,0.0700889
0,0,0.0700907
0,0,0.0701023
0,0,0.0701223
0,0,0.0701609
0,0,0.0701827
0,0,0.0702136
0,0,0.07023
0,0,0.0702387
0,0,0.0702456
0,0,0.0702675
0,0,0.0702705
0,0,0.0702934
0,0,0.0703396
0,0,0.0703626
0,0,0.0703928
0,0,0.070407
0,0,0.070465
0,0,0.0705096
0,0,0.0705349
0,0,0.070543
0,0,0.070578
0,0,0.070584
0,0,0.0706807
0,0,0.0706995
0,0,0.0707156
0,0,0.0707337
0,0,0.0707637
0,0,0.0708363
0,0,0.0709027
0,0,0.0709187
0,0,0.0709381
0,0,0.0709905
0,0,0.0710477
0,0,0.0710911
0,0,0.0711039
0,0,0.0711063
0,0,0.0711631
0,0,0.0711846
0,0,0.0711961
0,0,0.0712241
0,0,0.0712381
0,0,0.0712429
0,0,0.0712556
0,0,0.0712638
0,0,0.0712668
0,0,0.0713419
0,0,0.0713706
0,0,0.0713906
0,0,0.0715907
0,0,0.0716148
0,0,0.0716268
0,0,0.0717229
0,0,0.0717302
0,0,0.0717312
0,0,0.0717422
0,0,0.0717603
0,0,0.0717737
0,0,0.0717877
0,0,0.0717967
0,0,0.0717979
0,0,0.0718444
0,0,0.0718555
0,0,0.0719263
0,0,0.0719578
0,0,0.0719608
0,0,0.0719664
0,0,0.0720013
0,0,0.0720289
0,0,0.0721315
0,0,0.0721566
0,0,0.0721919
0,0,0.0722003
0,0,0.0722741
0,0,0.072275
0,0,0.0723103
0,0,0.0723219
0,0,0.0724028
0,0,0.0724264
0,0,0.0725616
0,0,0.0726299
0,0,0.0726403
0,0,0.0726561
0,0,0.0726643
0,0,0.0726899
0,0,0.0726943
0,0,0.0727154
0,0,0.0727952
0,0,0.0727968
0,0,0.0728306
0,0,0.0728564
0,0,0.0728779
0,0,0.0729414
0,0,0.0729459
0,0,0.072975
0,0,0.0730256
0,0,0.073085
0,0,0.0732297
0,0,0.073253
0,0,0.0732966
0,0,0.0733268
0,0,0.073369
0,0,0.0733721
0,0,0.0733887
0,0,0.0734114
0,0,0.0734158
0,0,0.0734275
0,0,0.0734365
0,0,0.0734596
0,0,0.073467
0,0,0.0735078
0,0,0.0735085
0,0,0.0736387
0,0,0.0736467
0,0,0.0737073
0,0,0.0737561
0,0,0.0737639
0,0,0.0737675
0,0,0.0737849
0,0,0.0738514
0,0,0.0738569
0,0,0.0738574
0,0,0.0738628
0,0,0.0738959
0,0,0.0739558
0,0,0.0740874
0,0,0.074108
0,0,0.074135
0,0,0.0742967
0,0,0.0743057
0,0,0.07434
0,0,0.0744187
0,0,0.0745839
0,0,0.0745947
0,0,0.074652
0,0,0.0747233
0,0,0.0747627
0,0,0.074823
0,0,0.0748289
0,0,0.0748696
0,0,0.0749067
0,0,0.0749243
0,0,0.0749326
0,0,0.0749454
0,0,0.0749705
0,0,0.0750819
0,0,0.0751466
0,0,0.0751567
0,0,0.0751652
0,0,0.0751775
0,0,0.0751977
0,0,0.0751988
0,0,0.075218
0,0,0.0752786
0,0,0.0753498
0,0,0.0754348
0,0,0.0754506
0,0,0.0754827
0,0,0.075491
0,0,0.0754999
0,0,0.0755222
0,0,0.0755268
0,0,0.0755395
0,0,0.0755811
0,0,0.0755979
0,0,0.0756038
0,0,0.0757493
0,0,0.0757525
0,0,0.0757627
0,0,0.0758611
0,0,0.0758857
0,0,0.0759005
0,0,0.0759653
0,0,0.0759958
0,0,0.0760167
0,0,0.0760585
0,0,0.0760788
0,0,0.0761034
0,0,0.0761316
0,0,0.0761393
0,0,0.0761398
0,0,0.0761664
0,0,0.0761739
0,0,0.0761758
0,0,0.0761779
0,0,0.0762273
0,0,0.0762423
0,0,0.0762474
0,0,0.076274
0,0,0.0762927
0,0,0.076298
0,0,0.0762982
0,0,0.0763021
0,0,0.0763295
0,0,0.0763767
0,0,0.0763954
0,0,0.0764011
0,0,0.0764072
0,0,0.0764075
0,0,0.0765005
0,0,0.0765287
0,0,0.0765335
0,0,0.0765767
0,0,0.0765832
0,0,0.0766759
0,0,0.0767135
0,0,0.0767319
0,0,0.076792
0,0,0.0768271
0,0,0.0768577
0,0,0.0768686
0,0,0.0768875
0,0,0.0768925
0,0,0.0769534
0,0,0.0769617
0,0,0.0769681
0,0,0.0769789
0,0,0.0770282
0,0,0.0770336
0,0,0.0770461
0,0,0.0770506
0,0,0.0770577
0,0,0.0771093
0,0,0.0771124
0,0,0.0771222
0,0,0.0771399
0,0,0.0771685
0,0,0.0771716
0,0,0.077194
0,0,0.0772565
0,0,0.0774094
0,0,0.0776122
0,0,0.0776557
0,0,0.0776872
0,0,0.0776925
0,0,0.0777488
0,0,0.0777611
0,0,0.0777722
0,0,0.0777865
0,0,0.0777939
0,0,0.0778687
0,0,0.07788
0,0,0.0779057
0,0,0.0779739
0,0,0.0779891
0,0,0.0780294
0,0,0.0781725
0,0,0.0782204
0,0,0.0782652
0,0,0.0783787
0,0,0.0784379
0,0,0.0784472
0,0,0.0784825
0,0,0.0785095
0,0,0.0785267
0,0,0.0786616
0,0,0.0786909
0,0,0.0787211
0,0,0.0787322
0,0,0.0787907
0,0,0.0787997
0,0,0.0788769
0,0,0.0789515
0,0,0.0789588
0,0,0.0790326
0,0,0.0790512
0,0,0.0790822
0,0,0.0791282
0,0,0.0791611
0,0,0.0792004
0,0,0.0792068
0,0,0.0793175
0,0,0.0793269
0,0,0.0793568
0,0,0.0793786
0,0,0.0794525
0,0,0.0794728
0,0,0.0795115
0,0,0.0795136
0,0,0.0795647
0,0,0.0795926
0,0,0.0796124
0,0,0.0796187
0,0,0.0797096
0,0,0.0797112
0,0,0.0797199
0,0,0.0797854
0,0,0.0797941
0,0,0.0799445
0,0,0.0799643
0,0,0.0799848
0,0,0.0800045
0,0,0.0800079
0,0,0.0800496
0,0,0.0800816
0,0,0.0800825
0,0,0.0801086
0,0,0.0801307
0,0,0.0801382
0,0,0.0801404
0,0,0.0801802
0,0,0.0801996
0,0,0.0802574
0,0,0.0802765
0,0,0.0803197
0,0,0.0803234
0,0,0.0803365
0,0,0.0803524
0,0,0.0803805
0,0,0.080383
0,0,0.0803858
0,0,0.0805787
0,0,0.080581
0,0,0.08066
0,0,0.0806835
0,0,0.0806889
0,0,0.080724
0,0,0.0808434
0,0,0.0808544
0,0,0.0808615
0,0,0.0809017
0,0,0.0809268
0,0,0.0809563
0,0,0.0810135
0,0,0.0810159
0,0,0.0810737
0,0,0.0811201
0,0,0.0811419
0,0,0.081144
0,0,0.0811794
0,0,0.0811831
0,0,0.0812816
0,0,0.0813257
0,0,0.0813583
0,0,0.0813942
0,0,0.0814404
0,0,0.0814917
0,0,0.081601
0,0,0.0817021
0,0,0.0817159
0,0,0.0817581
0,0,0.0818543
0,0,0.0818595
0,0,0.0818598
0,0,0.0818997
0,0,0.0819445
0,0,0.0820108
0,0,0.0820232
0,0,0.0821605
0,0,0.0821668
0,0,0.0822142
0,0,0.0822184
0,0,0.0822298
0,0,0.0822407
0,0,0.0822572
0,0,0.082267
0,0,0.0823128
0,0,0.0823258
0,0,0.0823369
0,0,0.0823769
0,0,0.0824218
0,0,0.0824283
0,0,0.082483
0,0,0.0825337
0,0,0.0825696
0,0,0.0825918
0,0,0.0826076
0,0,0.0827102
0,0,0.0827335
0,0,0.0827391
0,0,0.0827793
0,0,0.0828077
0,0,0.082819
0,0,0.0828769
0,0,0.0829085
0,0,0.0829191
0,0,0.0829322
0,0,0.0829784
0,0,0.0830614
0,0,0.0830696
0,0,0.0831444
0,0,0.0831971
0,0,0.0832139
0,0,0.0832717
0,0,0.0833794
0,0,0.0834037
0,0,0.0835574
0,0,0.0835887
0,0,0.0835982
0,0,0.0837213
0,0,0.0837486
0,0,0.0837594
0,0,0.0838686
0,0,0.083876
0,0,0.0838783
0,0,0.0839185
0,0,0.0839526
0,0,0.0840285
0,0,0.0841265
0,0,0.0842095
0,0,0.0842448
0,0,0.0842479
0,0,0.0842594
0,0,0.0842955
0,0,0.0843587
0,0,0.0843949
0,0,0.0844001
0,0,0.0844054
0,0,0.0844259
0,0,0.0845815
0,0,0.084604
0,0,0.0846126
0,0,0.0846338
0,0,0.0847564
0,0,0.0847599
0,0,0.0848107
0,0,0.0848438
0,0,0.0848505
0,0,0.0849332
0,0,0.0850258
0,0,0.0850283
0,0,0.0850873
0,0,0.0851012
0,0,0.0851663
0,0,0.085175
0,0,0.0852403
0,0,0.0853167
0,0,0.0854278
0,0,0.0854407
0,0,0.0854651
0,0,0.0854888
0,0,0.0855426
0,0,0.0855467
0,0,0.0855931
0,0,0.0856948
0,0,0.0858409
0,0,0.0858439
0,0,0.0858541
0,0,0.0858581
0,0,0.0859441
0,0,0.0859666
0,0,0.0860506
0,0,0.0860578
0,0,0.0861434
0,0,0.086162
0,0,0.0863979
0,0,0.0864295
0,0,0.0864745
0,0,0.0865369
0,0,0.0865641
0,0,0.0865987
0,0,0.0866191
0,0,0.0866296
0,0,0.0866795
0,0,0.0867116
0,0,0.0867514
0,0,0.0867675
0,0,0.086833
0,0,0.0868491
0,0,0.0869702
0,0,0.0869956
0,0,0.087108
0,0,0.0871459
0,0,0.0872174
0,0,0.0872344
0,0,0.0872395
0,0,0.0872638
0,0,0.0873771
0,0,0.0874339
0,0,0.0875078
0,0,0.0875332
0,0,0.087548
0,0,0.0875869
0,0,0.0876908
0,0,0.0877006
0,0,0.0877058
0,0,0.0877327
0,0,0.0877478
0,0,0.0878087
0,0,0.0878971
0,0,0.0879664
0,0,0.0880197
0,0,0.0880356
0,0,0.0880535
0,0,0.0881011
0,0,0.0881022
0,0,0.0881553
0,0,0.0881756
0,0,0.0881894
0,0,0.0882991
0,0,0.0883207
0,0,0.0884534
0,0,0.088459
0,0,0.0886112
0,0,0.0886757
0,0,0.0888449
0,0,0.088863
0,0,0.0888862
0,0,0.0889156
0,0,0.0889388
0,0,0.08894
0,0,0.0889909
0,0,0.0889939
0,0,0.089096
0,0,0.0891362
0,0,0.089156
0,0,0.0891739
0,0,0.0891955
0,0,0.0891969
0,0,0.0892161
0,0,0.0892272
0,0,0.0892682
0,0,0.0893511
0,0,0.089417
0,0,0.0894785
0,0,0.0895911
0,0,0.0896048
0,0,0.0897144
0,0,0.0897718
0,0,0.0898634
0,0,0.0898692
0,0,0.0899671
0,0,0.089969
0,0,0.0899965
0,0,0.0900645
0,0,0.0901347
0,0,0.0901585
0,0,0.0901718
0,0,0.0901775
0,0,0.0901821
0,0,0.0901833
0,0,0.0903096
0,0,0.0903109
0,0,0.0903611
0,0,0.0903869
0,0,0.0904189
0,0,0.0905128
0,0,0.0905932
0,0,0.090614
0,0,0.0906395
0,0,0.0906908
0,0,0.0907297
0,0,0.0907767
0,0,0.0908238
0,0,0.0908377
0,0,0.0909149
0,0,0.0909891
0,0,0.0910741
0,0,0.091147
0,0,0.0911722
0,0,0.0912718
0,0,0.0913393
0,0,0.0913577
0,0,0.0913852
0,0,0.0914458
0,0,0.0914539
0,0,0.0914657
0,0,0.091466
0,0,0.0914754
0,0,0.0914847
0,0,0.0915163
0,0,0.0915333
0,0,0.0915704
0,0,0.0916661
0,0,0.0917244
0,0,0.091734
0,0,0.0919982
0,0,0.0920176
0,0,0.0920843
0,0,0.0921002
0,0,0.0921116
0,0,0.0921197
0,0,0.0921655
0,0,0.0921687
0,0,0.0922442
0,0,0.0922445
0,0,0.0922811
0,0,0.0923054
0,0,0.0923795
0,0,0.092422
0,0,0.092458
0,0,0.0924588
0,0,0.0924789
0,0,0.092496
0,0,0.0925792
0,0,0.0925827
0,0,0.0926769
0,0,0.0927136
0,0,0.0927161
0,0,0.0928904
0,0,0.0929159
0,0,0.0929208
0,0,0.0930396
0,0,0.0930675
0,0,0.0931377
0,0,0.093197
0,0,0.0932365
0,0,0.0932748
0,0,0.0933226
0,0,0.09345
0,0,0.0935194
0,0,0.0935621
0,0,0.0936994
0,0,0.0937224
0,0,0.093728
0,0,0.0937332
0,0,0.0937957
0,0,0.0938516
0,0,0.0939954
0,0,0.0940803
0,0,0.0940877
0,0,0.0941463
0,0,0.0941615
0,0,0.0941637
0,0,0.0942371
0,0,0.0943722
0,0,0.0945525
0,0,0.0947001
0,0,0.0947162
0,0,0.0947262
0,0,0.0948121
0,0,0.0948211
0,0,0.0948602
0,0,0.0948649
0,0,0.0949154
0,0,0.0949672
0,0,0.0950228
0,0,0.0950887
0,0,0.0951585
0,0,0.0952397
0,0,0.0953507
0,0,0.0954122
0,0,0.0955753
0,0,0.0955756
0,0,0.095576
0,0,0.0956526
0,0,0.0956874
0,0,0.0957785
0,0,0.0958597
0,0,0.0959594
0,0,0.0959608
0,0,0.0960412
0,0,0.0960801
0,0,0.0960816
0,0,0.0961043
0,0,0.096218
0,0,0.0962768
0,0,0.0962866
0,0,0.09629
0,0,0.0963608
0,0,0.0965321
0,0,0.0965481
0,0,0.0966003
0,0,0.0966309
0,0,0.0967579
0,0,0.0967797
0,0,0.0968419
0,0,0.0968677
0,0,0.096891
0,0,0.0969388
0,0,0.0969567
0,0,0.0970295
0,0,0.0970354
0,0,0.0971189
0,0,0.0973617
0,0,0.0974305
0,0,0.0975144
0,0,0.0975262
0,0,0.0975903
0,0,0.0975939
0,0,0.0976857
0,0,0.097806
0,0,0.0978462
0,0,0.0978678
0,0,0.0978983
0,0,0.0980018
0,0,0.0981363
0,0,0.0981692
0,0,0.0982305
0,0,0.0983109
0,0,0.0983719
0,0,0.098398
0,0,0.0984477
0,0,0.0984557
0,0,0.0985669
0,0,0.0987343
0,0,0.0988575
0,0,0.0988577
0,0,0.0990849
0,0,0.0991162
0,0,0.0991391
0,0,0.0991758
0,0,0.0993902
0,0,0.0994041
0,0,0.0994296
0,0,0.0994369
0,0,0.0996824
0,0,0.0996985
0,0,0.0999868
0,0,0.0999952
0,0,0.10002
0,0,0.100114
0,0,0.100136
0,0,0.100248
0,0,0.100291
0,0,0.100516
0,0,0.100598
0,0,0.100629
0,0,0.100677
0,0,0.100679
0,0,0.100828
0,0,0.101188
0,0,0.101244
0,0,0.101331
0,0,0.101361
0,0,0.101488
0,0,0.101511
0,0,0.101523
0,0,0.101675
0,0,0.10175
0,0,0.101868
0,0,0.101874
0,0,0.101889
0,0,0.102169
0,0,0.102196
0,0,0.1022
0,0,0.102211
0,0,0.102217
0,0,0.102248
0,0,0.102398
0,0,0.102483
0,0,0.102505
0,0,0.102532
0,0,0.102602
0,0,0.102691
0,0,0.102779
0,0,0.102796
0,0,0.102807
0,0,0.102825
0,0,0.102867
0,0,0.102943
0,0,0.10299
0,0,0.103004
0,0,0.103046
0,0,0.103056
0,0,0.103216
0,0,0.10339
0,0,0.103411
0,0,0.103423
0,0,0.103438
0,0,0.10359
0,0,0.103658
0,0,0.103687
0,0,0.103789
0,0,0.103944
0,0,0.104083
0,0,0.104083
0,0,0.104142
0,0,0.104144
0,0,0.104166
0,0,0.104206
0,0,0.104225
0,0,0.104238
0,0,0.104255
0,0,0.104385
0,0,0.104506
0,0,0.104606
0,0,0.10461
0,0,0.104855
0,0,0.104936
0,0,0.104955
0,0,0.105071
0,0,0.105116
0,0,0.105133
0,0,0.105192
0,0,0.105199
0,0,0.105218
0,0,0.105338
0,0,0.105342
0,0,0.105489
0,0,0.105519
0,0,0.105706
0,0,0.105732
0,0,0.105815
0,0,0.105961
0,0,0.106056
0,0,0.106129
0,0,0.106145
0,0,0.106284
0,0,0.106397
0,0,0.106402
0,0,0.106568
0,0,0.106606
0,0,0.106644
0,0,0.106735
0,0,0.106744
0,0,0.106842
0,0,0.107014
0,0,0.107205
0,0,0.107269
0,0,0.107369
0,0,0.107409
0,0,0.107413
0,0,0.107507
0,0,0.107612
0,0,0.107612
0,0,0.107619
0,0,0.107633
0,0,0.107642
0,0,0.10765
0,0,0.107951
0,0,0.108063
0,0,0.108077
0,0,0.108097
0,0,0.1081
0,0,0.108123
0,0,0.108124
0,0,0.108234
0,0,0.108238
0,0,0.108279
0,0,0.108332
0,0,0.108431
0,0,0.108439
0,0,0.108452
0,0,0.108472
0,0,0.108711
0,0,0.108788
0,0,0.10879
0,0,0.108792
0,0,0.108927
0,0,0.108956
0,0,0.108957
0,0,0.109065
0,0,0.109269
0,0,0.109314
0,0,0.109324
0,0,0.109341
0,0,0.109434
0,0,0.109506
0,0,0.109515
0,0,0.109549
0,0,0.109715
0,0,0.109721
0,0,0.109728
0,0,0.109827
0,0,0.109853
0,0,0.109867
0,0,0.109887
0,0,0.109889
0,0,0.110037
0,0,0.110204
0,0,0.110298
0,0,0.11037
0,0,0.110411
0,0,0.110578
0,0,0.11075
0,0,0.110833
0,0,0.110896
0,0,0.110989
0,0,0.111061
0,0,0.111077
0,0,0.111127
0,0,0.111136
0,0,0.111185
0,0,0.111233
0,0,0.111286
0,0,0.111452
0,0,0.111508
0,0,0.111613
0,0,0.111653
0,0,0.111793
0,0,0.111838
0,0,0.111906
0,0,0.111987
0,0,0.112209
0,0,0.112269
0,0,0.112636
0,0,0.112705
0,0,0.11274
0,0,0.112819
0,0,0.11282
0,0,0.112922
0,0,0.113012
0,0,0.113032
0,0,0.113051
0,0,0.113223
0,0,0.113265
0,0,0.113315
0,0,0.113366
0,0,0.113514
0,0,0.113514
0,0,0.113571
0,0,0.113601
0,0,0.113613
0,0,0.113734
0,0,0.113753
0,0,0.113814
0,0,0.113863
0,0,0.113882
0,0,0.114006
0,0,0.114194
0,0,0.114225
0,0,0.114291
0,0,0.114295
0,0,0.114311
0,0,0.114372
0,0,0.114517
0,0,0.114588
0,0,0.114589
0,0,0.114765
0,0,0.115011
0,0,0.115192
0,0,0.115193
0,0,0.115458
0,0,0.115503
0,0,0.115543
0,0,0.115576
0,0,0.115588
0,0,0.115661
0,0,0.115687
0,0,0.115723
0,0,0.115771
0,0,0.11582
0,0,0.115825
0,0,0.11585
0,0,0.115901
0,0,0.116005
0,0,0.116042
0,0,0.116078
0,0,0.116172
0,0,0.116308
0,0,0.116436
0,0,0.116452
0,0,0.116651
0,0,0.116752
0,0,0.116753
0,0,0.116848
0,0,0.116859
0,0,0.116965
0,0,0.11714
0,0,0.117277
0,0,0.117281
0,0,0.117305
0,0,0.117366
0,0,0.117411
0,0,0.117487
0,0,0.117527
0,0,0.117569
0,0,0.117592
0,0,0.117679
0,0,0.117851
0,0,0.117911
0,0,0.118001
0,0,0.118028
0,0,0.118036
0,0,0.11826
0,0,0.118287
0,0,0.118498
0,0,0.118549
0,0,0.118586
0,0,0.118725
0,0,0.118867
0,0,0.119041
0,0,0.119092
0,0,0.119103
0,0,0.119239
0,0,0.119472
0,0,0.119592
0,0,0.11969
0,0,0.119733
0,0,0.119742
0,0,0.11997
0,0,0.120068
0,0,0.120239
0,0,0.120258
0,0,0.120266
0,0,0.120354
0,0,0.120575
0,0,0.120576
0,0,0.120598
0,0,0.120691
0,0,0.120697
0,0,0.120816
0,0,0.120939
0,0,0.120993
0,0,0.121019
0,0,0.121199
0,0,0.121332
0,0,0.12139
0,0,0.121588
0,0,0.121632
0,0,0.121735
0,0,0.121744
0,0,0.121996
0,0,0.122035
0,0,0.12224
0,0,0.122296
0,0,0.122388
0,0,0.122473
0,0,0.122482
0,0,0.122495
0,0,0.122519
0,0,0.122559
0,0,0.122611
0,0,0.122678
0,0,0.122721
0,0,0.122727
0,0,0.122861
0,0,0.122909
0,0,0.123064
0,0,0.123083
0,0,0.123099
0,0,0.123106
0,0,0.123122
0,0,0.123192
0,0,0.123203
0,0,0.123321
0,0,0.123364
0,0,0.123478
0,0,0.123503
0,0,0.123522
0,0,0.123601
0,0,0.123711
0,0,0.123986
0,0,0.124079
0,0,0.124134
0,0,0.124213
0,0,0.124276
0,0,0.124281
0,0,0.124283
0,0,0.124532
0,0,0.124577
0,0,0.124603
0,0,0.124629
0,0,0.124742
0,0,0.124758
0,0,0.124833
0,0,0.124931
0,0,0.124945
0,0,0.125011
0,0,0.125062
0,0,0.125174
0,0,0.125177
0,0,0.125204
0,0,0.125337
0,0,0.125393
0,0,0.125433
0,0,0.125512
0,0,0.125514
0,0,0.125544
0,0,0.125625
0,0,0.125739
0,0,0.125777
0,0,0.125788
0,0,0.125842
0,0,0.126132
0,0,0.126213
0,0,0.126365
0,0,0.126443
0,0,0.126454
0,0,0.126472
0,0,0.126486
0,0,0.126636
0,0,0.126758
0,0,0.126887
0,0,0.126925
0,0,0.127083
0,0,0.127149
0,0,0.127374
0,0,0.12738
0,0,0.127586
0,0,0.127661
0,0,0.127893
0,0,0.128032
0,0,0.1281
0,0,0.128278
0,0,0.128409
0,0,0.128496
0,0,0.128544
0,0,0.128581
0,0,0.128662
0,0,0.128721
0,0,0.128801
0,0,0.129076
0,0,0.129215
0,0,0.129229
0,0,0.129282
0,0,0.129355
0,0,0.129582
0,0,0.129662
0,0,0.129699
0,0,0.1297
0,0,0.129752
0,0,0.12981
0,0,0.129815
0,0,0.129879
0,0,0.129939
0,0,0.130046
0,0,0.130082
0,0,0.1301
0,0,0.130353
0,0,0.130415
0,0,0.130491
0,0,0.130614
0,0,0.130667
0,0,0.130694
0,0,0.130767
0,0,0.130771
0,0,0.130836
0,0,0.130909
0,0,0.131145
0,0,0.131199
0,0,0.131355
0,0,0.131512
0,0,0.131533
0,0,0.131544
0,0,0.131551
0,0,0.131588
0,0,0.131706
0,0,0.131722
0,0,0.131727
0,0,0.131735
0,0,0.131834
0,0,0.131884
0,0,0.132001
0,0,0.132069
0,0,0.132083
0,0,0.132243
0,0,0.132283
0,0,0.132331
0,0,0.132495
0,0,0.132706
0,0,0.132775
0,0,0.132855
0,0,0.132956
0,0,0.133069
0,0,0.133091
0,0,0.133116
0,0,0.133211
0,0,0.133286
0,0,0.133418
0,0,0.133473
0,0,0.13352
0,0,0.13356
0,0,0.13365
0,0,0.133719
0,0,0.133812
0,0,0.133817
0,0,0.133978
0,0,0.13404
0,0,0.134203
0,0,0.134259
0,0,0.134282
0,0,0.134398
0,0,0.134535
0,0,0.134595
0,0,0.134622
0,0,0.13464
0,0,0.134969
0,0,0.135078
0,0,0.135314
0,0,0.135389
0,0,0.135484
0,0,0.135654
0,0,0.135812
0,0,0.135867
0,0,0.135936
0,0,0.136048
0,0,0.136239
0,0,0.136303
0,0,0.136324
0,0,0.136337
0,0,0.136337
0,0,0.136473
0,0,0.136522
0,0,0.136542
0,0,0.136651
0,0,0.136667
0,0,0.136698
0,0,0.137083
0,0,0.137258
0,0,0.137335
0,0,0.137457
0,0,0.137541
0,0,0.13762
0,0,0.137689
0,0,0.137791
0,0,0.137824
0,0,0.137864
0,0,0.137917
0,0,0.138164
0,0,0.138409
0,0,0.138571
0,0,0.138583
0,0,0.13865
0,0,0.138744
0,0,0.138753
0,0,0.138821
0,0,0.138839
0,0,0.138876
0,0,0.138879
0,0,0.139017
0,0,0.139138
0,0,0.139181
0,0,0.139195
0,0,0.139324
0,0,0.139325
0,0,0.139336
0,0,0.139371
0,0,0.139408
0,0,0.139672
0,0,0.139691
0,0,0.140045
0,0,0.140292
0,0,0.140331
0,0,0.140381
0,0,0.140483
0,0,0.140765
0,0,0.140805
0,0,0.140855
0,0,0.140893
0,0,0.140974
0,0,0.14098
0,0,0.141001
0,0,0.141119
0,0,0.141199
0,0,0.141375
0,0,0.141586
0,0,0.141594
0,0,0.141623
0,0,0.141724
0,0,0.14176
0,0,0.141931
0,0,0.142094
0,0,0.142121
0,0,0.142182
0,0,0.142213
0,0,0.14222
0,0,0.142488
0,0,0.142629
0,0,0.142719
0,0,0.142978
0,0,0.143101
0,0,0.143222
0,0,0.143577
0,0,0.143772
0,0,0.143787
0,0,0.14386
0,0,0.144024
0,0,0.144105
0,0,0.144299
0,0,0.14437
0,0,0.144442
0,0,0.144442
0,0,0.144512
0,0,0.144626
0,0,0.144753
0,0,0.144976
0,0,0.145062
0,0,0.145096
0,0,0.145116
0,0,0.145207
0,0,0.145294
0,0,0.145505
0,0,0.145517
0,0,0.145541
0,0,0.145633
0,0,0.146149
0,0,0.146421
0,0,0.146461
0,0,0.146525
0,0,0.146615
0,0,0.146677
0,0,0.146798
0,0,0.14695
0,0,0.147218
0,0,0.147275
0,0,0.147282
0,0,0.147289
0,0,0.147375
0,0,0.147421
0,0,0.147476
0,0,0.147973
0,0,0.14799
0,0,0.148233
0,0,0.148297
0,0,0.148402
0,0,0.148486
0,0,0.148566
0,0,0.148632
0,0,0.148645
0,0,0.148711
0,0,0.148802
0,0,0.14907
0,0,0.149138
0,0,0.149446
0,0,0.149475
0,0,0.149673
0,0,0.149738
0,0,0.150114
0,0,0.150342
0,0,0.150342
0,0,0.150381
0,0,0.150439
0,0,0.150496
0,0,0.150521
0,0,0.150539
0,0,0.150633
0,0,0.150816
0,0,0.150818
0,0,0.151306
0,0,0.15135
0,0,0.15136
0,0,0.151504
0,0,0.151778
0,0,0.152057
0,0,0.152087
0,0,0.152118
0,0,0.152311
0,0,0.152503
0,0,0.152572
0,0,0.152765
0,0,0.152768
0,0,0.152822
0,0,0.15289
0,0,0.153022
0,0,0.153062
0,0,0.153273
0,0,0.153374
0,0,0.153625
0,0,0.15376
0,0,0.153799
0,0,0.153819
0,0,0.154073
0,0,0.154098
0,0,0.154194
0,0,0.154245
0,0,0.15444
0,0,0.154442
0,0,0.154601
0,0,0.154604
0,0,0.15474
0,0,0.154756
0,0,0.1548
0,0,0.155017
0,0,0.155023
0,0,0.155158
0,0,0.155239
0,0,0.155253
0,0,0.155695
0,0,0.155774
0,0,0.155926
0,0,0.155992
0,0,0.155994
0,0,0.156331
0,0,0.156359
0,0,0.156364
0,0,0.156453
0,0,0.156598
0,0,0.156889
0,0,0.157156
0,0,0.157446
0,0,0.157513
0,0,0.157771
0,0,0.158127
0,0,0.15818
0,0,0.158244
0,0,0.15831
0,0,0.15832
0,0,0.158382
0,0,0.158399
0,0,0.158566
0,0,0.158604
0,0,0.158671
0,0,0.158685
0,0,0.158732
0,0,0.158758
0,0,0.159189
0,0,0.159296
0,0,0.159397
0,0,0.159414
0,0,0.159443
0,0,0.159515
0,0,0.15957
0,0,0.159578
0,0,0.159775
0,0,0.159852
0,0,0.160187
0,0,0.160272
0,0,0.160326
0,0,0.160352
0,0,0.160449
0,0,0.160654
0,0,0.160896
0,0,0.160897
0,0,0.161
0,0,0.161233
0,0,0.161287
0,0,0.161434
0,0,0.161486
0,0,0.161609
0,0,0.161664
0,0,0.161824
0,0,0.16184
0,0,0.161907
0,0,0.162062
0,0,0.162227
0,0,0.162316
0,0,0.162872
0,0,0.163002
0,0,0.163111
0,0,0.163135
0,0,0.163158
0,0,0.163197
0,0,0.1632
0,0,0.163227
0,0,0.163343
0,0,0.163437
0,0,0.163452
0,0,0.163456
0,0,0.163533
0,0,0.163579
0,0,0.163842
0,0,0.164096
0,0,0.164172
0,0,0.164201
0,0,0.164285
0,0,0.164487
0,0,0.164814
0,0,0.164838
0,0,0.164925
0,0,0.165104
0,0,0.165158
0,0,0.16532
0,0,0.165396
0,0,0.165461
0,0,0.16567
0,0,0.165747
0,0,0.165762
0,0,0.16591
0,0,0.166021
0,0,0.16604
0,0,0.166322
0,0,0.166556
0,0,0.166817
0,0,0.166869
0,0,0.166916
0,0,0.166969
0,0,0.166994
0,0,0.167003
0,0,0.167291
0,0,0.167336
0,0,0.167565
0,0,0.167619
0,0,0.16834
0,0,0.168447
0,0,0.168544
0,0,0.168605
0,0,0.168661
0,0,0.168702
0,0,0.168797
0,0,0.168871
0,0,0.168948
0,0,0.169046
0,0,0.169131
0,0,0.169216
0,0,0.169281
0,0,0.169411
0,0,0.169521
0,0,0.169633
0,0,0.169635
0,0,0.169689
0,0,0.169759
0,0,0.169924
0,0,0.169931
0,0,0.170212
0,0,0.170341
0,0,0.170454
0,0,0.170486
0,0,0.170521
0,0,0.170772
0,0,0.171356
0,0,0.171496
0,0,0.1718
0,0,0.17182
0,0,0.171874
0,0,0.171965
0,0,0.172074
0,0,0.172155
0,0,0.172174
0,0,0.172365
0,0,0.172369
0,0,0.172533
0,0,0.172591
0,0,0.173345
0,0,0.173411
0,0,0.173764
0,0,0.173878
0,0,0.173896
0,0,0.173946
0,0,0.174093
0,0,0.174233
0,0,0.174281
0,0,0.174359
0,0,0.174381
0,0,0.174509
0,0,0.174531
0,0,0.174577
0,0,0.1746
0,0,0.174918
0,0,0.17521
0,0,0.175298
0,0,0.175347
0,0,0.175356
0,0,0.175674
0,0,0.175719
0,0,0.175959
0,0,0.175963
0,0,0.176032
0,0,0.176384
0,0,0.176528
0,0,0.17657
0,0,0.176596
0,0,0.177114
0,0,0.177441
0,0,0.177466
0,0,0.177483
0,0,0.177707
0,0,0.177788
0,0,0.177819
0,0,0.177939
0,0,0.177965
0,0,0.177993
0,0,0.178176
0,0,0.178472
0,0,0.178575
0,0,0.178713
0,0,0.178958
0,0,0.179115
0,0,0.179116
0,0,0.179265
0,0,0.179344
0,0,0.179583
0,0,0.180032
0,0,0.180074
0,0,0.180463
0,0,0.180528
0,0,0.180886
0,0,0.180895
0,0,0.181035
0,0,0.181061
0,0,0.181778
0,0,0.182056
0,0,0.182373
0,0,0.182567
0,0,0.182603
0,0,0.182902
0,0,0.183249
0,0,0.1834
0,0,0.183466
0,0,0.183659
0,0,0.184225
0,0,0.184272
0,0,0.184537
0,0,0.184566
0,0,0.184603
0,0,0.184606
0,0,0.184694
0,0,0.184793
0,0,0.184822
0,0,0.185005
0,0,0.185018
0,0,0.185157
0,0,0.185161
0,0,0.185244
0,0,0.185312
0,0,0.185411
0,0,0.18566
0,0,0.185725
0,0,0.185727
0,0,0.185808
0,0,0.185827
0,0,0.186174
0,0,0.18621
0,0,0.186299
0,0,0.186417
0,0,0.18655
0,0,0.186596
0,0,0.186826
0,0,0.186931
0,0,0.18701
0,0,0.187238
0,0,0.187283
0,0,0.1877
0,0,0.187703
0,0,0.188098
0,0,0.188337
0,0,0.188587
0,0,0.188629
0,0,0.189113
0,0,0.189483
0,0,0.189526
0,0,0.189577
0,0,0.189624
0,0,0.19011
0,0,0.190247
0,0,0.19063
0,0,0.191371
0,0,0.19143
0,0,0.191588
0,0,0.191729
0,0,0.191743
0,0,0.191898
0,0,0.19196
0,0,0.191966
0,0,0.191983
0,0,0.192275
0,0,0.192831
0,0,0.193885
0,0,0.194113
0,0,0.19426
0,0,0.194493
0,0,0.194716
0,0,0.195355
0,0,0.195437
0,0,0.195522
0,0,0.1957
0,0,0.196281
0,0,0.196642
0,0,0.196643
0,0,0.197064
0,0,0.197304
0,0,0.197429
0,0,0.19743
0,0,0.1976
0,0,0.19817
0,0,0.198234
0,0,0.198304
0,0,0.198908
0,0,0.199351
0,0,0.199419
0,0,0.199694
0,0,0.199759
0,0,0.199852
0,0,0.199945
0,0,0.19995
0,0,0.199999
0,0,0.200262
0,0,0.200401
0,0,0.200458
0,0,0.20091
0,0,0.20122
0,0,0.201255
0,0,0.201707
0,0,0.201738
0,0,0.202078
0,0,0.20213
0,0,0.202281
0,0,0.202469
0,0,0.20249
0,0,0.203493
0,0,0.20396
0,0,0.204095
0,0,0.204205
0,0,0.204287
0,0,0.204432
0,0,0.204479
0,0,0.204483
0,0,0.204755
0,0,0.204966
0,0,0.205015
0,0,0.205539
0,0,0.205635
0,0,0.206216
0,0,0.206348
0,0,0.206491
0,0,0.206604
0,0,0.207423
0,0,0.207445
0,0,0.207534
0,0,0.207589
0,0,0.20797
0,0,0.208103
0,0,0.208212
0,0,0.208561
0,0,0.208678
0,0,0.209075
0,0,0.209371
0,0,0.209699
0,0,0.210106
0,0,0.210324
0,0,0.211147
0,0,0.211389
0,0,0.211408
0,0,0.211568
0,0,0.211571
0,0,0.211686
0,0,0.212134
0,0,0.212138
0,0,0.212275
0,0,0.212318
0,0,0.212425
0,0,0.212802
0,0,0.213134
0,0,0.213187
0,0,0.21322
0,0,0.213257
0,0,0.213282
0,0,0.214516
0,0,0.214596
0,0,0.214668
0,0,0.214811
0,0,0.214979
0,0,0.21517
0,0,0.215243
0,0,0.216131
0,0,0.216133
0,0,0.216262
0,0,0.216433
0,0,0.216497
0,0,0.217119
0,0,0.217508
0,0,0.217677
0,0,0.218646
0,0,0.218764
0,0,0.219227
0,0,0.219268
0,0,0.219311
0,0,0.21964
0,0,0.219711
0,0,0.219767
0,0,0.219981
0,0,0.220446
0,0,0.220521
0,0,0.220701
0,0,0.220794
0,0,0.221134
0,0,0.221258
0,0,0.221659
0,0,0.221824
0,0,0.222179
0,0,0.222209
0,0,0.222533
0,0,0.223016
0,0,0.22304
0,0,0.223334
0,0,0.223824
0,0,0.223937
0,0,0.223977
0,0,0.224078
0,0,0.224183
0,0,0.224346
0,0,0.224705
0,0,0.224974
0,0,0.224984
0,0,0.22513
0,0,0.225231
0,0,0.225273
0,0,0.225933
0,0,0.225974
0,0,0.226002
0,0,0.227254
0,0,0.227698
0,0,0.228218
0,0,0.22892
0,0,0.228952
0,0,0.229225
0,0,0.229233
0,0,0.23051
0,0,0.230522
0,0,0.230634
0,0,0.230763
0,0,0.230814
0,0,0.230987
0,0,0.231245
0,0,0.232733
0,0,0.232768
0,0,0.233077
0,0,0.233538
0,0,0.233693
0,0,0.233997
0,0,0.234002
0,0,0.234132
0,0,0.234687
0,0,0.234754
0,0,0.23495
0,0,0.235477
0,0,0.235523
0,0,0.236113
0,0,0.236127
0,0,0.236715
0,0,0.236783
0,0,0.236854
0,0,0.237052
0,0,0.237178
0,0,0.237184
0,0,0.237728
0,0,0.239124
0,0,0.239132
0,0,0.239251
0,0,0.23939
0,0,0.239629
0,0,0.240207
0,0,0.24107
0,0,0.241364
0,0,0.241623
0,0,0.241636
0,0,0.241706
0,0,0.242842
0,0,0.24301
0,0,0.243495
0,0,0.243902
0,0,0.244954
0,0,0.245257
0,0,0.2457
0,0,0.245789
0,0,0.246061
0,0,0.246078
0,0,0.246425
0,0,0.246505
0,0,0.24678
0,0,0.247166
0,0,0.247361
0,0,0.247485
0,0,0.247596
0,0,0.24795
0,0,0.248355
0,0,0.248436
0,0,0.24875
0,0,0.249261
0,0,0.249942
0,0,0.250199
0,0,0.250782
0,0,0.250951
0,0,0.251533
0,0,0.251692
0,0,0.251721
0,0,0.251759
0,0,0.251828
0,0,0.251839
0,0,0.251844
0,0,0.25207
0,0,0.252087
0,0,0.252142
0,0,0.252669
0,0,0.252737
0,0,0.252947
0,0,0.254229
0,0,0.254291
0,0,0.254766
0,0,0.254879
0,0,0.255553
0,0,0.255826
0,0,0.256074
0,0,0.256243
0,0,0.2567
0,0,0.256741
0,0,0.256934
0,0,0.256967
0,0,0.257281
0,0,0.257864
0,0,0.258212
0,0,0.258649
0,0,0.259466
0,0,0.259491
0,0,0.259582
0,0,0.259822
0,0,0.260506
0,0,0.260632
0,0,0.26141
0,0,0.261861
0,0,0.262176
0,0,0.262886
0,0,0.2634
0,0,0.263408
0,0,0.263467
0,0,0.264495
0,0,0.265855
0,0,0.266258
0,0,0.266302
0,0,0.267106
0,0,0.26787
0,0,0.268352
0,0,0.268404
0,0,0.268932
0,0,0.270076
0,0,0.270669
0,0,0.270795
0,0,0.272372
0,0,0.273189
0,0,0.273285
0,0,0.273356
0,0,0.274326
0,0,0.275027
0,0,0.275038
0,0,0.277132
0,0,0.277441
0,0,0.277572
0,0,0.279148
0,0,0.279545
0,0,0.279871
0,0,0.280577
0,0,0.280832
0,0,0.282386
0,0,0.282713
0,0,0.283661
0,0,0.284143
0,0,0.284527
0,0,0.286133
0,0,0.286298
0,0,0.286422
0,0,0.289166
0,0,0.289254
0,0,0.290465
0,0,0.291037
0,0,0.291849
0,0,0.291972
0,0,0.292752
0,0,0.294211
0,0,0.29443
0,0,0.294939
0,0,0.295051
0,0,0.295846
0,0,0.296285
0,0,0.29686
0,0,0.297212
0,0,0.299204
0,0,0.299794
0,0,0.299953
0,0,0.300078
0,0,0.301675
0,0,0.302254
0,0,0.302845
0,0,0.302978
0,0,0.304024
0,0,0.305493
0,0,0.305549
0,0,0.305734
0,0,0.30803
0,0,0.308793
0,0,0.30947
0,0,0.310042
0,0,0.311044
0,0,0.311359
0,0,0.311391
0,0,0.311651
0,0,0.312107
0,0,0.312131
0,0,0.312873
0,0,0.314053
0,0,0.314411
0,0,0.315039
0,0,0.315094
0,0,0.315207
0,0,0.31727
0,0,0.320459
0,0,0.320541
0,0,0.320951
0,0,0.321042
0,0,0.321945
0,0,0.324627
0,0,0.325175
0,0,0.325715
0,0,0.326986
0,0,0.327371
0,0,0.327514
0,0,0.328326
0,0,0.329569
0,0,0.329691
0,0,0.332679
0,0,0.335395
0,0,0.336282
0,0,0.336967
0,0,0.337763
0,0,0.344402
0,0,0.345476
0,0,0.345548
0,0,0.352614
0,0,0.357784
0,0,0.358581
0,0,0.359187
0,0,0.362687
0,0,0.364123
0,0,0.367747
0,0,0.368122
0,0,0.368486
0,0,0.369428
0,0,0.373391
0,0,0.377662
0,0,0.380983
0,0,0.382088
0,0,0.383458
0,0,0.384227
0,0,0.386182
0,0,0.389013
0,0,0.390053
0,0,0.397763
0,0,0.402459
0,0,0.404454
0,0,0.407064
0,0,0.408753
0,0,0.410234
0,0,0.414006
0,0,0.414035
0,0,0.414624
0,0,0.417758
0,0,0.420525
0,0,0.421525
0,0,0.421526
0,0,0.425123
0,0,0.428299
0,0,0.429598
0,0,0.430622
0,0,0.432252
0,0,0.433255
0,0,0.433732
0,0,0.436126
0,0,0.437378
0,0,0.440259
0,0,0.442433
0,0,0.443844
0,0,0.444615
0,0,0.448073
0,0,0.449969
0,0,0.451383
0,0,0.452296
0,0,0.452987
0,0,0.458646
0,0,0.459011
0,0,0.459836
0,0,0.4616
0,0,0.464648
0,0,0.468543
0,0,0.469286
0,0,0.471406
0,0,0.475515
0,0,0.477502
0,0,0.477604
0,0,0.484352
0,0,0.489224
0,0,0.490816
0,0,0.494317
0,0,0.495897
0,0,0.49915
0,0,0.505711
0,0,0.506338
0,0,0.507181
0,0,0.508341
0,0,0.514465
0,0,0.523229
0,0,0.527247
0,0,0.529066
0,0,0.53639
0,0,0.537488
0,0,0.540364
0,0,0.54048
0,0,0.542545
0,0,0.546205
0,0,0.571185
0,0,0.579174
0,0,0.584624
0,0,0.585793
0,0,0.596331
0,0,0.598478
0,0,0.601249
0,0,0.613271
0,0,0.614977
0,0,0.629618
0,0,0.657413
0,0,0.696994
0,0,0.706482
0,0,0.721978
0,0,0.732547
0,0,0.938005
0,0,1.1665
0,0,3
1,1.81568,1.84238
1,1.444,1.51243
1,1.29206,1.3153
1,1.21751,1.23933
1,1.15322,1.27363
1,1.03671,1.32496
1,1.02798,1.47805
1,0.818776,0.98777
1,0.804778,1.00343
1,0.797834,0.804005
1,0.77346,0.783437
1,0.768824,0.891408
1,0.757082,0.784174
1,0.754815,0.799228
1,0.754673,0.904442
1,0.751397,1.2246
1,0.747793,0.993308
1,0.720328,0.914268
1,0.719643,0.800586
1,0.71147,0.91238
1,0.709888,0.752512
1,0.698886,0.752622
1,0.683136,0.691486
1,0.680527,0.770503
1,0.676579,0.730202
1,0.672569,0.793698
1,0.672445,0.716312
1,0.669364,0.673722
1,0.666266,0.769585
1,0.66143,0.937046
1,0.654852,0.981456
1,0.640612,0.735733
1,0.635447,0.712486
1,0.631079,0.699174
1,0.62857,0.662322
1,0.623166,0.823717
1,0.623065,0.63339
1,0.618523,0.872292
1,0.616506,0.750959
1,0.610462,0.615666
1,0.610247,0.825286
1,0.606942,0.618151
1,0.601269,0.763104
1,0.58581,0.636444
1,0.585184,0.603346
1,0.571001,0.607683
1,0.570507,0.685737
1,0.563497,0.58761
1,0.562887,0.699395
1,0.561757,0.595099
1,0.557413,0.657849
1,0.548666,0.791859
1,0.548044,0.590416
1,0.546844,0.632812
1,0.535564,0.55119
1,0.530353,0.561575
1,0.529103,0.555338
1,0.525014,0.537773
1,0.521569,0.533252
1,0.520516,0.546012
1,0.519134,0.581979
1,0.515709,0.634936
1,0.514032,0.988085
1,0.512758,0.527196
1,0.506819,0.5724
1,0.495362,0.497585
1,0.49402,0.497282
1,0.492491,0.518887
1,0.488284,0.519662
1,0.481692,0.493922
1,0.481245,0.569885
1,0.47827,0.578071
1,0.477411,0.615797
1,0.475428,0.650732
1,0.474669,0.475697
1,0.470876,0.475449
1,0.467468,0.529417
1,0.46734,0.531301
1,0.465846,0.580815
1,0.465765,0.536991
1,0.464245,0.653874
1,0.463469,0.564961
1,0.463314,0.521727
1,0.458904,0.460422
1,0.458746,0.486731
1,0.457217,0.463341
1,0.456299,0.653285
1,0.45524,0.50261
1,0.449841,0.646099
1,0.448245,0.474896
1,0.447205,0.482349
1,0.446682,0.477541
1,0.445799,0.462857
1,0.437195,0.625482
1,0.436836,0.537495
1,0.436098,0.509693
1,0.434517,0.438801
1,0.434255,0.581923
1,0.433305,0.683834
1,0.430725,0.461773
1,0.430578,0.768576
1,0.430214,0.558088
1,0.42867,0.465595
1,0.426565,0.495006
1,0.425578,0.439329
1,0.424409,0.43897
1,0.419324,0.450103
1,0.418409,0.425205
1,0.417788,0.448875
1,0.417743,0.417943
1,0.416631,0.506253
1,0.41647,0.542685
1,0.414642,0.447988
1,0.412498,0.440538
1,0.41226,0.417402
1,0.398052,0.487652
1,0.394718,0.42849
1,0.392172,0.443459
1,0.391073,0.421292
1,0.389581,0.544127
1,0.385498,0.412655
1,0.384652,0.430851
1,0.382673,0.469476
1,0.381874,0.419331
1,0.381464,0.385803
1,0.379714,0.396538
1,0.377805,0.38357
1,0.376812,0.382573
1,0.376713,0.377149
1,0.376151,0.41715
1,0.375682,0.415196
1,0.37517,0.454636
1,0.373871,0.380287
1,0.372507,0.438445
1,0.370851,0.449102
1,0.369104,0.396915
1,0.367588,0.43356
1,0.366825,0.374798
1,0.366726,0.384672
1,0.362013,0.369832
1,0.361608,0.394885
1,0.36103,0.424729
1,0.360603,0.377477
1,0.359887,0.550552
1,0.35985,0.380452
1,0.359304,0.409574
1,0.35891,0.379976
1,0.358417,0.426423
1,0.357718,0.816448
1,0.357159,0.407536
1,0.356871,0.378278
1,0.355822,0.390332
1,0.353658,0.437269
1,0.353057,0.36285
1,0.35243,0.526739
1,0.352229,0.359387
1,0.351841,0.399253
1,0.350469,0.443919
1,0.350239,0.402383
1,0.350078,0.386452
1,0.345165,0.351813
1,0.343102,0.405984
1,0.341523,0.355841
1,0.341056,0.370296
1,0.339394,0.456184
1,0.338574,0.39212
1,0.338346,0.445035
1,0.337164,0.421292
1,0.337042,0.346572
1,0.336898,0.449795
1,0.33649,0.360245
1,0.336299,0.343467
1,0.336291,0.411858
1,0.33401,0.338448
1,0.331771,0.395911
1,0.33068,0.349456
1,0.330516,0.356166
1,0.330441,0.444356
1,0.329374,0.332663
1,0.328455,0.375295
1,0.326964,0.352417
1,0.321629,0.544543
1,0.32066,0.4038
1,0.319417,0.329383
1,0.31834,0.339704
1,0.318323,0.35549
1,0.318064,0.383278
1,0.316716,0.318118
1,0.316672,0.340456
1,0.316153,0.354227
1,0.316134,0.31743
1,0.316133,0.331811
1,0.316044,0.353608
1,0.315766,0.331639
1,0.315634,0.554126
1,0.31509,0.321898
1,0.31427,0.362592
1,0.313807,0.408942
1,0.3131,0.323833
1,0.312806,0.325374
1,0.311674,0.315084
1,0.31163,0.329854
1,0.311273,0.392893
1,0.311183,0.509218
1,0.309872,0.33581
1,0.309801,0.464712
1,0.309418,0.349278
1,0.308785,0.337986
1,0.308542,0.315034
1,0.308382,0.436338
1,0.307399,0.343501
1,0.307293,0.386523
1,0.307148,0.353445
1,0.306919,0.328301
1,0.306842,0.339756
1,0.306368,0.334958
1,0.306077,0.331196
1,0.305911,0.317934
1,0.305349,0.324506
1,0.305175,0.320788
1,0.305056,0.464724
1,0.304632,0.329247
1,0.304542,0.334625
1,0.304403,0.305992
1,0.304127,0.348286
1,0.30335,0.330394
1,0.302968,0.31932
1,0.302968,0.343815
1,0.302881,0.33427
1,0.301647,0.315159
1,0.301196,0.314637
1,0.300495,0.311041
1,0.300158,0.326465
1,0.300142,0.365684
1,0.300133,0.356032
1,0.299446,0.300416
1,0.298962,0.401244
1,0.298768,0.303367
1,0.297724,0.313346
1,0.297189,0.298523
1,0.296646,0.338396
1,0.295462,0.315809
1,0.295457,0.30517
1,0.294981,0.301637
1,0.293114,0.310667
1,0.293075,0.297378
1,0.292914,0.304631
1,0.292273,0.37987
1,0.292264,0.569903
1,0.291419,0.301621
1,0.291016,0.310971
1,0.290955,0.318431
1,0.290424,0.338769
1,0.290138,0.345892
1,0.289803,0.312817
1,0.289651,0.290906
1,0.289206,0.301336
1,0.288354,0.36666
1,0.288218,0.370975
1,0.286832,0.286902
1,0.286338,0.337116
1,0.28616,0.309454
1,0.286009,0.480134
1,0.285317,0.401065
1,0.285094,0.292811
1,0.284188,0.302771
1,0.283325,0.358279
1,0.282845,0.292316
1,0.282341,0.28387
1,0.282105,0.342194
1,0.281261,0.318122
1,0.280055,0.379836
1,0.278719,0.338189
1,0.278545,0.293535
1,0.277838,0.294329
1,0.276912,0.293366
1,0.276693,0.283178
1,0.27634,0.280857
1,0.275885,0.284216
1,0.275828,0.358262
1,0.273816,0.32154
1,0.273433,0.324776
1,0.271536,0.296334
1,0.271075,0.303465
1,0.270866,0.331072
1,0.270794,0.281674
1,0.270282,0.280841
1,0.2683,0.372183
1,0.267532,0.310706
1,0.26728,0.313569
1,0.264939,0.342555
1,0.263993,0.323424
1,0.263963,0.312428
1,0.263784,0.266383
1,0.26361,0.319071
1,0.262869,0.451468
1,0.262842,0.297957
1,0.262498,0.274533
1,0.26165,0.29031
1,0.261023,0.308048
1,0.260439,0.262764
1,0.260197,0.312663
1,0.260045,0.290356
1,0.259849,0.268805
1,0.259083,0.334321
1,0.259077,0.30462
1,0.258843,0.259375
1,0.258507,0.284647
1,0.258372,0.330847
1,0.25813,0.338149
1,0.257702,0.280109
1,0.257273,0.342985
1,0.256172,0.2628
1,0.255227,0.257897
1,0.25494,0.359788
1,0.254388,0.311698
1,0.253888,0.271207
1,0.253485,0.325831
1,0.253007,0.254576
1,0.252903,0.346804
1,0.252716,0.258378
1,0.252652,0.446492
1,0.252075,0.324101
1,0.251679,0.264302
1,0.25152,0.301954
1,0.251484,0.255022
1,0.251064,0.27455
1,0.250927,0.289176
1,0.250769,0.339345
1,0.250674,0.293317
1,0.250157,0.263073
1,0.248748,0.267091
1,0.247473,0.263165
1,0.247414,0.293934
1,0.247161,0.270665
1,0.246669,0.256273
1,0.24649,0.268436
1,0.246082,0.260838
1,0.244798,0.285882
1,0.244755,0.248236
1,0.244618,0.26383
1,0.244529,0.277853
1,0.244421,0.298888
1,0.244183,0.290952
1,0.243731,0.246147
1,0.243713,0.254382
1,0.243663,0.263878
1,0.243525,0.287925
1,0.243292,0.249519
1,0.243216,0.31453
1,0.241913,0.274568
1,0.241524,0.25963
1,0.241255,0.278063
1,0.241194,0.27358
1,0.240991,0.24301
1,0.240539,0.327089
1,0.239723,0.268062
1,0.239245,0.259956
1,0.238695,0.242733
1,0.23855,0.240506
1,0.237845,0.262198
1,0.236511,0.254144
1,0.236198,0.340167
1,0.236183,0.260069
1,0.235982,0.237544
1,0.235531,0.291706
1,0.235492,0.276364
1,0.234432,0.323681
1,0.233873,0.267849
1,0.233615,0.240906
1,0.232816,0.289295
1,0.232656,0.289398
1,0.232311,0.352483
1,0.232034,0.237559
1,0.232008,0.404209
1,0.230949,0.271689
1,0.23076,0.267612
1,0.229791,0.318665
1,0.229617,0.260133
1,0.229541,0.34918
1,0.22906,0.275996
1,0.228883,0.279618
1,0.228577,0.274542
1,0.228328,0.317578
1,0.227253,0.238686
1,0.227145,0.254289
1,0.226033,0.230148
1,0.225881,0.266815
1,0.225718,0.27164
1,0.225349,0.283875
1,0.224741,0.274257
1,0.224736,0.311566
1,0.224643,0.266898
1,0.224275,0.230429
1,0.224119,0.250792
1,0.223589,0.23713
1,0.223342,0.265931
1,0.223204,0.255294
1,0.222617,0.22309
1,0.222523,0.223617
1,0.222104,0.248513
1,0.222063,0.266385
1,0.222048,0.231321
1,0.221899,0.375449
1,0.221607,0.227854
1,0.221318,0.279317
1,0.221061,0.391474
1,0.220428,0.241373
1,0.220283,0.22934
1,0.220159,0.286911
1,0.220058,0.246425
1,0.220011,0.230255
1,0.219854,0.226378
1,0.219453,0.227094
1,0.219329,0.334812
1,0.219139,0.256685
1,0.219113,0.238494
1,0.218846,0.238218
1,0.218396,0.238511
1,0.217892,0.224167
1,0.217784,0.253488
1,0.217314,0.252941
1,0.217266,0.23424
1,0.217256,0.234353
1,0.217165,0.353088
1,0.217003,0.220341
1,0.216762,0.237237
1,0.216583,0.228851
1,0.215744,0.233497
1,0.215728,0.251587
1,0.215441,0.254144
1,0.215094,0.235539
1,0.214597,0.281646
1,0.213667,0.213731
1,0.213373,0.264376
1,0.213324,0.218972
1,0.212842,0.246966
1,0.21236,0.25039
1,0.211129,0.231204
1,0.211058,0.230408
1,0.210968,0.242458
1,0.210851,0.244467
1,0.210766,0.384204
1,0.210588,0.21985
1,0.21058,0.21725
1,0.210548,0.263011
1,0.210212,0.251603
1,0.21021,0.233183
1,0.209639,0.245353
1,0.209615,0.288397
1,0.209207,0.250316
1,0.209153,0.209273
1,0.208658,0.223419
1,0.208553,0.224248
1,0.208489,0.244514
1,0.208443,0.210494
1,0.207787,0.218649
1,0.207652,0.223088
1,0.207525,0.208234
1,0.207111,0.207813
1,0.206902,0.210112
1,0.206243,0.269166
1,0.206115,0.297891
1,0.206098,0.225161
1,0.205958,0.212808
1,0.205646,0.214295
1,0.205225,0.24184
1,0.204749,0.234559
1,0.204618,0.252195
1,0.204274,0.239672
1,0.204212,0.216151
1,0.203908,0.240252
1,0.203726,0.211897
1,0.203505,0.205575
1,0.203421,0.270765
1,0.203091,0.227835
1,0.203012,0.214433
1,0.202545,0.254935
1,0.202537,0.202967
1,0.202392,0.215105
1,0.201404,0.208988
1,0.201387,0.325745
1,0.200753,0.244912
1,0.200394,0.250922
1,0.200297,0.27027
1,0.199945,0.201649
1,0.199371,0.212078
1,0.198758,0.200968
1,0.198203,0.23381
1,0.198195,0.323022
1,0.197873,0.26896
1,0.197826,0.20561
1,0.197678,0.299517
1,0.197405,0.221059
1,0.197399,0.201726
1,0.196872,0.235033
1,0.196163,0.203021
1,0.195861,0.263153
1,0.195643,0.221019
1,0.195599,0.225778
1,0.195425,0.249678
1,0.195123,0.205641
1,0.194574,0.223763
1,0.194094,0.237796
1,0.193948,0.263531
1,0.193849,0.19419
1,0.193801,0.239385
1,0.19331,0.224737
1,0.193163,0.198389
1,0.192912,0.221722
1,0.192888,0.202957
1,0.192659,0.220116
1,0.192471,0.279946
1,0.19228,0.205817
1,0.191971,0.199818
1,0.190993,0.192905
1,0.190982,0.225016
1,0.190924,0.245403
1,0.190368,0.240471
1,0.190161,0.273843
1,0.189601,0.208372
1,0.189434,0.303953
1,0.18928,0.205602
1,0.188764,0.213479
1,0.187851,0.266445
1,0.187481,0.273415
1,0.187221,0.195563
1,0.187197,0.193007
1,0.187165,0.194247
1,0.187103,0.252102
1,0.186751,0.196342
1,0.186297,0.213372
1,0.18621,0.249248
1,0.186117,0.229485
1,0.186035,0.194922
1,0.185975,0.260195
1,0.185858,0.280702
1,0.185485,0.197628
1,0.185375,0.272325
1,0.184898,0.24585
1,0.184726,0.18821
1,0.184672,0.281646
1,0.18465,0.239583
1,0.18412,0.223825
1,0.184114,0.194792
1,0.18407,0.203589
1,0.184007,0.184621
1,0.183572,0.206891
1,0.182814,0.217998
1,0.182459,0.21563
1,0.182457,0.201283
1,0.182355,0.184442
1,0.181995,0.225305
1,0.181333,0.226074
1,0.181134,0.279815
1,0.1809,0.191043
1,0.180497,0.225746
1,0.180326,0.19463
1,0.180111,0.196519
1,0.179757,0.181652
1,0.179526,0.181389
1,0.179371,0.216818
1,0.179127,0.246213
1,0.178372,0.192302
1,0.177824,0.200858
1,0.177793,0.247316
1,0.177553,0.187859
1,0.177449,0.222569
1,0.177182,0.188001
1,0.177178,0.180043
1,0.177107,0.181268
1,0.177023,0.262922
1,0.176756,0.196185
1,0.176727,0.189852
1,0.176693,0.241557
1,0.176412,0.185189
1,0.175588,0.180494
1,0.175381,0.175444
1,0.175011,0.260166
1,0.174163,0.221557
1,0.174117,0.181006
1,0.174025,0.262838
1,0.173837,0.200054
1,0.173379,0.235129
1,0.172888,0.193451
1,0.172718,0.181565
1,0.172512,0.180572
1,0.172505,0.189433
1,0.17243,0.233514
1,0.172121,0.174558
1,0.17139,0.17678
1,0.170758,0.188031
1,0.170701,0.174007
1,0.170154,0.191532
1,0.169779,0.189852
1,0.169772,0.182047
1,0.168824,0.175747
1,0.168588,0.194914
1,0.168122,0.172074
1,0.168088,0.188991
1,0.16808,0.195035
1,0.167677,0.186641
1,0.167198,0.17575
1,0.166803,0.188285
1,0.166443,0.205436
1,0.166233,0.225402
1,0.165981,0.16971
1,0.16595,0.166595
1,0.165846,0.180843
1,0.1656,0.240115
1,0.165133,0.169836
1,0.16509,0.278475
1,0.165089,0.202957
1,0.165061,0.177925
1,0.164918,0.174066
1,0.163877,0.16896
1,0.162892,0.243358
1,0.162631,0.191139
1,0.162547,0.215706
1,0.162371,0.202387
1,0.161533,0.182796
1,0.161093,0.165166
1,0.160606,0.191529
1,0.160485,0.162011
1,0.159929,0.172326
1,0.159492,0.160086
1,0.159358,0.189734
1,0.159124,0.16335
1,0.159077,0.166331
1,0.158962,0.263566
1,0.158064,0.171375
1,0.157883,0.179294
1,0.157855,0.169149
1,0.157766,0.20989
1,0.157449,0.177601
1,0.157379,0.177756
1,0.157369,0.201586
1,0.157175,0.161081
1,0.156912,0.178742
1,0.156861,0.188418
1,0.156796,0.182935
1,0.156762,0.183412
1,0.156317,0.166417
1,0.156027,0.183691
1,0.15575,0.190383
1,0.155642,0.174193
1,0.155556,0.175921
1,0.155506,0.185996
1,0.155089,0.167538
1,0.155066,0.167588
1,0.154865,0.174797
1,0.154503,0.164815
1,0.154475,0.225272
1,0.154201,0.165429
1,0.15397,0.195935
1,0.153863,0.157615
1,0.153672,0.187154
1,0.153626,0.15817
1,0.153323,0.167919
1,0.152759,0.209501
1,0.15273,0.157738
1,0.152633,0.15501
1,0.152483,0.163196
1,0.152262,0.163295
1,0.152137,0.178473
1,0.151923,0.15762
1,0.151763,0.191284
1,0.15145,0.15854
1,0.151179,0.183175
1,0.151165,0.175388
1,0.150552,0.166934
1,0.149853,0.174088
1,0.149024,0.160591
1,0.148579,0.15762
1,0.148342,0.149189
1,0.14795,0.160528
1,0.147604,0.203673
1,0.147344,0.177547
1,0.147235,0.177634
1,0.146991,0.150561
1,0.146905,0.164085
1,0.146804,0.1479
1,0.146603,0.150235
1,0.145992,0.164858
1,0.14593,0.148529
1,0.145774,0.188953
1,0.145772,0.165544
1,0.145376,0.18785
1,0.145374,0.163405
1,0.145307,0.15408
1,0.145242,0.148133
1,0.145172,0.169161
1,0.144747,0.149783
1,0.144427,0.145965
1,0.14418,0.16368
1,0.144176,0.165102
1,0.144162,0.158616
1,0.143866,0.149362
1,0.143771,0.170464
1,0.143602,0.149303
1,0.14359,0.145746
1,0.142459,0.15643
1,0.142244,0.162942
1,0.142131,0.15103
1,0.142125,0.162485
1,0.142104,0.143053
1,0.141953,0.177951
1,0.141819,0.142563
1,0.141794,0.143339
1,0.141228,0.187538
1,0.141155,0.14869
1,0.141135,0.143261
1,0.140944,0.166781
1,0.140883,0.150012
1,0.140776,0.145029
1,0.140574,0.149756
1,0.1405,0.14753
1,0.140423,0.14421
1,0.1404,0.150999
1,0.140369,0.145759
1,0.13982,0.213919
1,0.139759,0.141574
1,0.13959,0.141888
1,0.139343,0.168848
1,0.13934,0.141905
1,0.139325,0.146091
1,0.139189,0.142509
1,0.139142,0.149783
1,0.13905,0.153267
1,0.138933,0.14636
1,0.138908,0.178468
1,0.138888,0.163677
1,0.13875,0.140824
1,0.138714,0.158264
1,0.138665,0.150478
1,0.138274,0.152206
1,0.138052,0.143685
1,0.138037,0.190777
1,0.137677,0.1446
1,0.137645,0.141568
1,0.137463,0.178812
1,0.137402,0.1555
1,0.137321,0.176819
1,0.137119,0.203282
1,0.137011,0.13789
1,0.136991,0.180364
1,0.136868,0.178176
1,0.136636,0.149517
1,0.136628,0.170486
1,0.136594,0.147982
1,0.136217,0.181246
1,0.136062,0.172853
1,0.135948,0.142563
1,0.135603,0.159181
1,0.1351,0.138633
1,0.135074,0.153122
1,0.135064,0.150501
1,0.134831,0.162323
1,0.13476,0.139224
1,0.134662,0.135996
1,0.13426,0.154397
1,0.134234,0.134283
1,0.134224,0.196627
1,0.134091,0.16915
1,0.134077,0.136016
1,0.133965,0.143356
1,0.13372,0.145029
1,0.133717,0.139905
1,0.133659,0.157231
1,0.133602,0.151749
1,0.13313,0.153162
1,0.13309,0.177348
1,0.132773,0.138081
1,0.132718,0.137498
1,0.132671,0.156033
1,0.132648,0.140554
1,0.132617,0.142236
1,0.132543,0.143802
1,0.132355,0.152574
1,0.132227,0.163569
1,0.131953,0.188232
1,0.131948,0.136266
1,0.131854,0.156947
1,0.131736,0.161046
1,0.131647,0.156214
1,0.131114,0.143079
1,0.130974,0.140365
1,0.130951,0.163048
1,0.130948,0.140091
1,0.13057,0.134158
1,0.130498,0.130761
1,0.130041,0.149398
1,0.129983,0.131683
1,0.129627,0.133062
1,0.129384,0.135791
1,0.129341,0.137498
1,0.129207,0.151246
1,0.128933,0.148166
1,0.128701,0.136705
1,0.128637,0.161731
1,0.128463,0.14689
1,0.12841,0.186739
1,0.128185,0.141353
1,0.127986,0.145728
1,0.127726,0.148686
1,0.127716,0.131643
1,0.127428,0.131949
1,0.127094,0.138419
1,0.12705,0.206662
1,0.126422,0.152812
1,0.126417,0.132346
1,0.126397,0.155344
1,0.126385,0.169169
1,0.12614,0.136712
1,0.126109,0.132687
1,0.126085,0.141466
1,0.126044,0.142747
1,0.126016,0.190276
1,0.125907,0.146572
1,0.12575,0.140001
1,0.125532,0.169464
1,0.125493,0.180579
1,0.125336,0.131673
1,0.125303,0.137854
1,0.125293,0.159198
1,0.125293,0.126288
1,0.125234,0.140776
1,0.125077,0.152351
1,0.124987,0.145674
1,0.124951,0.127455
1,0.124934,0.132866
1,0.124881,0.145346
1,0.12484,0.138633
1,0.124795,0.145779
1,0.124366,0.138718
1,0.124161,0.128253
1,0.124095,0.124486
1,0.124038,0.142236
1,0.123987,0.145421
1,0.123933,0.16175
1,0.123642,0.126374
1,0.12348,0.150948
1,0.123058,0.178458
1,0.122789,0.130951
1,0.122718,0.13346
1,0.122527,0.152624
1,0.122084,0.138529
1,0.121966,0.136261
1,0.12193,0.141116
1,0.121756,0.127347
1,0.12119,0.123897
1,0.120766,0.122975
1,0.120689,0.127347
1,0.120544,0.153547
1,0.120536,0.139086
1,0.12046,0.143275
1,0.120397,0.122362
1,0.120149,0.122722
1,0.120032,0.137529
1,0.119936,0.133149
1,0.119904,0.184798
1,0.119636,0.165323
1,0.119614,0.16097
1,0.119569,0.122777
1,0.119427,0.124492
1,0.119383,0.122774
1,0.119371,0.133275
1,0.119342,0.157603
1,0.119282,0.1395
1,0.119265,0.166658
1,0.119061,0.127494
1,0.119011,0.186242
1,0.118912,0.144935
1,0.118862,0.123067
1,0.118722,0.144407
1,0.118575,0.127176
1,0.11849,0.166743
1,0.118342,0.119482
1,0.118327,0.138001
1,0.118185,0.124734
1,0.11806,0.126073
1,0.118018,0.184327
1,0.117976,0.123867
1,0.117972,0.12401
1,0.117695,0.118151
1,0.11729,0.119501
1,0.117175,0.124678
1,0.117154,0.17337
1,0.116986,0.15549
1,0.116792,0.123485
1,0.116668,0.116897
1,0.116613,0.142246
1,0.116555,0.129031
1,0.116471,0.138599
1,0.116062,0.123166
1,0.115994,0.120427
1,0.115483,0.127431
1,0.115461,0.11576
1,0.115351,0.13101
1,0.115275,0.116991
1,0.115221,0.12939
1,0.115144,0.121183
1,0.114487,0.129971
1,0.114387,0.148263
1,0.114346,0.135107
1,0.114227,0.116619
1,0.114083,0.159338
1,0.114033,0.130285
1,0.113964,0.149708
1,0.113902,0.114749
1,0.113898,0.158536
1,0.11387,0.124669
1,0.113693,0.122212
1,0.113476,0.153066
1,0.113445,0.114575
1,0.113409,0.16058
1,0.113391,0.124204
1,0.113359,0.124222
1,0.112901,0.139938
1,0.112886,0.134314
1,0.112819,0.120035
1,0.112634,0.131723
1,0.112609,0.128721
1,0.112317,0.124378
1,0.112233,0.122618
1,0.11205,0.140245
1,0.111884,0.112389
1,0.111773,0.116113
1,0.111751,0.167138
1,0.111659,0.119478
1,0.111485,0.124503
1,0.111462,0.153135
1,0.111191,0.124507
1,0.111087,0.134004
1,0.11102,0.114567
1,0.11097,0.115028
1,0.110964,0.114775
1,0.11094,0.117299
1,0.110859,0.124099
1,0.11085,0.118576
1,0.110849,0.128417
1,0.110623,0.150782
1,0.110469,0.117898
1,0.110323,0.149682
1,0.110294,0.118624
1,0.11016,0.113076
1,0.110127,0.130896
1,0.110062,0.113806
1,0.109992,0.134355
1,0.109745,0.131318
1,0.109235,0.12634
1,0.109227,0.137544
1,0.109222,0.110775
1,0.109147,0.114332
1,0.109091,0.111472
1,0.109067,0.113532
1,0.108854,0.126091
1,0.108795,0.117859
1,0.108633,0.137554
1,0.108555,0.148083
1,0.108309,0.126755
1,0.108076,0.109502
1,0.108039,0.157102
1,0.107958,0.112333
1,0.107918,0.108094
1,0.10787,0.153242
1,0.10787,0.142142
1,0.107854,0.114918
1,0.107779,0.126159
1,0.107704,0.133535
1,0.107678,0.114433
1,0.107636,0.161545
1,0.107578,0.112924
1,0.10741,0.112076
1,0.107346,0.125096
1,0.107338,0.129975
1,0.107291,0.136471
1,0.107236,0.109921
1,0.107231,0.120141
1,0.107165,0.131841
1,0.107056,0.135591
1,0.107039,0.125277
1,0.107014,0.135761
1,0.106967,0.112105
1,0.106844,0.108416
1,0.106825,0.130017
1,0.106799,0.123842
1,0.106706,0.160304
1,0.106525,0.125144
1,0.10652,0.148673
1,0.10648,0.123527
1,0.106295,0.111636
1,0.106274,0.110723
1,0.106229,0.107857
1,0.106228,0.110059
1,0.106156,0.132072
1,0.106139,0.128062
1,0.106008,0.114449
1,0.105951,0.129783
1,0.10566,0.142043
1,0.105581,0.138938
1,0.105567,0.135989
1,0.105499,0.116814
1,0.105354,0.131441
1,0.105187,0.114527
1,0.105172,0.131912
1,0.105086,0.106135
1,0.105071,0.11059
1,0.105065,0.146267
1,0.105047,0.116212
1,0.104926,0.12393
1,0.104926,0.11986
1,0.104923,0.154993
1,0.104844,0.109536
1,0.104736,0.133575
1,0.104723,0.116198
1,0.104493,0.105014
1,0.104481,0.172932
1,0.104399,0.106881
1,0.104246,0.115358
1,0.104208,0.125737
1,0.10419,0.104886
1,0.103948,0.107966
1,0.103937,0.122447
1,0.103776,0.124258
1,0.103774,0.119367
1,0.103739,0.104841
1,0.103676,0.125841
1,0.103628,0.147563
1,0.103588,0.104724
1,0.1035,0.105369
1,0.103354,0.151564
1,0.10332,0.144146
1,0.103221,0.132439
1,0.103155,0.127116
1,0.103139,0.168852
1,0.102818,0.129924
1,0.102785,0.115125
1,0.1027,0.10354
1,0.102417,0.112076
1,0.102405,0.124474
1,0.102281,0.141139
1,0.102146,0.150745
1,0.102041,0.135951
1,0.101875,0.104069
1,0.101847,0.101942
1,0.101835,0.10764
1,0.101797,0.105411
1,0.101699,0.110789
1,0.101684,0.150651
1,0.101678,0.116405
1,0.101554,0.110387
1,0.101526,0.140461
1,0.10148,0.111658
1,0.101375,0.104584
1,0.101321,0.106794
1,0.101294,0.121391
1,0.101281,0.109974
1,0.100901,0.114206
1,0.100833,0.106832
1,0.100794,0.111436
1,0.10079,0.143218
1,0.100736,0.104011
1,0.100644,0.102071
1,0.100631,0.122279
1,0.100527,0.119541
1,0.100236,0.124288
1,0.100209,0.120614
1,0.10017,0.113092
1,0.100109,0.126539
1,0.0999994,0.160896
1,0.0999857,0.102807
1,0.0998298,0.162629
1,0.0998183,0.104122
1,0.099806,0.100722
1,0.0998049,0.159545
1,0.0997347,0.104917
1,0.0997227,0.121487
1,0.0996932,0.108573
1,0.0996326,0.102227
1,0.0996247,0.109921
1,0.0995711,0.105034
1,0.0994899,0.133827
1,0.0993618,0.138779
1,0.0993213,0.129811
1,0.0992765,0.104088
1,0.0992729,0.116557
1,0.0992039,0.102661
1,0.0989906,0.100449
1,0.0988759,0.106697
1,0.0988662,0.104674
1,0.098783,0.106015
1,0.0986265,0.157045
1,0.0986027,0.108729
1,0.0985857,0.118325
1,0.0985752,0.123302
1,0.0984289,0.101635
1,0.0983729,0.102866
1,0.0983108,0.112609
1,0.0983054,0.133581
1,0.0983023,0.136263
1,0.0981109,0.150858
1,0.0980792,0.104125
1,0.0979755,0.11347
1,0.0979327,0.137886
1,0.0978188,0.128122
1,0.0978014,0.112741
1,0.0977129,0.103493
1,0.0976583,0.110743
1,0.0973409,0.116502
1,0.0968497,0.103144
1,0.0966126,0.122463
1,0.0965371,0.114066
1,0.0965127,0.125863
1,0.0959838,0.110333
1,0.0959077,0.141991
1,0.0958403,0.0970711
1,0.0957208,0.0973615
1,0.0956856,0.114151
1,0.0956657,0.0970338
1,0.0956018,0.124193
1,0.0954805,0.11732
1,0.0954753,0.0963759
1,0.0953726,0.102629
1,0.095289,0.118406
1,0.0952373,0.121897
1,0.0951817,0.0963084
1,0.0951294,0.14687
1,0.0950404,0.095078
1,0.0950094,0.119808
1,0.0948749,0.100953
1,0.0947821,0.0951532
1,0.0947263,0.0978081
1,0.0946904,0.100202
1,0.0944075,0.132361
1,0.0943919,0.11035
1,0.0943556,0.117023
1,0.0941581,0.118391
1,0.0941467,0.0957817
1,0.094122,0.142847
1,0.0940691,0.119691
1,0.0940322,0.108449
1,0.093978,0.127328
1,0.0939685,0.0964007
1,0.0938531,0.117864
1,0.0938433,0.0958069
1,0.0938304,0.143253
1,0.0937726,0.0951862
1,0.0936856,0.095236
1,0.0935816,0.140681
1,0.0935513,0.098974
1,0.0934135,0.0953938
1,0.0933934,0.1012
1,0.0933873,0.102333
1,0.0933258,0.126265
1,0.0933182,0.095461
1,0.0932828,0.0982682
1,0.0932806,0.0940971
1,0.0932525,0.0994054
1,0.0931577,0.118457
1,0.0930801,0.114817
1,0.093079,0.099516
1,0.0929541,0.101708
1,0.0929092,0.0977252
1,0.0928812,0.100706
1,0.0926437,0.0989839
1,0.092413,0.0952137
1,0.0923148,0.0996528
1,0.0922843,0.135526
1,0.0922507,0.12977
1,0.0921248,0.124309
1,0.0920384,0.130193
1,0.0920089,0.104627
1,0.0918706,0.0969902
1,0.0916327,0.103158
1,0.0916244,0.127408
1,0.0915971,0.105815
1,0.0915596,0.0953938
1,0.0914437,0.0986974
1,0.0914157,0.0973717
1,0.0914119,0.102446
1,0.0914053,0.158739
1,0.0913583,0.0914009
1,0.0913401,0.109883
1,0.0913058,0.14029
1,0.0912023,0.0999544
1,0.0911572,0.094561
1,0.0911385,0.0948969
1,0.0910819,0.0940587
1,0.0910379,0.100531
1,0.0910226,0.117888
1,0.0909174,0.133979
1,0.0908455,0.0964605
1,0.090817,0.0936043
1,0.0907372,0.116213
1,0.0906965,0.142486
1,0.0906891,0.0923594
1,0.0906727,0.109647
1,0.0906372,0.103851
1,0.0905895,0.108986
1,0.0904437,0.0957858
1,0.0904129,0.121614
1,0.0902576,0.103911
1,0.0902487,0.0915901
1,0.0902052,0.130317
1,0.0901216,0.105744
1,0.0900542,0.0939828
1,0.0900349,0.135147
1,0.089961,0.0935382
1,0.0899525,0.108946
1,0.0898803,0.105718
1,0.0898354,0.0965758
1,0.0897722,0.0989416
1,0.0897668,0.112592
1,0.0897334,0.104389
1,0.0894586,0.114825
1,0.0893791,0.10474
1,0.0893575,0.0901842
1,0.0892681,0.0911167
1,0.0892159,0.115322
1,0.0891381,0.108405
1,0.0890388,0.0939641
1,0.0889672,0.102032
1,0.0888335,0.0911017
1,0.0887657,0.0899158
1,0.0887272,0.0983004
1,0.0886119,0.113612
1,0.0885657,0.0972627
1,0.0885076,0.090584
1,0.0884923,0.103758
1,0.0884822,0.095381
1,0.0884809,0.10866
1,0.0883241,0.0908849
1,0.0882658,0.100188
1,0.0881339,0.0936074
1,0.0880212,0.115277
1,0.0879003,0.10253
1,0.0877715,0.102297
1,0.0877605,0.0984163
1,0.087732,0.101183
1,0.0876037,0.0903114
1,0.0876016,0.0984082
1,0.0875455,0.095597
1,0.0875359,0.0942958
1,0.0872567,0.0961588
1,0.0872441,0.110525
1,0.0871807,0.100113
1,0.0870926,0.102787
1,0.0869894,0.09278
1,0.0869639,0.114411
1,0.0868959,0.0930791
1,0.0868024,0.109962
1,0.0867395,0.117724
1,0.0867253,0.0920919
1,0.0866822,0.0977963
1,0.0866273,0.0918059
1,0.0866068,0.123068
1,0.0864663,0.0870607
1,0.08643,0.111033
1,0.0863254,0.0933182
1,0.0862692,0.105109
1,0.0862598,0.123823
1,0.086151,0.0889582
1,0.0858421,0.0987579
1,0.085805,0.109869
1,0.0857873,0.114395
1,0.0857836,0.0976408
1,0.0857059,0.124402
1,0.0856941,0.116175
1,0.0856813,0.0942599
1,0.0856513,0.0925181
1,0.085638,0.0939846
1,0.0855903,0.0926913
1,0.0854174,0.10807
1,0.0853857,0.0869175
1,0.085237,0.10839
1,0.0851772,0.0934966
1,0.0850429,0.098245
1,0.0849628,0.0914638
1,0.0849593,0.0990034
1,0.084548,0.087702
1,0.0845308,0.133203
1,0.0844872,0.0879204
1,0.0844557,0.0897064
1,0.0844196,0.0881726
1,0.0842856,0.101231
1,0.0842816,0.0855152
1,0.0842135,0.0850558
1,0.0841929,0.0877679
1,0.084153,0.101199
1,0.0840296,0.0930598
1,0.0839786,0.0921758
1,0.0839463,0.0933818
1,0.0838517,0.110032
1,0.0838221,0.112564
1,0.0837793,0.0920879
1,0.0836233,0.10618
1,0.0835908,0.118837
1,0.0834472,0.113069
1,0.0833265,0.100045
1,0.0832368,0.0988768
1,0.0831975,0.0966749
1,0.0831429,0.0964165
1,0.0831138,0.115393
1,0.083105,0.0868488
1,0.0830976,0.0964165
1,0.0830575,0.0858914
1,0.0830249,0.0836427
1,0.0829429,0.099516
1,0.0829337,0.0941044
1,0.0828899,0.0960969
1,0.0826892,0.0838512
1,0.0826181,0.130494
1,0.082617,0.102332
1,0.0825679,0.115507
1,0.0824203,0.0920513
1,0.0822637,0.0924158
1,0.0822164,0.0963084
1,0.0821893,0.0956579
1,0.0821159,0.106819
1,0.0821032,0.0821802
1,0.0820973,0.127637
1,0.0819609,0.0849932
1,0.0819431,0.087188
1,0.0818517,0.0926296
1,0.0817314,0.0837452
1,0.0816604,0.101016
1,0.0816322,0.094194
1,0.0816162,0.0816737
1,0.0816097,0.101698
1,0.0816053,0.0828334
1,0.0815107,0.120661
1,0.0815014,0.0941499
1,0.0814963,0.0933442
1,0.0813908,0.08212
1,0.0811946,0.0819351
1,0.0811263,0.0860253
1,0.0809781,0.0884275
1,0.0808496,0.0893124
1,0.0808344,0.0899905
1,0.0807858,0.112729
1,0.0807262,0.139304
1,0.0804244,0.101919
1,0.0802754,0.133477
1,0.0802525,0.0808785
1,0.0801652,0.0877587
1,0.0801603,0.0952651
1,0.0800151,0.0957877
1,0.0799717,0.113441
1,0.0798886,0.0849984
1,0.0798594,0.0889562
1,0.0797957,0.13423
1,0.0797548,0.127808
1,0.0797245,0.0929408
1,0.0795668,0.0988616
1,0.0794902,0.105197
1,0.0794817,0.118801
1,0.0794002,0.0798628
1,0.0793431,0.0948422
1,0.0792977,0.113839
1,0.0790612,0.126183
1,0.0790485,0.0850529
1,0.0790406,0.0892754
1,0.0790081,0.0984596
1,0.0788056,0.0889783
1,0.0787966,0.0963893
1,0.0787902,0.0804972
1,0.0787869,0.0978233
1,0.0787814,0.107963
1,0.0787646,0.115804
1,0.0787496,0.0795582
1,0.0787448,0.0797991
1,0.0786768,0.0977076
1,0.0786758,0.114565
1,0.0786125,0.0887832
1,0.0785621,0.0968956
1,0.078534,0.133765
1,0.078506,0.105024
1,0.0784504,0.0957182
1,0.0782221,0.0952564
1,0.0781103,0.0817874
1,0.0780888,0.0832701
1,0.078087,0.0786141
1,0.077903,0.0858032
1,0.0778428,0.0897733
1,0.0778263,0.108783
1,0.0777543,0.0804328
1,0.0777361,0.0952958
1,0.0774881,0.116405
1,0.0774829,0.0838092
1,0.0774605,0.0875771
1,0.0774443,0.0831088
1,0.0773312,0.108183
1,0.0773167,0.0897514
1,0.07729,0.0815211
1,0.0772757,0.0866449
1,0.0771881,0.134315
1,0.077182,0.0820538
1,0.0771414,0.087082
1,0.0770376,0.086398
1,0.0768875,0.0796236
1,0.076852,0.102213
1,0.0767719,0.13579
1,0.0767671,0.0776243
1,0.0767575,0.0921747
1,0.0767558,0.0833903
1,0.0765196,0.0863147
1,0.0765129,0.0770762
1,0.0762976,0.0836467
1,0.0762451,0.103646
1,0.0762394,0.0904029
1,0.0761925,0.0793988
1,0.0761064,0.0869383
1,0.0760911,0.0833407
1,0.0760722,0.084899
1,0.076064,0.0773788
1,0.076028,0.0951874
1,0.0759806,0.088008
1,0.0759585,0.09035
1,0.0758826,0.0841901
1,0.0758716,0.0892959
1,0.075846,0.0801759
1,0.0757548,0.077171
1,0.075736,0.108532
1,0.0757141,0.0804631
1,0.075664,0.0847248
1,0.0756595,0.0763118
1,0.0756447,0.0987172
1,0.0755634,0.0766858
1,0.0755188,0.0852386
1,0.0755041,0.0812398
1,0.0754056,0.104225
1,0.0753764,0.0828277
1,0.0753454,0.101935
1,0.0753442,0.0938938
1,0.0751872,0.109284
1,0.07514,0.0920794
1,0.0751038,0.0782439
1,0.075027,0.0915576
1,0.0750097,0.0766307
1,0.0749438,0.0968387
1,0.0749406,0.0818677
1,0.0748772,0.116085
1,0.074846,0.0758604
1,0.0747422,0.0887275
1,0.0746913,0.101491
1,0.0746659,0.092313
1,0.0746092,0.111444
1,0.0745842,0.117573
1,0.0745567,0.0784381
1,0.0745514,0.0866225
1,0.0745123,0.101252
1,0.0744772,0.099276
1,0.0743974,0.0744673
1,0.0743857,0.0941372
1,0.0743466,0.0895216
1,0.0743323,0.0983
1,0.0743213,0.1115
1,0.074319,0.0788686
1,0.0743125,0.116138
1,0.074273,0.13102
1,0.0742408,0.0850348
1,0.0742224,0.0890512
1,0.0742161,0.0862555
1,0.0742038,0.0857054
1,0.074192,0.104656
1,0.0741857,0.10471
1,0.0738887,0.0950633
1,0.0738723,0.0942599
1,0.073771,0.0908865
1,0.0737478,0.0773459
1,0.0735865,0.0863126
1,0.0734501,0.0798837
1,0.0732911,0.080693
1,0.0732155,0.0930865
1,0.073127,0.0977186
1,0.0730084,0.100809
1,0.0728853,0.0786933
1,0.0728707,0.0799442
1,0.0726191,0.131657
1,0.0724733,0.075642
1,0.0724675,0.089018
1,0.0724351,0.0730622
1,0.0724165,0.104673
1,0.0723313,0.0905685
1,0.0722908,0.0798853
1,0.0722674,0.0976736
1,0.0722272,0.0984075
1,0.0722265,0.0876012
1,0.0721382,0.0916992
1,0.0720899,0.0722379
1,0.0719921,0.0920072
1,0.0719308,0.0755075
1,0.0719204,0.0744457
1,0.0719016,0.0865365
1,0.0717339,0.0780169
1,0.071644,0.100154
1,0.0715742,0.100794
1,0.0715553,0.09535
1,0.0712494,0.0757526
1,0.071131,0.0763214
1,0.0709938,0.0787018
1,0.0709809,0.0969744
1,0.0709607,0.0979352
1,0.0709569,0.074123
1,0.0709168,0.0954947
1,0.0708416,0.0830549
1,0.0707975,0.0726501
1,0.0707629,0.0962837
1,0.0707353,0.0843932
1,0.0707263,0.0752338
1,0.0706383,0.0830015
1,0.0704999,0.0738188
1,0.0704343,0.0986849
1,0.0704016,0.0904896
1,0.07009,0.0964287
1,0.0700717,0.0745055
1,0.0700501,0.0713019
1,0.0700364,0.0746744
1,0.0699966,0.0738286
1,0.0699912,0.0749989
1,0.0696638,0.116691
1,0.0696409,0.0835022
1,0.0696013,0.0731402
1,0.0695131,0.0931993
1,0.0694921,0.0788235
1,0.0694792,0.0785511
1,0.0694696,0.0860352
1,0.0694635,0.0712368
1,0.0694624,0.0714278
1,0.0693653,0.0853225
1,0.0692286,0.0850896
1,0.0692186,0.098815
1,0.0691675,0.0747307
1,0.0691325,0.0888919
1,0.0691301,0.0803664
1,0.069066,0.10899
1,0.0690523,0.105337
1,0.0690184,0.0716085
1,0.0689324,0.0846828
1,0.0688664,0.0709336
1,0.068818,0.0923128
1,0.0687809,0.0860383
1,0.0687809,0.0777408
1,0.0686625,0.0921052
1,0.068624,0.0845024
1,0.068623,0.080725
1,0.0684612,0.112549
1,0.068318,0.110437
1,0.0682445,0.0693175
1,0.0682165,0.109071
1,0.0682122,0.0802946
1,0.0681696,0.0701325
1,0.0681476,0.0733384
1,0.0680734,0.0703094
1,0.0680196,0.121117
1,0.068015,0.0769943
1,0.0680036,0.0680929
1,0.0678916,0.0727018
1,0.0676394,0.0720246
1,0.0676189,0.0919691
1,0.0676015,0.0677782
1,0.0675563,0.0898381
1,0.0674466,0.0676371
1,0.0673879,0.0815214
1,0.0672464,0.0796929
1,0.0672244,0.0703697
1,0.0671758,0.070919
1,0.0670743,0.0706494
1,0.0669367,0.0707321
1,0.0668694,0.0732338
1,0.0668449,0.0806618
1,0.0667095,0.0952371
1,0.0666684,0.113463
1,0.06666,0.0780911
1,0.0666035,0.0672766
1,0.0665839,0.115518
1,0.0665176,0.0740621
1,0.0665089,0.116743
1,0.0664816,0.0987388
1,0.0664423,0.0832665
1,0.0662627,0.0779553
1,0.0662218,0.0680245
1,0.0662149,0.0751746
1,0.0662123,0.0926242
1,0.0660836,0.0668982
1,0.0660798,0.0757475
1,0.0660782,0.0900191
1,0.0659275,0.0740827
1,0.0656944,0.0765009
1,0.0655324,0.0719756
1,0.0653491,0.0776515
1,0.065313,0.0805683
1,0.0651625,0.0800037
1,0.0651212,0.066295
1,0.0650842,0.0666266
1,0.0649051,0.0694728
1,0.0648999,0.0751295
1,0.0648445,0.0741883
1,0.0648162,0.070842
1,0.0647877,0.0766841
1,0.0647845,0.0753114
1,0.0645881,0.0743205
1,0.0644668,0.077303
1,0.0644639,0.0899672
1,0.064448,0.0683274
1,0.0644364,0.0878567
1,0.064394,0.0992327
1,0.0642878,0.0647222
1,0.0642187,0.0703899
1,0.0641412,0.0687601
1,0.0639299,0.0785279
1,0.0636959,0.0690308
1,0.0636905,0.0982163
1,0.0636811,0.0711779
1,0.0634714,0.0710645
1,0.0634238,0.0867829
1,0.0634113,0.0636818
1,0.0632415,0.0854168
1,0.0632268,0.0669223
1,0.0632031,0.0670641
1,0.0631929,0.0810236
1,0.0631635,0.0865166
1,0.0630975,0.108697
1,0.0630651,0.0806148
1,0.0628946,0.107429
1,0.0626568,0.0772488
1,0.0626096,0.0686096
1,0.0626048,0.0834918
1,0.0625716,0.0764026
1,0.0624173,0.063834
1,0.0623342,0.0691825
1,0.0621286,0.0863924
1,0.0620966,0.0993401
1,0.0620416,0.111714
1,0.061738,0.0995974
1,0.0615496,0.0668811
1,0.0615115,0.06409
1,0.0614732,0.0648789
1,0.0614671,0.0627625
1,0.061417,0.0633316
1,0.0613397,0.0634967
1,0.0612206,0.0659272
1,0.0612192,0.0665196
1,0.0611953,0.0616844
1,0.0611662,0.104821
1,0.0610392,0.0710388
1,0.060977,0.0616937
1,0.0609757,0.0617676
1,0.0608821,0.0726512
1,0.0608081,0.0820557
1,0.0607237,0.0792374
1,0.0598242,0.0681142
1,0.0597221,0.0943027
1,0.059718,0.0860671
1,0.0595425,0.0784954
1,0.0592027,0.0747805
1,0.0590397,0.0644146
1,0.0586276,0.0841886
1,0.0585342,0.0612009
1,0.0585048,0.0636721
1,0.0583155,0.0605673
1,0.0582788,0.0591413
1,0.0581792,0.0709431
1,0.0581285,0.0781362
1,0.0580753,0.0748728
1,0.0578202,0.077184
1,0.0575119,0.0637353
1,0.0574659,0.0622988
1,0.0574231,0.0615198
1,0.0572126,0.0753407
1,0.0571821,0.0689792
1,0.0571606,0.0587093
1,0.0571328,0.0585687
1,0.057032,0.080135
1,0.0570032,0.0589665
1,0.0569445,0.058274
1,0.0568721,0.0670394
1,0.0566711,0.0698646
1,0.0565322,0.0656808
1,0.0565315,0.0909391
1,0.0563209,0.082652
1,0.0560433,0.0560778
1,0.0559683,0.0618558
1,0.0559592,0.0636255
1,0.0558837,0.07218
1,0.0556142,0.0724388
1,0.0553728,0.0560791
1,0.0548299,0.0619922
1,0.0543684,0.056098
1,0.0541018,0.0606435
1,0.0540098,0.0661945
1,0.0539386,0.0654741
1,0.0538225,0.0575834
1,0.0536643,0.0589139
1,0.0535602,0.0725338
1,0.0535138,0.0640246
1,0.0534801,0.0563619
1,0.0534639,0.0585325
1,0.0534346,0.0542928
1,0.0530962,0.0663522
1,0.0529368,0.0622859
1,0.0528371,0.0552538
1,0.0526969,0.0544705
1,0.0524479,0.0651068
1,0.0518923,0.0626698
1,0.0513647,0.0830934
1,0.0513217,0.0648551
1,0.0512585,0.0739388
1,0.0511296,0.083571
1,0.0506903,0.0579393
1,0.0505461,0.0541212
1,0.0499227,0.0523879
1,0.0499143,0.0615368
1,0.0497505,0.0741522
1,0.0492936,0.0529816
1,0.0491198,0.0662562
1,0.0490988,0.0514153
1,0.0488679,0.0600116
1,0.047907,0.0677516
1,0.0475635,0.053695
1,0.0469006,0.0472119
1,0.0468859,0.0492662
1,0.0468213,0.0487219
1,0.045925,0.0513418
1,0.0458932,0.049295
1,0.0458741,0.0502342
1,0.0455276,0.0542723
1,0.0454513,0.0701354
1,0.0445392,0.0535365
1,0.0444714,0.0508942
1,0.043821,0.0483957
1,0.0425811,0.0489303
1,0.0423723,0.05187
1,0.0391047,0.0419771
1,0.038415,0.0515984
1,0.0350827,0.0416443
1,0.0345538,0.0353899
1,0.0339539,0.0380166
1,0.0320752,0.0355513
2,1.96786,2.07252
2,0.998027,1.21182
2,0.860857,0.862653
2,0.834669,0.884893
2,0.824275,0.824588
2,0.76599,0.866763
2,0.70927,0.748636
2,0.691486,0.727859
2,0.684974,0.75671
2,0.663226,0.721029
2,0.65497,0.682447
2,0.640794,0.643463
2,0.637312,0.638899
2,0.636609,0.645315
2,0.623892,0.647483
2,0.620715,0.680376
2,0.615797,0.644341
2,0.605193,0.614192
2,0.59926,0.700029
2,0.598762,0.609197
2,0.575044,0.577168
2,0.554456,0.560922
2,0.553649,0.579404
2,0.508258,0.516496
2,0.486618,0.51153
2,0.477224,0.483448
2,0.475278,0.497494
2,0.460221,0.462392
2,0.460034,0.478923
2,0.446369,0.448253
2,0.446271,0.471116
2,0.442672,0.456717
2,0.442416,0.447914
2,0.441584,0.448619
2,0.441579,0.456195
2,0.437228,0.444424
2,0.436928,0.51092
2,0.435655,0.445618
2,0.435616,0.503776
2,0.435352,0.454445
2,0.43356,0.468879
2,0.425793,0.463586
2,0.419124,0.437758
2,0.416671,0.417861
2,0.406262,0.43929
2,0.40462,0.40712
2,0.400839,0.408015
2,0.394033,0.398508
2,0.392574,0.430889
2,0.388662,0.390967
2,0.388609,0.397488
2,0.387865,0.40129
2,0.385286,0.426422
2,0.382357,0.448173
2,0.37798,0.389098
2,0.376533,0.412972
2,0.371562,0.380095
2,0.370123,0.420415
2,0.367201,0.374712
2,0.363433,0.368825
2,0.363255,0.373371
2,0.361375,0.368918
2,0.357707,0.366496
2,0.355538,0.360602
2,0.352868,0.387797
2,0.347585,0.380712
2,0.347088,0.362502
2,0.346862,0.376692
2,0.34232,0.379837
2,0.342133,0.343452
2,0.341121,0.354062
2,0.339845,0.400935
2,0.338758,0.370727
2,0.334608,0.377187
2,0.333266,0.364735
2,0.325745,0.328222
2,0.325038,0.336751
2,0.324369,0.344728
2,0.322403,0.363982
2,0.321503,0.35267
2,0.32098,0.329892
2,0.314003,0.32084
2,0.313344,0.32795
2,0.312774,0.32123
2,0.311689,0.31194
2,0.310251,0.318691
2,0.30932,0.312809
2,0.307094,0.307864
2,0.304633,0.322724
2,0.302743,0.315067
2,0.297098,0.306173
2,0.293691,0.322026
2,0.291154,0.32188
2,0.28523,0.292643
2,0.284839,0.315962
2,0.283225,0.284761
2,0.283149,0.283924
2,0.282378,0.286485
2,0.281567,0.301118
2,0.280446,0.311673
2,0.279916,0.306854
2,0.277529,0.278383
2,0.277005,0.285417
2,0.27671,0.294802
2,0.274662,0.280148
2,0.272003,0.27331
2,0.269292,0.309168
2,0.264769,0.266775
2,0.26355,0.267974
2,0.263321,0.274612
2,0.260204,0.282269
2,0.260002,0.266805
2,0.259056,0.260098
2,0.258711,0.265376
2,0.252513,0.253943
2,0.244919,0.249835
2,0.239721,0.251731
2,0.238211,0.239138
2,0.237289,0.238821
2,0.234078,0.240684
2,0.232327,0.233912
2,0.231619,0.234737
2,0.226411,0.24038
2,0.226306,0.236049
2,0.224846,0.24046
2,0.219172,0.235843
2,0.217994,0.239828
2,0.217389,0.225626
2,0.216874,0.233631
2,0.216834,0.219582
2,0.21599,0.262397
2,0.213479,0.239662
2,0.213459,0.224533
2,0.213335,0.219582
2,0.213051,0.213629
2,0.212256,0.214755
2,0.211881,0.219071
2,0.209501,0.242966
2,0.208165,0.22093
2,0.208082,0.234481
2,0.206898,0.21783
2,0.20612,0.209521
2,0.205331,0.217554
2,0.204476,0.208425
2,0.201855,0.211029
2,0.200991,0.207713
2,0.19975,0.206861
2,0.199012,0.20232
2,0.196419,0.201137
2,0.195117,0.196256
2,0.194167,0.196693
2,0.194016,0.199213
2,0.193704,0.194363
2,0.193442,0.215197
2,0.192074,0.196781
2,0.190186,0.207867
2,0.188644,0.195925
2,0.187923,0.189468
2,0.18649,0.190668
2,0.18644,0.193583
2,0.184981,0.217752
2,0.183266,0.189263
2,0.1814,0.19447
2,0.181186,0.186532
2,0.181017,0.186276
2,0.180924,0.202474
2,0.180778,0.191856
2,0.180106,0.182359
2,0.179824,0.188827
2,0.179778,0.184638
2,0.17859,0.186149
2,0.178054,0.181893
2,0.175084,0.178279
2,0.174323,0.175751
2,0.174323,0.189636
2,0.174097,0.187352
2,0.173693,0.179518
2,0.173024,0.198213
2,0.172593,0.173353
2,0.172092,0.180394
2,0.172042,0.186707
2,0.17147,0.192787
2,0.171285,0.177431
2,0.171209,0.194285
2,0.170764,0.179852
2,0.169837,0.173372
2,0.168898,0.169364
2,0.168853,0.179757
2,0.168343,0.175602
2,0.167812,0.167975
2,0.167089,0.17616
2,0.166221,0.167571
2,0.166085,0.168689
2,0.164642,0.175693
2,0.164395,0.170161
2,0.163295,0.16638
2,0.163135,0.177825
2,0.162273,0.164555
2,0.161806,0.164065
2,0.161688,0.16234
2,0.160882,0.186524
2,0.160801,0.177896
2,0.160241,0.166532
2,0.159491,0.171836
2,0.159257,0.16283
2,0.157853,0.159116
2,0.157836,0.172462
2,0.157693,0.157887
2,0.157347,0.158426
2,0.157303,0.165196
2,0.157274,0.163116
2,0.156969,0.158019
2,0.156662,0.171385
2,0.156056,0.156978
2,0.155906,0.15597
2,0.155737,0.162496
2,0.155479,0.180138
2,0.155069,0.155331
2,0.154262,0.175824
2,0.154178,0.163371
2,0.153581,0.157843
2,0.153118,0.16394
2,0.152841,0.15585
2,0.152457,0.154715
2,0.151891,0.161229
2,0.151564,0.158757
2,0.151073,0.164061
2,0.151073,0.153715
2,0.150831,0.167638
2,0.150428,0.183854
2,0.149489,0.155834
2,0.148932,0.173235
2,0.148688,0.168882
2,0.148688,0.154863
2,0.147273,0.147943
2,0.14689,0.147879
2,0.146771,0.151056
2,0.14668,0.148922
2,0.146096,0.148591
2,0.145558,0.153008
2,0.145464,0.146619
2,0.145264,0.146536
2,0.145027,0.153542
2,0.144517,0.147161
2,0.144516,0.169743
2,0.144367,0.151781
2,0.144139,0.145313
2,0.143975,0.146391
2,0.143865,0.146136
2,0.143052,0.146194
2,0.142944,0.15404
2,0.142465,0.168119
2,0.142238,0.152721
2,0.141767,0.141905
2,0.141691,0.163794
2,0.141642,0.14254
2,0.14138,0.157313
2,0.141145,0.145149
2,0.140563,0.146867
2,0.140461,0.147723
2,0.13978,0.144664
2,0.139134,0.183867
2,0.138752,0.156702
2,0.138056,0.144668
2,0.136835,0.140394
2,0.136744,0.159152
2,0.136669,0.149825
2,0.13646,0.141425
2,0.136324,0.175031
2,0.136265,0.149768
2,0.136232,0.139125
2,0.136226,0.138021
2,0.135721,0.146205
2,0.135591,0.136489
2,0.135514,0.158467
2,0.135408,0.143489
2,0.134785,0.137989
2,0.134136,0.134255
2,0.134072,0.136828
2,0.134036,0.134251
2,0.132239,0.132922
2,0.131749,0.13405
2,0.130977,0.139032
2,0.129551,0.143671
2,0.128727,0.133278
2,0.128336,0.144722
2,0.127895,0.132249
2,0.122951,0.122968
2,0.122944,0.126472
2,0.122317,0.12907
2,0.122062,0.124625
2,0.121654,0.125209
2,0.121374,0.133808
2,0.120902,0.153972
2,0.120578,0.124249
2,0.120492,0.124801
2,0.12014,0.120359
2,0.1201,0.129583
2,0.119914,0.144253
2,0.119897,0.125115
2,0.119271,0.126793
2,0.118977,0.119351
2,0.118338,0.121952
2,0.117402,0.125534
2,0.11686,0.123579
2,0.116168,0.1368
2,0.115679,0.121361
2,0.115534,0.115957
2,0.115128,0.129716
2,0.114808,0.117597
2,0.114515,0.144048
2,0.114337,0.128791
2,0.114234,0.116812
2,0.114109,0.123338
2,0.113989,0.119494
2,0.113403,0.120871
2,0.113235,0.114695
2,0.112799,0.117552
2,0.11251,0.115293
2,0.112234,0.115293
2,0.111976,0.119582
2,0.111764,0.12452
2,0.111356,0.115438
2,0.111135,0.114553
2,0.110868,0.117904
2,0.110513,0.12219
2,0.110411,0.133683
2,0.109587,0.110534
2,0.109181,0.110095
2,0.108948,0.112699
2,0.108892,0.11163
2,0.107578,0.122419
2,0.107025,0.10894
2,0.10699,0.119374
2,0.106667,0.109445
2,0.105844,0.112701
2,0.105737,0.112742
2,0.104815,0.109128
2,0.104011,0.106713
2,0.104011,0.105558
2,0.103444,0.104695
2,0.10332,0.11187
2,0.101688,0.10171
2,0.100767,0.10853
2,0.100522,0.109417
2,0.100238,0.117685
2,0.0999106,0.103633
2,0.0996086,0.106194
2,0.0993904,0.104463
2,0.0989877,0.108998
2,0.0973202,0.109039
2,0.0963604,0.11019
2,0.0947141,0.100891
2,0.0936182,0.096433
2,0.0933702,0.0935628
2,0.0929559,0.101065
2,0.092838,0.0929567
2,0.0927696,0.0962454
2,0.0920902,0.0981527
2,0.0920067,0.110376
2,0.0909185,0.0947288
2,0.0890045,0.0895805
2,0.0886324,0.0897083
2,0.0877474,0.0901261
2,0.0852469,0.0878735
2,0.0843906,0.0934469
2,0.0812441,0.0834503
2,0.0812333,0.0880497
2,0.0799283,0.0882287
2,0.0798146,0.0798435
2,0.0736227,0.0756042
2,0.0665801,0.0729128
2,0.0620812,0.0634824
2,0.0580005,0.0624248
