point cloud with 2079 points in dimension 3
0,0,0.00994532
0,0,0.0102214
0,0,0.0110523
0,0,0.0117971
0,0,0.012712
0,0,0.0128189
0,0,0.0133299
0,0,0.0138673
0,0,0.0157647
0,0,0.0158718
0,0,0.0163036
0,0,0.016412
0,0,0.0170781
0,0,0.017295
0,0,0.018454
0,0,0.0192157
0,0,0.0192214
0,0,0.0195397
0,0,0.0201323
0,0,0.0204016
0,0,0.0208076
0,0,0.0208262
0,0,0.0211384
0,0,0.021464
0,0,0.0233106
0,0,0.0239035
0,0,0.0239348
0,0,0.0240801
0,0,0.0248228
0,0,0.0250718
0,0,0.0253064
0,0,0.0254314
0,0,0.0258266
0,0,0.0259379
0,0,0.0261106
0,0,0.0261661
0,0,0.026334
0,0,0.0263693
0,0,0.0265433
0,0,0.026561
0,0,0.0266586
0,0,0.0266836
0,0,0.0267075
0,0,0.0269139
0,0,0.0271851
0,0,0.0272868
0,0,0.0274374
0,0,0.0275669
0,0,0.0278653
0,0,0.0285827
0,0,0.0287021
0,0,0.0288268
0,0,0.0288398
0,0,0.0290059
0,0,0.02926
0,0,0.0293894
0,0,0.0294442
0,0,0.0294613
0,0,0.0295221
0,0,0.0295347
0,0,0.029609
0,0,0.0297461
0,0,0.0302387
0,0,0.0306152
0,0,0.0307362
0,0,0.030747
0,0,0.0309792
0,0,0.0311171
0,0,0.0311635
0,0,0.0312356
0,0,0.0312357
0,0,0.0313169
0,0,0.0313555
0,0,0.0314145
0,0,0.0320655
0,0,0.0320931
0,0,0.0321881
0,0,0.032191
0,0,0.0324166
0,0,0.0326973
0,0,0.0328133
0,0,0.03295
0,0,0.0329555
0,0,0.0332307
0,0,0.0336567
0,0,0.0337327
0,0,0.0338736
0,0,0.0338954
0,0,0.0341598
0,0,0.0341931
0,0,0.0343048
0,0,0.0345014
0,0,0.0350547
0,0,0.0355281
0,0,0.0355655
0,0,0.0359781
0,0,0.0359795
0,0,0.0361797
0,0,0.0362643
0,0,0.0363058
0,0,0.0370076
0,0,0.0374072
0,0,0.0374445
0,0,0.0374977
0,0,0.0376155
0,0,0.0376639
0,0,0.0379601
0,0,0.0379783
0,0,0.0383714
0,0,0.0386261
0,0,0.0387525
0,0,0.0388656
0,0,0.0391088
0,0,0.0393672
0,0,0.0401414
0,0,0.0402604
0,0,0.0402649
0,0,0.0402802
0,0,0.0403615
0,0,0.0405342
0,0,0.0405983
0,0,0.0406372
0,0,0.0406508
0,0,0.0407343
0,0,0.0408104
0,0,0.0408546
0,0,0.040863
0,0,0.0410458
0,0,0.0411371
0,0,0.0412143
0,0,0.0412561
0,0,0.0412884
0,0,0.041326
0,0,0.0413381
0,0,0.041388
0,0,0.0414216
0,0,0.0414538
0,0,0.0414607
0,0,0.0416238
0,0,0.0417434
0,0,0.0417731
0,0,0.0418759
0,0,0.0418925
0,0,0.0419192
0,0,0.0419463
0,0,0.0420677
0,0,0.042083
0,0,0.0421675
0,0,0.0421887
0,0,0.0422805
0,0,0.0423577
0,0,0.0424879
0,0,0.0425092
0,0,0.0425162
0,0,0.042573
0,0,0.0425749
0,0,0.0425905
0,0,0.0426497
0,0,0.0426821
0,0,0.0427037
0,0,0.0427681
0,0,0.0430846
0,0,0.0432299
0,0,0.0437508
0,0,0.0437583
0,0,0.0439017
0,0,0.044026
0,0,0.0440952
0,0,0.044166
0,0,0.0441676
0,0,0.0443145
0,0,0.0443536
0,0,0.0446456
0,0,0.0446809
0,0,0.0446966
0,0,0.0448234
0,0,0.044832
0,0,0.0450109
0,0,0.0450136
0,0,0.0450425
0,0,0.0451673
0,0,0.0453185
0,0,0.045417
0,0,0.0455317
0,0,0.0455685
0,0,0.0456888
0,0,0.0457779
0,0,0.0459265
0,0,0.0460182
0,0,0.0460991
0,0,0.0461884
0,0,0.0461943
0,0,0.0462961
0,0,0.0463572
0,0,0.0464743
0,0,0.0466131
0,0,0.0466156
0,0,0.0469061
0,0,0.0470274
0,0,0.0473202
0,0,0.0474966
0,0,0.0475168
0,0,0.0478344
0,0,0.0480833
0,0,0.0485443
0,0,0.0487308
0,0,0.0487597
0,0,0.0487853
0,0,0.0488261
0,0,0.0488633
0,0,0.0490064
0,0,0.0495093
0,0,0.0496385
0,0,0.0498148
0,0,0.0498476
0,0,0.0499863
0,0,0.0499961
0,0,0.0500067
0,0,0.0500177
0,0,0.0501987
0,0,0.0502405
0,0,0.050277
0,0,0.0504852
0,0,0.0506213
0,0,0.0507166
0,0,0.0509261
0,0,0.051009
0,0,0.0512494
0,0,0.0513135
0,0,0.0513778
0,0,0.0514446
0,0,0.0515567
0,0,0.0516556
0,0,0.0520454
0,0,0.0522314
0,0,0.0528036
0,0,0.0529775
0,0,0.0530286
0,0,0.0532838
0,0,0.0532979
0,0,0.0533211
0,0,0.0533251
0,0,0.0533309
0,0,0.053451
0,0,0.0534825
0,0,0.0535157
0,0,0.0536544
0,0,0.0540021
0,0,0.0540185
0,0,0.0541675
0,0,0.0541841
0,0,0.0545046
0,0,0.0548951
0,0,0.0549072
0,0,0.0549265
0,0,0.0549752
0,0,0.0550537
0,0,0.0551166
0,0,0.0552262
0,0,0.0553516
0,0,0.055582
0,0,0.0557181
0,0,0.0559295
0,0,0.0560299
0,0,0.0560674
0,0,0.0560757
0,0,0.0561094
0,0,0.0562496
0,0,0.0563889
0,0,0.0565139
0,0,0.0565904
0,0,0.0567024
0,0,0.0567355
0,0,0.0567508
0,0,0.0568417
0,0,0.057185
0,0,0.0573044
0,0,0.0573168
0,0,0.0573335
0,0,0.0573456
0,0,0.0573552
0,0,0.057701
0,0,0.0577031
0,0,0.0579749
0,0,0.0580715
0,0,0.0580999
0,0,0.0582776
0,0,0.0588389
0,0,0.0589183
0,0,0.0590162
0,0,0.0591339
0,0,0.0591405
0,0,0.0593167
0,0,0.0593711
0,0,0.0594005
0,0,0.0594843
0,0,0.0595634
0,0,0.0596088
0,0,0.0597192
0,0,0.059746
0,0,0.0598119
0,0,0.0598471
0,0,0.060043
0,0,0.0600763
0,0,0.0600847
0,0,0.0600974
0,0,0.0601196
0,0,0.0601459
0,0,0.0602729
0,0,0.0604308
0,0,0.0606091
0,0,0.0606987
0,0,0.0608703
0,0,0.0609205
0,0,0.0610199
0,0,0.0612382
0,0,0.0613758
0,0,0.0616497
0,0,0.061701
0,0,0.0617129
0,0,0.0618132
0,0,0.0618179
0,0,0.0618496
0,0,0.0621904
0,0,0.062203
0,0,0.0622181
0,0,0.0622745
0,0,0.0623705
0,0,0.0624799
0,0,0.0625457
0,0,0.062706
0,0,0.0627066
0,0,0.0627071
0,0,0.0627834
0,0,0.0627896
0,0,0.0628407
0,0,0.062853
0,0,0.0629196
0,0,0.062939
0,0,0.0629645
0,0,0.0630057
0,0,0.0630247
0,0,0.0630578
0,0,0.0630666
0,0,0.06315
0,0,0.063199
0,0,0.0632444
0,0,0.0633379
0,0,0.0635712
0,0,0.0636107
0,0,0.0636534
0,0,0.063697
0,0,0.0637774
0,0,0.0638078
0,0,0.0639101
0,0,0.0639196
0,0,0.0639749
0,0,0.0640054
0,0,0.0640939
0,0,0.0641881
0,0,0.0642946
0,0,0.0643485
0,0,0.0643524
0,0,0.0643623
0,0,0.0643993
0,0,0.0644914
0,0,0.0646564
0,0,0.0646734
0,0,0.0648105
0,0,0.0648657
0,0,0.0648906
0,0,0.0651439
0,0,0.065238
0,0,0.0653058
0,0,0.0655827
0,0,0.0656277
0,0,0.0657179
0,0,0.0657262
0,0,0.0657586
0,0,0.0659133
0,0,0.0661058
0,0,0.0661473
0,0,0.0661758
0,0,0.0662011
0,0,0.0662154
0,0,0.0662293
0,0,0.0663014
0,0,0.0663372
0,0,0.066551
0,0,0.0665515
0,0,0.0666109
0,0,0.0668176
0,0,0.0670636
0,0,0.0671351
0,0,0.0675603
0,0,0.0676412
0,0,0.0677025
0,0,0.067709
0,0,0.067742
0,0,0.0680135
0,0,0.0680662
0,0,0.0682987
0,0,0.0683112
0,0,0.0684261
0,0,0.0684691
0,0,0.0689639
0,0,0.068988
0,0,0.069105
0,0,0.0691643
0,0,0.0692914
0,0,0.0693539
0,0,0.0694055
0,0,0.0694276
0,0,0.0694993
0,0,0.0695615
0,0,0.069764
0,0,0.0697835
0,0,0.0699227
0,0,0.069941
0,0,0.0699981
0,0,0.0699997
0,0,0.0701861
0,0,0.0704104
0,0,0.0704371
0,0,0.0704379
0,0,0.0704676
0,0,0.0705069
0,0,0.0705327
0,0,0.0705611
0,0,0.0706703
0,0,0.0707984
0,0,0.070804
0,0,0.0708055
0,0,0.0708184
0,0,0.0709328
0,0,0.0709403
0,0,0.0709667
0,0,0.0711188
0,0,0.0713375
0,0,0.0713764
0,0,0.0713988
0,0,0.0714229
0,0,0.0714343
0,0,0.0715527
0,0,0.0716922
0,0,0.0717061
0,0,0.0717695
0,0,0.0719404
0,0,0.0720519
0,0,0.0720761
0,0,0.072166
0,0,0.0723778
0,0,0.0724515
0,0,0.0724598
0,0,0.0724719
0,0,0.0725263
0,0,0.0725741
0,0,0.0726078
0,0,0.0726123
0,0,0.0726564
0,0,0.0726678
0,0,0.0726801
0,0,0.072773
0,0,0.0727747
0,0,0.0728428
0,0,0.0729716
0,0,0.0732723
0,0,0.073337
0,0,0.0735935
0,0,0.0736599
0,0,0.0736984
0,0,0.0737318
0,0,0.073939
0,0,0.0741135
0,0,0.0741271
0,0,0.0741489
0,0,0.0741519
0,0,0.0741876
0,0,0.0743186
0,0,0.0744496
0,0,0.0744621
0,0,0.0746939
0,0,0.0747115
0,0,0.0748703
0,0,0.0749525
0,0,0.0750207
0,0,0.0750492
0,0,0.0752451
0,0,0.0755308
0,0,0.0756108
0,0,0.0757017
0,0,0.075771
0,0,0.0758559
0,0,0.0759171
0,0,0.0759866
0,0,0.0761371
0,0,0.0761883
0,0,0.0761885
0,0,0.0762326
0,0,0.0763386
0,0,0.0764075
0,0,0.0767082
0,0,0.0767363
0,0,0.0767502
0,0,0.0768107
0,0,0.0771102
0,0,0.077111
0,0,0.0771709
0,0,0.077254
0,0,0.0773428
0,0,0.0773904
0,0,0.0774372
0,0,0.0774491
0,0,0.077806
0,0,0.077923
0,0,0.0780141
0,0,0.0780669
0,0,0.0781249
0,0,0.0781827
0,0,0.0782383
0,0,0.0782545
0,0,0.078347
0,0,0.0784285
0,0,0.0784769
0,0,0.0787299
0,0,0.0788966
0,0,0.0789564
0,0,0.0790846
0,0,0.0792827
0,0,0.079351
0,0,0.0794656
0,0,0.0795562
0,0,0.0796646
0,0,0.0798575
0,0,0.0799539
0,0,0.0800063
0,0,0.0800223
0,0,0.0800927
0,0,0.0801606
0,0,0.0806295
0,0,0.0806974
0,0,0.0807025
0,0,0.0807029
0,0,0.0808514
0,0,0.0809393
0,0,0.0809949
0,0,0.0810856
0,0,0.0812543
0,0,0.0813364
0,0,0.0813613
0,0,0.0813758
0,0,0.0814059
0,0,0.0815697
0,0,0.0817233
0,0,0.0819143
0,0,0.0819395
0,0,0.0820241
0,0,0.0821341
0,0,0.0822946
0,0,0.0824211
0,0,0.0825879
0,0,0.0826391
0,0,0.0826875
0,0,0.082731
0,0,0.0827367
0,0,0.0827592
0,0,0.0828976
0,0,0.0829831
0,0,0.0830541
0,0,0.0832963
0,0,0.0834107
0,0,0.0837763
0,0,0.0839551
0,0,0.0839849
0,0,0.0840301
0,0,0.0842043
0,0,0.0843739
0,0,0.0846028
0,0,0.0847112
0,0,0.0849565
0,0,0.0849707
0,0,0.0850107
0,0,0.0850695
0,0,0.0850713
0,0,0.0853126
0,0,0.085322
0,0,0.0853616
0,0,0.0853997
0,0,0.0854828
0,0,0.0855415
0,0,0.0856074
0,0,0.0857327
0,0,0.0857911
0,0,0.0858547
0,0,0.0859954
0,0,0.0860223
0,0,0.0861745
0,0,0.0862288
0,0,0.0863545
0,0,0.086374
0,0,0.086443
0,0,0.0864905
0,0,0.0865321
0,0,0.0866358
0,0,0.0867437
0,0,0.0869327
0,0,0.0869474
0,0,0.0869554
0,0,0.0869613
0,0,0.086976
0,0,0.0869874
0,0,0.0870103
0,0,0.087037
0,0,0.0870468
0,0,0.0871608
0,0,0.0871883
0,0,0.0872574
0,0,0.0873668
0,0,0.0873794
0,0,0.0874563
0,0,0.0877575
0,0,0.0877828
0,0,0.0881104
0,0,0.0882696
0,0,0.0883859
0,0,0.0884329
0,0,0.0884998
0,0,0.0892992
0,0,0.0893632
0,0,0.0895059
0,0,0.0895589
0,0,0.0895603
0,0,0.0898272
0,0,0.089852
0,0,0.0899083
0,0,0.08994
0,0,0.0899458
0,0,0.0899774
0,0,0.0903508
0,0,0.0905937
0,0,0.0906564
0,0,0.0908367
0,0,0.0909491
0,0,0.0909671
0,0,0.0912686
0,0,0.0912957
0,0,0.0914025
0,0,0.0914509
0,0,0.0915908
0,0,0.0917665
0,0,0.0918675
0,0,0.0919369
0,0,0.0919802
0,0,0.0920125
0,0,0.0920312
0,0,0.092156
0,0,0.0921778
0,0,0.0921955
0,0,0.0922012
0,0,0.0923687
0,0,0.0924347
0,0,0.0924674
0,0,0.0925486
0,0,0.0926152
0,0,0.0926534
0,0,0.092656
0,0,0.0928375
0,0,0.0928382
0,0,0.0928405
0,0,0.09301
0,0,0.093122
0,0,0.0931583
0,0,0.0931797
0,0,0.093274
0,0,0.0932905
0,0,0.0933061
0,0,0.09344
0,0,0.093458
0,0,0.0935963
0,0,0.0936589
0,0,0.0936721
0,0,0.093714
0,0,0.0940292
0,0,0.0940508
0,0,0.0941359
0,0,0.0941629
0,0,0.0944705
0,0,0.0949276
0,0,0.0949586
0,0,0.0949685
0,0,0.0950389
0,0,0.0950731
0,0,0.095101
0,0,0.0952746
0,0,0.0953051
0,0,0.0956904
0,0,0.0959229
0,0,0.0959552
0,0,0.0961107
0,0,0.0961913
0,0,0.0962327
0,0,0.0963063
0,0,0.096325
0,0,0.0965129
0,0,0.0965378
0,0,0.0965468
0,0,0.0965666
0,0,0.09658
0,0,0.0966585
0,0,0.0967461
0,0,0.0967493
0,0,0.0969521
0,0,0.0970007
0,0,0.0972153
0,0,0.0972886
0,0,0.0973282
0,0,0.0973632
0,0,0.0973971
0,0,0.0974435
0,0,0.097511
0,0,0.097517
0,0,0.0975634
0,0,0.097661
0,0,0.0976998
0,0,0.0978861
0,0,0.0981585
0,0,0.0982297
0,0,0.0982631
0,0,0.0984472
0,0,0.0985731
0,0,0.0987183
0,0,0.0987286
0,0,0.0989133
0,0,0.0990194
0,0,0.0993885
0,0,0.099571
0,0,0.0996285
0,0,0.0996738
0,0,0.0997964
0,0,0.0999223
0,0,0.0999596
0,0,0.100089
0,0,0.100091
0,0,0.100188
0,0,0.100213
0,0,0.100277
0,0,0.100419
0,0,0.100424
0,0,0.100482
0,0,0.10068
0,0,0.100704
0,0,0.101036
0,0,0.101043
0,0,0.101089
0,0,0.101175
0,0,0.101192
0,0,0.101233
0,0,0.101236
0,0,0.10131
0,0,0.101322
0,0,0.101328
0,0,0.101559
0,0,0.101641
0,0,0.101712
0,0,0.101723
0,0,0.10182
0,0,0.102162
0,0,0.102282
0,0,0.102356
0,0,0.102378
0,0,0.102401
0,0,0.102456
0,0,0.102587
0,0,0.102619
0,0,0.102751
0,0,0.103169
0,0,0.10331
0,0,0.103354
0,0,0.103425
0,0,0.103468
0,0,0.103608
0,0,0.103631
0,0,0.103667
0,0,0.10375
0,0,0.103851
0,0,0.103993
0,0,0.103997
0,0,0.104057
0,0,0.104195
0,0,0.104464
0,0,0.104591
0,0,0.104659
0,0,0.104807
0,0,0.104888
0,0,0.105112
0,0,0.105187
0,0,0.105254
0,0,0.105258
0,0,0.10529
0,0,0.105314
0,0,0.105452
0,0,0.105546
0,0,0.105659
0,0,0.105674
0,0,0.105762
0,0,0.105804
0,0,0.105818
0,0,0.105843
0,0,0.105978
0,0,0.106048
0,0,0.106256
0,0,0.106256
0,0,0.106328
0,0,0.106329
0,0,0.106406
0,0,0.106477
0,0,0.106584
0,0,0.106663
0,0,0.106754
0,0,0.106812
0,0,0.106997
0,0,0.107178
0,0,0.107225
0,0,0.107304
0,0,0.107343
0,0,0.107356
0,0,0.107431
0,0,0.10748
0,0,0.107524
0,0,0.107568
0,0,0.107602
0,0,0.107648
0,0,0.107671
0,0,0.107685
0,0,0.10773
0,0,0.107828
0,0,0.10789
0,0,0.107934
0,0,0.10807
0,0,0.10817
0,0,0.108268
0,0,0.108283
0,0,0.108288
0,0,0.108295
0,0,0.108723
0,0,0.108801
0,0,0.108979
0,0,0.108999
0,0,0.109311
0,0,0.109312
0,0,0.109341
0,0,0.109446
0,0,0.109543
0,0,0.109761
0,0,0.109796
0,0,0.109821
0,0,0.109913
0,0,0.109915
0,0,0.110478
0,0,0.110553
0,0,0.110597
0,0,0.110631
0,0,0.11069
0,0,0.110738
0,0,0.11078
0,0,0.111027
0,0,0.111048
0,0,0.111089
0,0,0.111335
0,0,0.111378
0,0,0.111497
0,0,0.111522
0,0,0.111571
0,0,0.111768
0,0,0.112293
0,0,0.112365
0,0,0.112537
0,0,0.112635
0,0,0.112662
0,0,0.112666
0,0,0.112816
0,0,0.112904
0,0,0.113059
0,0,0.113172
0,0,0.113242
0,0,0.113303
0,0,0.113375
0,0,0.113612
0,0,0.11373
0,0,0.113958
0,0,0.114063
0,0,0.114147
0,0,0.114162
0,0,0.114289
0,0,0.114418
0,0,0.11448
0,0,0.114823
0,0,0.114834
0,0,0.11485
0,0,0.114851
0,0,0.114887
0,0,0.114974
0,0,0.114994
0,0,0.115133
0,0,0.115137
0,0,0.115255
0,0,0.11533
0,0,0.115358
0,0,0.115517
0,0,0.11557
0,0,0.115628
0,0,0.115693
0,0,0.115753
0,0,0.115762
0,0,0.115837
0,0,0.115945
0,0,0.116077
0,0,0.116102
0,0,0.116109
0,0,0.116437
0,0,0.116498
0,0,0.116598
0,0,0.11662
0,0,0.116666
0,0,0.116867
0,0,0.116921
0,0,0.117176
0,0,0.117196
0,0,0.117224
0,0,0.117274
0,0,0.117386
0,0,0.117445
0,0,0.117508
0,0,0.117549
0,0,0.117613
0,0,0.117923
0,0,0.11801
0,0,0.118278
0,0,0.118335
0,0,0.118363
0,0,0.118632
0,0,0.118934
0,0,0.118971
0,0,0.119081
0,0,0.119122
0,0,0.119287
0,0,0.119616
0,0,0.119686
0,0,0.119933
0,0,0.11995
0,0,0.120054
0,0,0.120252
0,0,0.120356
0,0,0.120462
0,0,0.120686
0,0,0.120932
0,0,0.12109
0,0,0.12129
0,0,0.121324
0,0,0.121513
0,0,0.12154
0,0,0.121583
0,0,0.121617
0,0,0.121769
0,0,0.121923
0,0,0.122213
0,0,0.122344
0,0,0.122508
0,0,0.122641
0,0,0.122649
0,0,0.122829
0,0,0.122867
0,0,0.12292
0,0,0.122932
0,0,0.122962
0,0,0.123034
0,0,0.123043
0,0,0.123161
0,0,0.123331
0,0,0.123449
0,0,0.123478
0,0,0.12377
0,0,0.12387
0,0,0.123902
0,0,0.123993
0,0,0.124207
0,0,0.124367
0,0,0.124432
0,0,0.124591
0,0,0.124602
0,0,0.124748
0,0,0.124847
0,0,0.125214
0,0,0.125324
0,0,0.125347
0,0,0.125353
0,0,0.125467
0,0,0.125616
0,0,0.125643
0,0,0.125787
0,0,0.125904
0,0,0.125961
0,0,0.126083
0,0,0.126095
0,0,0.126324
0,0,0.126545
0,0,0.126568
0,0,0.126773
0,0,0.12689
0,0,0.126891
0,0,0.12706
0,0,0.127113
0,0,0.127121
0,0,0.127216
0,0,0.127217
0,0,0.127274
0,0,0.127285
0,0,0.127298
0,0,0.127493
0,0,0.127526
0,0,0.127531
0,0,0.127671
0,0,0.127978
0,0,0.128001
0,0,0.128061
0,0,0.128183
0,0,0.128315
0,0,0.128528
0,0,0.128659
0,0,0.12879
0,0,0.128818
0,0,0.128829
0,0,0.129068
0,0,0.129222
0,0,0.129224
0,0,0.129347
0,0,0.129465
0,0,0.129531
0,0,0.129674
0,0,0.129679
0,0,0.129722
0,0,0.129813
0,0,0.12988
0,0,0.129892
0,0,0.130281
0,0,0.130587
0,0,0.130707
0,0,0.130711
0,0,0.130791
0,0,0.130809
0,0,0.130909
0,0,0.131017
0,0,0.131112
0,0,0.131114
0,0,0.131812
0,0,0.131827
0,0,0.131862
0,0,0.131942
0,0,0.131961
0,0,0.132556
0,0,0.132779
0,0,0.132782
0,0,0.132791
0,0,0.132891
0,0,0.132904
0,0,0.132929
0,0,0.132947
0,0,0.13307
0,0,0.133166
0,0,0.133444
0,0,0.133593
0,0,0.13364
0,0,0.133713
0,0,0.133819
0,0,0.133978
0,0,0.134028
0,0,0.134083
0,0,0.134142
0,0,0.134222
0,0,0.134272
0,0,0.134391
0,0,0.134431
0,0,0.134472
0,0,0.13449
0,0,0.134551
0,0,0.134799
0,0,0.134885
0,0,0.135201
0,0,0.135464
0,0,0.135589
0,0,0.135596
0,0,0.135599
0,0,0.135628
0,0,0.135631
0,0,0.135815
0,0,0.135908
0,0,0.135985
0,0,0.136008
0,0,0.136183
0,0,0.136362
0,0,0.13645
0,0,0.136499
0,0,0.136511
0,0,0.136962
0,0,0.136994
0,0,0.137057
0,0,0.13707
0,0,0.137114
0,0,0.137151
0,0,0.137225
0,0,0.137359
0,0,0.137537
0,0,0.137818
0,0,0.138063
0,0,0.138092
0,0,0.138262
0,0,0.138262
0,0,0.138313
0,0,0.138334
0,0,0.138489
0,0,0.138587
0,0,0.139032
0,0,0.139061
0,0,0.139295
0,0,0.139532
0,0,0.139665
0,0,0.139867
0,0,0.139877
0,0,0.139915
0,0,0.140069
0,0,0.140069
0,0,0.140087
0,0,0.140244
0,0,0.140447
0,0,0.140473
0,0,0.140502
0,0,0.140691
0,0,0.140719
0,0,0.140908
0,0,0.140936
0,0,0.141557
0,0,0.141572
0,0,0.141749
0,0,0.141769
0,0,0.142176
0,0,0.142265
0,0,0.142296
0,0,0.142429
0,0,0.142521
0,0,0.143028
0,0,0.143265
0,0,0.143273
0,0,0.143304
0,0,0.143516
0,0,0.143873
0,0,0.144018
0,0,0.144106
0,0,0.144176
0,0,0.144476
0,0,0.144534
0,0,0.144687
0,0,0.144772
0,0,0.145217
0,0,0.145313
0,0,0.145488
0,0,0.145514
0,0,0.145563
0,0,0.145586
0,0,0.145925
0,0,0.145929
0,0,0.145945
0,0,0.145975
0,0,0.146046
0,0,0.146054
0,0,0.146487
0,0,0.146657
0,0,0.146754
0,0,0.146762
0,0,0.146836
0,0,0.146843
0,0,0.146856
0,0,0.146917
0,0,0.146929
0,0,0.147015
0,0,0.147084
0,0,0.147253
0,0,0.147428
0,0,0.14754
0,0,0.147543
0,0,0.147562
0,0,0.147827
0,0,0.147912
0,0,0.148108
0,0,0.148319
0,0,0.148412
0,0,0.148482
0,0,0.148953
0,0,0.148971
0,0,0.149068
0,0,0.149103
0,0,0.149122
0,0,0.149136
0,0,0.149563
0,0,0.149589
0,0,0.149852
0,0,0.149991
0,0,0.150048
0,0,0.150145
0,0,0.150242
0,0,0.150296
0,0,0.150336
0,0,0.150414
0,0,0.150534
0,0,0.150612
0,0,0.150799
0,0,0.15083
0,0,0.150833
0,0,0.15121
0,0,0.151505
0,0,0.151708
0,0,0.151822
0,0,0.151824
0,0,0.151882
0,0,0.152035
0,0,0.152237
0,0,0.152293
0,0,0.152406
0,0,0.152478
0,0,0.152484
0,0,0.15262
0,0,0.152807
0,0,0.153138
0,0,0.153388
0,0,0.153672
0,0,0.153878
0,0,0.153987
0,0,0.154075
0,0,0.154132
0,0,0.154195
0,0,0.154214
0,0,0.154281
0,0,0.15433
0,0,0.154348
0,0,0.154482
0,0,0.154601
0,0,0.154808
0,0,0.155452
0,0,0.15559
0,0,0.15571
0,0,0.155754
0,0,0.156138
0,0,0.156155
0,0,0.156214
0,0,0.156254
0,0,0.156319
0,0,0.156387
0,0,0.156521
0,0,0.156657
0,0,0.156704
0,0,0.156782
0,0,0.156845
0,0,0.156872
0,0,0.157059
0,0,0.157062
0,0,0.157367
0,0,0.15745
0,0,0.157484
0,0,0.157648
0,0,0.157904
0,0,0.157985
0,0,0.158256
0,0,0.158529
0,0,0.158857
0,0,0.159404
0,0,0.159614
0,0,0.159746
0,0,0.160121
0,0,0.160147
0,0,0.160332
0,0,0.160434
0,0,0.160461
0,0,0.160564
0,0,0.160678
0,0,0.160979
0,0,0.161145
0,0,0.161436
0,0,0.161626
0,0,0.161769
0,0,0.161849
0,0,0.162429
0,0,0.162598
0,0,0.162893
0,0,0.162918
0,0,0.162963
0,0,0.162979
0,0,0.163089
0,0,0.163096
0,0,0.163109
0,0,0.163175
0,0,0.163222
0,0,0.163228
0,0,0.163585
0,0,0.163613
0,0,0.163672
0,0,0.163899
0,0,0.163967
0,0,0.164145
0,0,0.16417
0,0,0.164264
0,0,0.164914
0,0,0.164931
0,0,0.165093
0,0,0.165168
0,0,0.16554
0,0,0.165576
0,0,0.165768
0,0,0.165993
0,0,0.166132
0,0,0.166272
0,0,0.166529
0,0,0.166552
0,0,0.166601
0,0,0.166642
0,0,0.166679
0,0,0.16676
0,0,0.16712
0,0,0.167443
0,0,0.167502
0,0,0.167626
0,0,0.167644
0,0,0.167825
0,0,0.168057
0,0,0.168208
0,0,0.168393
0,0,0.168574
0,0,0.169259
0,0,0.169546
0,0,0.169552
0,0,0.169677
0,0,0.169753
0,0,0.170021
0,0,0.170036
0,0,0.170196
0,0,0.170393
0,0,0.170529
0,0,0.170876
0,0,0.170904
0,0,0.170969
0,0,0.171084
0,0,0.171288
0,0,0.171368
0,0,0.17168
0,0,0.171739
0,0,0.171916
0,0,0.172054
0,0,0.172214
0,0,0.172351
0,0,0.172431
0,0,0.172672
0,0,0.172708
0,0,0.172737
0,0,0.173066
0,0,0.173133
0,0,0.173487
0,0,0.173663
0,0,0.173781
0,0,0.17417
0,0,0.174601
0,0,0.174693
0,0,0.174719
0,0,0.174839
0,0,0.174932
0,0,0.175105
0,0,0.175136
0,0,0.17528
0,0,0.175332
0,0,0.175404
0,0,0.17593
0,0,0.175997
0,0,0.176089
0,0,0.176133
0,0,0.176135
0,0,0.17625
0,0,0.176319
0,0,0.176355
0,0,0.176457
0,0,0.176503
0,0,0.176524
0,0,0.176729
0,0,0.177051
0,0,0.177683
0,0,0.177779
0,0,0.177956
0,0,0.17802
0,0,0.17815
0,0,0.178164
0,0,0.178708
0,0,0.179044
0,0,0.179055
0,0,0.179096
0,0,0.179176
0,0,0.179282
0,0,0.179394
0,0,0.179443
0,0,0.179464
0,0,0.179558
0,0,0.179626
0,0,0.179752
0,0,0.18028
0,0,0.180326
0,0,0.180615
0,0,0.180685
0,0,0.180895
0,0,0.18107
0,0,0.181145
0,0,0.181181
0,0,0.181333
0,0,0.18147
0,0,0.181694
0,0,0.181912
0,0,0.182159
0,0,0.18228
0,0,0.182391
0,0,0.18257
0,0,0.182838
0,0,0.182988
0,0,0.183083
0,0,0.183395
0,0,0.183494
0,0,0.18386
0,0,0.183979
0,0,0.183981
0,0,0.184052
0,0,0.184258
0,0,0.184284
0,0,0.184373
0,0,0.184391
0,0,0.184585
0,0,0.184873
0,0,0.1851
0,0,0.185145
0,0,0.185213
0,0,0.185281
0,0,0.18533
0,0,0.185348
0,0,0.18549
0,0,0.185767
0,0,0.18652
0,0,0.186648
0,0,0.186802
0,0,0.18688
0,0,0.187055
0,0,0.18771
0,0,0.187771
0,0,0.187789
0,0,0.187933
0,0,0.187944
0,0,0.187979
0,0,0.188532
0,0,0.188597
0,0,0.188612
0,0,0.188654
0,0,0.18914
0,0,0.189253
0,0,0.189312
0,0,0.189394
0,0,0.189585
0,0,0.189633
0,0,0.189693
0,0,0.189879
0,0,0.189914
0,0,0.189979
0,0,0.190002
0,0,0.190086
0,0,0.190161
0,0,0.190618
0,0,0.190619
0,0,0.190915
0,0,0.191159
0,0,0.191327
0,0,0.191343
0,0,0.191344
0,0,0.191653
0,0,0.19169
0,0,0.1917
0,0,0.191913
0,0,0.192121
0,0,0.192198
0,0,0.192243
0,0,0.192399
0,0,0.192669
0,0,0.193213
0,0,0.193303
0,0,0.193453
0,0,0.193497
0,0,0.193589
0,0,0.193636
0,0,0.193957
0,0,0.194115
0,0,0.194232
0,0,0.19433
0,0,0.194707
0,0,0.194817
0,0,0.194832
0,0,0.195178
0,0,0.195212
0,0,0.195273
0,0,0.195432
0,0,0.195485
0,0,0.195856
0,0,0.195942
0,0,0.19599
0,0,0.196264
0,0,0.196302
0,0,0.196957
0,0,0.197573
0,0,0.198011
0,0,0.198234
0,0,0.198242
0,0,0.198324
0,0,0.198344
0,0,0.198437
0,0,0.198842
0,0,0.19905
0,0,0.199064
0,0,0.199343
0,0,0.199486
0,0,0.199492
0,0,0.199775
0,0,0.200201
0,0,0.20033
0,0,0.200472
0,0,0.200611
0,0,0.200799
0,0,0.201641
0,0,0.202109
0,0,0.202251
0,0,0.202364
0,0,0.202702
0,0,0.202815
0,0,0.203198
0,0,0.203214
0,0,0.203655
0,0,0.203868
0,0,0.203983
0,0,0.204178
0,0,0.204267
0,0,0.204315
0,0,0.204641
0,0,0.204945
0,0,0.204954
0,0,0.205063
0,0,0.205239
0,0,0.205257
0,0,0.205453
0,0,0.206176
0,0,0.206387
0,0,0.206405
0,0,0.206434
0,0,0.206462
0,0,0.206554
0,0,0.209067
0,0,0.209699
0,0,0.209896
0,0,0.209922
0,0,0.210023
0,0,0.210354
0,0,0.210605
0,0,0.210628
0,0,0.211057
0,0,0.211147
0,0,0.211316
0,0,0.211422
0,0,0.211793
0,0,0.211889
0,0,0.212077
0,0,0.212156
0,0,0.212173
0,0,0.212303
0,0,0.212446
0,0,0.212461
0,0,0.212565
0,0,0.213364
0,0,0.213605
0,0,0.213874
0,0,0.213972
0,0,0.214303
0,0,0.214606
0,0,0.21515
0,0,0.215504
0,0,0.215562
0,0,0.215576
0,0,0.215697
0,0,0.21583
0,0,0.215868
0,0,0.217019
0,0,0.217196
0,0,0.217747
0,0,0.21786
0,0,0.218013
0,0,0.218427
0,0,0.218631
0,0,0.218807
0,0,0.219415
0,0,0.219421
0,0,0.219666
0,0,0.219728
0,0,0.220051
0,0,0.22032
0,0,0.220372
0,0,0.220374
0,0,0.220631
0,0,0.220763
0,0,0.220898
0,0,0.220952
0,0,0.221905
0,0,0.2224
0,0,0.222424
0,0,0.222479
0,0,0.222559
0,0,0.222629
0,0,0.223125
0,0,0.223872
0,0,0.224343
0,0,0.224364
0,0,0.224512
0,0,0.224768
0,0,0.224803
0,0,0.22549
0,0,0.225897
0,0,0.226255
0,0,0.22637
0,0,0.226464
0,0,0.22661
0,0,0.227303
0,0,0.228073
0,0,0.228177
0,0,0.228314
0,0,0.228635
0,0,0.228714
0,0,0.228804
0,0,0.229558
0,0,0.229932
0,0,0.229982
0,0,0.229984
0,0,0.230295
0,0,0.230387
0,0,0.230545
0,0,0.230843
0,0,0.231287
0,0,0.231289
0,0,0.231354
0,0,0.231489
0,0,0.231516
0,0,0.231846
0,0,0.232235
0,0,0.232285
0,0,0.232723
0,0,0.232804
0,0,0.23291
0,0,0.233407
0,0,0.233412
0,0,0.233582
0,0,0.233632
0,0,0.23422
0,0,0.234274
0,0,0.23448
0,0,0.234494
0,0,0.235002
0,0,0.235009
0,0,0.235286
0,0,0.235303
0,0,0.235366
0,0,0.235476
0,0,0.235555
0,0,0.235656
0,0,0.236013
0,0,0.236057
0,0,0.236588
0,0,0.236601
0,0,0.236652
0,0,0.237684
0,0,0.237719
0,0,0.238292
0,0,0.239433
0,0,0.239752
0,0,0.239827
0,0,0.239942
0,0,0.240004
0,0,0.240726
0,0,0.241317
0,0,0.241397
0,0,0.241526
0,0,0.242367
0,0,0.242605
0,0,0.242636
0,0,0.243131
0,0,0.243218
0,0,0.243307
0,0,0.24342
0,0,0.244337
0,0,0.244495
0,0,0.244689
0,0,0.244703
0,0,0.245001
0,0,0.245136
0,0,0.245416
0,0,0.245483
0,0,0.245498
0,0,0.245639
0,0,0.245745
0,0,0.245792
0,0,0.246256
0,0,0.246348
0,0,0.246366
0,0,0.246396
0,0,0.246545
0,0,0.246751
0,0,0.247012
0,0,0.247037
0,0,0.247194
0,0,0.247204
0,0,0.247434
0,0,0.247764
0,0,0.247916
0,0,0.247927
0,0,0.248216
0,0,0.248233
0,0,0.248239
0,0,0.248393
0,0,0.248975
0,0,0.24928
0,0,0.24932
0,0,0.249528
0,0,0.249605
0,0,0.249959
0,0,0.249974
0,0,0.250128
0,0,0.250315
0,0,0.251874
0,0,0.251908
0,0,0.252261
0,0,0.25254
0,0,0.252679
0,0,0.253002
0,0,0.253016
0,0,0.253057
0,0,0.25313
0,0,0.25379
0,0,0.254152
0,0,0.254222
0,0,0.255002
0,0,0.25521
0,0,0.255597
0,0,0.255764
0,0,0.255836
0,0,0.256022
0,0,0.256131
0,0,0.256572
0,0,0.256786
0,0,0.256865
0,0,0.256895
0,0,0.257638
0,0,0.258041
0,0,0.258825
0,0,0.258866
0,0,0.258939
0,0,0.259393
0,0,0.25967
0,0,0.259772
0,0,0.26055
0,0,0.260729
0,0,0.261081
0,0,0.261279
0,0,0.261698
0,0,0.2617
0,0,0.261886
0,0,0.26235
0,0,0.262963
0,0,0.263129
0,0,0.263434
0,0,0.263964
0,0,0.263969
0,0,0.264027
0,0,0.264245
0,0,0.264762
0,0,0.264799
0,0,0.26521
0,0,0.265522
0,0,0.265622
0,0,0.265954
0,0,0.266443
0,0,0.266828
0,0,0.267109
0,0,0.267349
0,0,0.267352
0,0,0.267353
0,0,0.267677
0,0,0.267903
0,0,0.268094
0,0,0.269301
0,0,0.269309
0,0,0.269722
0,0,0.269894
0,0,0.270099
0,0,0.271387
0,0,0.27145
0,0,0.271648
0,0,0.272227
0,0,0.272255
0,0,0.27226
0,0,0.272308
0,0,0.272906
0,0,0.273976
0,0,0.274218
0,0,0.274221
0,0,0.274272
0,0,0.274942
0,0,0.275688
0,0,0.27574
0,0,0.276301
0,0,0.277452
0,0,0.278006
0,0,0.278683
0,0,0.27874
0,0,0.2789
0,0,0.279599
0,0,0.280105
0,0,0.280336
0,0,0.280777
0,0,0.281174
0,0,0.28251
0,0,0.282527
0,0,0.283347
0,0,0.283553
0,0,0.284105
0,0,0.284317
0,0,0.284365
0,0,0.284857
0,0,0.285211
0,0,0.285414
0,0,0.286525
0,0,0.286541
0,0,0.28759
0,0,0.287872
0,0,0.288084
0,0,0.288435
0,0,0.288682
0,0,0.288831
0,0,0.288924
0,0,0.289528
0,0,0.2899
0,0,0.290081
0,0,0.290667
0,0,0.290772
0,0,0.290918
0,0,0.291289
0,0,0.291303
0,0,0.291418
0,0,0.291696
0,0,0.292014
0,0,0.292322
0,0,0.29233
0,0,0.292471
0,0,0.293768
0,0,0.293771
0,0,0.294234
0,0,0.294674
0,0,0.295073
0,0,0.295093
0,0,0.295308
0,0,0.297034
0,0,0.297106
0,0,0.297324
0,0,0.298498
0,0,0.298877
0,0,0.299151
0,0,0.299663
0,0,0.29994
0,0,0.300956
0,0,0.301665
0,0,0.301851
0,0,0.302093
0,0,0.30392
0,0,0.305214
0,0,0.305328
0,0,0.305405
0,0,0.306196
0,0,0.306642
0,0,0.307766
0,0,0.308675
0,0,0.309004
0,0,0.312773
0,0,0.312998
0,0,0.313859
0,0,0.315913
0,0,0.316246
0,0,0.316849
0,0,0.316858
0,0,0.317024
0,0,0.317027
0,0,0.317245
0,0,0.317438
0,0,0.317507
0,0,0.318071
0,0,0.318682
0,0,0.319477
0,0,0.321642
0,0,0.321752
0,0,0.321894
0,0,0.322246
0,0,0.323617
0,0,0.326369
0,0,0.328525
0,0,0.328596
0,0,0.328715
0,0,0.329313
0,0,0.329537
0,0,0.329564
0,0,0.332296
0,0,0.333137
0,0,0.333188
0,0,0.333483
0,0,0.333885
0,0,0.333929
0,0,0.334432
0,0,0.334515
0,0,0.334743
0,0,0.33542
0,0,0.335861
0,0,0.336145
0,0,0.33669
0,0,0.337298
0,0,0.337631
0,0,0.339509
0,0,0.339554
0,0,0.339721
0,0,0.340111
0,0,0.34101
0,0,0.342148
0,0,0.342171
0,0,0.342214
0,0,0.34283
0,0,0.343228
0,0,0.343946
0,0,0.344041
0,0,0.344124
0,0,0.344422
0,0,0.344573
0,0,0.344675
0,0,0.345633
0,0,0.347612
0,0,0.349269
0,0,0.351016
0,0,0.351325
0,0,0.351397
0,0,0.353667
0,0,0.3537
0,0,0.354519
0,0,0.355814
0,0,0.356094
0,0,0.356605
0,0,0.357892
0,0,0.358441
0,0,0.358833
0,0,0.360553
0,0,0.361298
0,0,0.36163
0,0,0.362101
0,0,0.362342
0,0,0.362803
0,0,0.363872
0,0,0.364366
0,0,0.364639
0,0,0.365359
0,0,0.365693
0,0,0.367636
0,0,0.367799
0,0,0.368097
0,0,0.369552
0,0,0.370833
0,0,0.371252
0,0,0.372342
0,0,0.373203
0,0,0.374862
0,0,0.376559
0,0,0.377368
0,0,0.379815
0,0,0.381494
0,0,0.381824
0,0,0.382928
0,0,0.385576
0,0,0.38788
0,0,0.388248
0,0,0.388864
0,0,0.389352
0,0,0.38985
0,0,0.392524
0,0,0.39292
0,0,0.393262
0,0,0.393436
0,0,0.394269
0,0,0.39656
0,0,0.397207
0,0,0.397713
0,0,0.399264
0,0,0.404527
0,0,0.404657
0,0,0.407097
0,0,0.41217
0,0,0.412748
0,0,0.41297
0,0,0.413231
0,0,0.413472
0,0,0.417255
0,0,0.42186
0,0,0.428776
0,0,0.433923
0,0,0.440348
0,0,0.442439
0,0,0.443133
0,0,0.445287
0,0,0.445841
0,0,0.44625
0,0,0.44947
0,0,0.45382
0,0,0.456861
0,0,0.457542
0,0,0.457669
0,0,0.4592
0,0,0.461461
0,0,0.462092
0,0,0.463613
0,0,0.46722
0,0,0.468832
0,0,0.47224
0,0,0.475393
0,0,0.484582
0,0,0.486357
0,0,0.487295
0,0,0.48781
0,0,0.493155
0,0,0.494477
0,0,0.498091
0,0,0.499027
0,0,0.499948
0,0,0.503416
0,0,0.503507
0,0,0.506459
0,0,0.508094
0,0,0.510246
0,0,0.511181
0,0,0.521744
0,0,0.523029
0,0,0.529458
0,0,0.53216
0,0,0.535026
0,0,0.540322
0,0,0.54984
0,0,0.549948
0,0,0.552457
0,0,0.55669
0,0,0.564404
0,0,0.56975
0,0,0.577998
0,0,0.578233
0,0,0.582709
0,0,0.582956
0,0,0.598568
0,0,0.619261
0,0,0.6453
0,0,0.727239
0,0,0.739171
0,0,0.78605
0,0,0.808337
0,0,0.884742
0,0,0.909133
0,0,1.04512
0,0,3
1,1.44494,1.53587
1,1.35438,1.47559
1,1.34046,1.3724
1,1.24792,1.70113
1,1.21978,1.22971
1,1.21384,1.22218
1,1.15476,1.4543
1,1.04499,1.1821
1,1.01169,1.02399
1,1.00239,1.01197
1,0.997287,1.33852
1,0.967043,1.00994
1,0.87961,0.888368
1,0.849647,0.905598
1,0.845349,0.852061
1,0.789101,0.854363
1,0.781367,0.789144
1,0.760939,0.843526
1,0.752621,0.759316
1,0.750565,0.801072
1,0.742035,0.905557
1,0.735807,0.863926
1,0.716816,1.14381
1,0.71578,0.761159
1,0.704441,0.713692
1,0.703629,0.773619
1,0.698313,0.803044
1,0.694913,0.784675
1,0.687463,0.705005
1,0.686663,0.711557
1,0.672816,0.889564
1,0.666666,0.989024
1,0.662794,0.68433
1,0.662249,0.847191
1,0.659194,0.751259
1,0.653855,0.698655
1,0.642781,0.647339
1,0.637322,0.789433
1,0.636329,0.659337
1,0.63549,0.64387
1,0.63081,1.11317
1,0.626912,0.811392
1,0.620795,0.654837
1,0.620791,0.66956
1,0.620186,0.646626
1,0.606113,0.754262
1,0.604934,0.618557
1,0.600783,0.764782
1,0.593277,0.631064
1,0.59003,0.615136
1,0.588836,0.590996
1,0.586875,0.681855
1,0.58559,0.682376
1,0.583049,0.614915
1,0.580285,0.62904
1,0.577402,0.758261
1,0.575461,0.621086
1,0.574461,0.580349
1,0.57371,0.597572
1,0.572131,0.600684
1,0.569619,0.723719
1,0.568684,0.707223
1,0.563506,0.567547
1,0.560818,0.652638
1,0.551539,0.556998
1,0.549296,0.639178
1,0.548222,0.564844
1,0.547397,0.56672
1,0.546948,0.762024
1,0.543275,0.589237
1,0.540786,0.572042
1,0.538356,0.541762
1,0.537958,0.746193
1,0.537613,0.567836
1,0.535853,0.584176
1,0.535267,0.561424
1,0.53331,0.680039
1,0.531949,0.670435
1,0.531695,0.576215
1,0.527124,0.576405
1,0.523142,0.603269
1,0.522107,0.526278
1,0.52147,0.549072
1,0.519611,1.03995
1,0.508898,0.676389
1,0.504258,0.586109
1,0.503406,0.595545
1,0.503059,0.54632
1,0.497541,0.597496
1,0.495689,0.570466
1,0.495468,0.513699
1,0.49524,0.597172
1,0.49293,0.909152
1,0.492648,0.662102
1,0.491476,0.549033
1,0.491124,0.537588
1,0.488987,0.495428
1,0.488502,0.528196
1,0.4863,0.699532
1,0.483914,0.545436
1,0.483176,0.571136
1,0.482034,0.718429
1,0.480442,0.506022
1,0.479602,0.691366
1,0.477446,0.58149
1,0.476645,0.487872
1,0.475409,0.479226
1,0.475174,0.502634
1,0.472501,0.517311
1,0.470915,0.484817
1,0.46988,0.913025
1,0.468767,0.524083
1,0.467409,0.525688
1,0.46711,0.529772
1,0.466714,0.48465
1,0.463251,0.484925
1,0.460501,0.665749
1,0.460175,0.51562
1,0.459821,0.498763
1,0.458069,0.556939
1,0.456865,0.473664
1,0.455503,0.649202
1,0.452344,0.486229
1,0.451118,0.46811
1,0.449302,0.725932
1,0.44728,0.517238
1,0.447115,0.510217
1,0.444632,0.467804
1,0.440869,0.450336
1,0.439958,0.482413
1,0.43701,0.455458
1,0.436553,0.478784
1,0.435383,0.463872
1,0.433568,0.600861
1,0.431608,0.474782
1,0.429838,0.457697
1,0.428052,0.436169
1,0.426982,0.513066
1,0.426345,0.557089
1,0.425817,0.427086
1,0.425751,0.468995
1,0.424912,0.450585
1,0.422732,0.485369
1,0.421272,0.466566
1,0.421131,0.494841
1,0.420514,0.547345
1,0.420504,0.567973
1,0.420035,0.585898
1,0.418325,0.452374
1,0.417981,0.421296
1,0.417591,0.419242
1,0.416536,0.422331
1,0.416023,0.457903
1,0.41307,0.483962
1,0.407994,0.416624
1,0.406004,0.43434
1,0.404939,0.546241
1,0.403449,0.445808
1,0.402404,0.425923
1,0.401106,0.794219
1,0.400106,0.401928
1,0.399286,0.455795
1,0.398394,0.400874
1,0.397229,0.419152
1,0.396375,0.431992
1,0.395268,0.443478
1,0.393287,0.482809
1,0.392634,0.395132
1,0.391891,0.447776
1,0.39177,0.449362
1,0.391373,0.435819
1,0.391089,0.426579
1,0.390133,0.432112
1,0.38978,0.508186
1,0.389571,0.434407
1,0.38954,0.392858
1,0.389308,0.434078
1,0.388234,0.432177
1,0.386903,0.421331
1,0.386785,0.534746
1,0.386625,0.593286
1,0.384163,0.446188
1,0.3837,0.451307
1,0.383291,0.419803
1,0.381669,0.398728
1,0.381152,0.47947
1,0.380561,0.644137
1,0.377085,0.425501
1,0.376251,0.436258
1,0.375574,0.570507
1,0.375573,0.455826
1,0.373525,0.399448
1,0.373346,0.40439
1,0.373293,0.502671
1,0.371568,0.372548
1,0.370789,0.397411
1,0.369877,0.472045
1,0.369055,0.381927
1,0.368413,0.688921
1,0.367586,0.406345
1,0.366214,0.417213
1,0.366197,0.394434
1,0.364497,0.367078
1,0.364252,0.372191
1,0.363211,0.388441
1,0.363113,0.369148
1,0.363071,0.366746
1,0.362946,0.379406
1,0.362841,0.389333
1,0.362626,0.504431
1,0.362555,0.446495
1,0.36236,0.375908
1,0.360619,0.450175
1,0.360155,0.373414
1,0.35967,0.398043
1,0.358403,0.498933
1,0.358061,0.42252
1,0.358041,0.430109
1,0.356878,0.412288
1,0.355669,0.404023
1,0.355186,0.411728
1,0.354725,0.537088
1,0.354407,0.356114
1,0.354239,0.402266
1,0.353779,0.423329
1,0.353423,0.364442
1,0.352237,0.519602
1,0.352181,0.477991
1,0.352174,0.368815
1,0.351533,0.423732
1,0.351527,0.372679
1,0.35116,0.395085
1,0.350711,0.369754
1,0.350687,0.358526
1,0.350552,0.469341
1,0.349101,0.354613
1,0.349051,0.363652
1,0.348852,0.381296
1,0.348738,0.384112
1,0.348533,0.428746
1,0.345396,0.39216
1,0.345015,0.357025
1,0.344719,0.365758
1,0.344328,0.372449
1,0.344291,0.365108
1,0.341932,0.60181
1,0.341724,0.350953
1,0.34026,0.405158
1,0.339891,0.342478
1,0.339795,0.340778
1,0.338786,0.574328
1,0.338766,0.371512
1,0.338235,0.365655
1,0.337927,0.605311
1,0.337692,0.359454
1,0.336358,0.510015
1,0.336134,0.483981
1,0.335937,0.365982
1,0.333735,0.789601
1,0.331115,0.37079
1,0.331057,0.33482
1,0.329918,0.338968
1,0.329278,0.343613
1,0.328861,0.333887
1,0.324768,0.440075
1,0.32321,0.408899
1,0.321035,0.373469
1,0.320523,0.479365
1,0.32002,0.408211
1,0.318008,0.485895
1,0.316478,0.499091
1,0.316447,0.449046
1,0.316334,0.329649
1,0.315631,0.320886
1,0.315439,0.374396
1,0.31343,0.343598
1,0.313404,0.344052
1,0.31321,0.403109
1,0.312804,0.329835
1,0.312067,0.369575
1,0.311718,0.328198
1,0.311714,0.37752
1,0.310519,0.37901
1,0.309612,0.325975
1,0.309569,0.373298
1,0.309309,0.387187
1,0.306613,0.371346
1,0.30573,0.319704
1,0.305087,0.317313
1,0.304528,0.312829
1,0.303726,0.308293
1,0.302802,0.406178
1,0.302445,0.383579
1,0.301697,0.307662
1,0.300299,0.316123
1,0.299828,0.312761
1,0.299313,0.305537
1,0.298926,0.307724
1,0.298784,0.389369
1,0.298723,0.345179
1,0.298352,0.357483
1,0.296994,0.420236
1,0.296679,0.30262
1,0.296469,0.337654
1,0.296464,0.297726
1,0.295915,0.453066
1,0.295807,0.341164
1,0.29577,0.30252
1,0.295416,0.300125
1,0.295398,0.297621
1,0.294199,0.41703
1,0.293777,0.294008
1,0.293086,0.460706
1,0.292973,0.361878
1,0.292972,0.324545
1,0.292686,0.305431
1,0.288374,0.288519
1,0.288369,0.323148
1,0.288264,0.421153
1,0.287959,0.462201
1,0.287617,0.433374
1,0.286934,0.297628
1,0.286646,0.288543
1,0.286127,0.387655
1,0.285383,0.417322
1,0.284212,0.353423
1,0.282141,0.310703
1,0.282135,0.296252
1,0.281503,0.289562
1,0.280908,0.313084
1,0.280231,0.286441
1,0.279538,0.319046
1,0.278886,0.291776
1,0.278736,0.326414
1,0.278066,0.320546
1,0.278043,0.278891
1,0.275628,0.322348
1,0.274359,0.340053
1,0.273486,0.30933
1,0.272265,0.288107
1,0.271954,0.291836
1,0.2707,0.275205
1,0.270368,0.29467
1,0.270314,0.279219
1,0.26979,0.302834
1,0.269716,0.292327
1,0.269434,0.270144
1,0.269291,0.30322
1,0.269109,0.28781
1,0.268064,0.268786
1,0.267917,0.283841
1,0.267477,0.357146
1,0.266825,0.349722
1,0.266527,0.296287
1,0.266095,0.2747
1,0.265404,0.27593
1,0.264971,0.328573
1,0.264068,0.314499
1,0.263838,0.299605
1,0.263626,0.317914
1,0.262868,0.280167
1,0.26229,0.463466
1,0.262017,0.300674
1,0.261705,0.317526
1,0.261678,0.274286
1,0.261667,0.281352
1,0.261616,0.289784
1,0.260479,0.261779
1,0.260178,0.310974
1,0.260081,0.326072
1,0.260041,0.319605
1,0.259985,0.317417
1,0.259891,0.280214
1,0.259368,0.262634
1,0.259361,0.297124
1,0.259099,0.266935
1,0.258648,0.276914
1,0.257761,0.323102
1,0.257603,0.339199
1,0.25747,0.258912
1,0.257407,0.286895
1,0.257333,0.323148
1,0.25724,0.274485
1,0.256383,0.271777
1,0.256255,0.321919
1,0.256098,0.571538
1,0.255815,0.295807
1,0.254685,0.292566
1,0.2541,0.327974
1,0.253896,0.287003
1,0.252765,0.302554
1,0.252247,0.285028
1,0.252028,0.33013
1,0.251839,0.301736
1,0.251703,0.305571
1,0.250947,0.343605
1,0.249879,0.316608
1,0.24953,0.384152
1,0.249311,0.346267
1,0.248712,0.265394
1,0.248424,0.337848
1,0.2484,0.253566
1,0.248384,0.251319
1,0.248033,0.31093
1,0.247898,0.345789
1,0.24759,0.258436
1,0.24727,0.268299
1,0.246929,0.27868
1,0.246781,0.304102
1,0.246571,0.297544
1,0.246009,0.284694
1,0.244822,0.307064
1,0.244316,0.250239
1,0.24408,0.258818
1,0.244026,0.328984
1,0.243711,0.265353
1,0.242537,0.353445
1,0.242406,0.267394
1,0.241656,0.284957
1,0.241515,0.280401
1,0.241371,0.303698
1,0.241324,0.383328
1,0.241122,0.266312
1,0.24035,0.323226
1,0.240193,0.241148
1,0.239792,0.257247
1,0.239266,0.262219
1,0.23793,0.393373
1,0.236846,0.242097
1,0.236043,0.237866
1,0.235979,0.242509
1,0.235404,0.288798
1,0.234013,0.2345
1,0.233879,0.251906
1,0.233701,0.240307
1,0.232622,0.246319
1,0.23256,0.25102
1,0.232295,0.242975
1,0.232153,0.25486
1,0.230581,0.258912
1,0.229322,0.236467
1,0.229028,0.233166
1,0.228599,0.289605
1,0.228494,0.268701
1,0.226866,0.277212
1,0.226468,0.329298
1,0.225311,0.227951
1,0.224414,0.235446
1,0.223428,0.307667
1,0.223067,0.24409
1,0.222565,0.239363
1,0.221961,0.305447
1,0.221281,0.229344
1,0.220633,0.27018
1,0.220283,0.220781
1,0.219427,0.256789
1,0.218266,0.287738
1,0.21694,0.224827
1,0.216538,0.239106
1,0.215647,0.258912
1,0.214546,0.273608
1,0.214212,0.256016
1,0.213055,0.220746
1,0.213016,0.218315
1,0.212898,0.291373
1,0.212815,0.241106
1,0.21227,0.23344
1,0.211828,0.418249
1,0.211569,0.237369
1,0.210796,0.227142
1,0.210594,0.342633
1,0.21053,0.290926
1,0.209945,0.22881
1,0.209526,0.210082
1,0.209343,0.25486
1,0.209202,0.227463
1,0.208739,0.239416
1,0.207735,0.221429
1,0.207624,0.210449
1,0.207046,0.211363
1,0.206585,0.235772
1,0.206462,0.22108
1,0.206134,0.291163
1,0.20558,0.376206
1,0.204977,0.213499
1,0.204733,0.24535
1,0.20457,0.217428
1,0.204303,0.207185
1,0.204167,0.236806
1,0.204066,0.215985
1,0.204027,0.206288
1,0.203188,0.219627
1,0.202699,0.223827
1,0.2018,0.241254
1,0.201458,0.207882
1,0.20143,0.276506
1,0.201411,0.215279
1,0.201312,0.22564
1,0.200683,0.258165
1,0.200638,0.217886
1,0.200084,0.300315
1,0.199824,0.205302
1,0.198616,0.22864
1,0.19817,0.226006
1,0.198036,0.290237
1,0.197873,0.344879
1,0.197715,0.254703
1,0.196719,0.301475
1,0.196301,0.219244
1,0.196163,0.242671
1,0.195754,0.246472
1,0.193601,0.239383
1,0.193587,0.202197
1,0.193473,0.193844
1,0.193418,0.197246
1,0.192872,0.208143
1,0.19254,0.226243
1,0.192483,0.256265
1,0.192362,0.213328
1,0.192305,0.271433
1,0.191732,0.196648
1,0.19093,0.218149
1,0.190735,0.256183
1,0.19037,0.238813
1,0.189719,0.253602
1,0.189364,0.232554
1,0.189274,0.20438
1,0.188993,0.248755
1,0.188615,0.250982
1,0.188504,0.208152
1,0.188305,0.216423
1,0.187466,0.258028
1,0.187127,0.217319
1,0.1867,0.198401
1,0.185529,0.196946
1,0.184616,0.237413
1,0.184046,0.239411
1,0.184037,0.236355
1,0.183784,0.196536
1,0.183451,0.291276
1,0.183296,0.196364
1,0.182941,0.190589
1,0.182937,0.204214
1,0.181855,0.201137
1,0.181139,0.201531
1,0.180773,0.189152
1,0.180708,0.182737
1,0.180684,0.198976
1,0.179995,0.202666
1,0.179001,0.179427
1,0.178824,0.202825
1,0.178326,0.217428
1,0.177459,0.17934
1,0.176756,0.281127
1,0.176347,0.179147
1,0.176249,0.217308
1,0.17574,0.195263
1,0.17471,0.182494
1,0.174547,0.175477
1,0.174531,0.213697
1,0.174313,0.200793
1,0.174034,0.213928
1,0.173406,0.178986
1,0.173011,0.227414
1,0.171631,0.175881
1,0.171587,0.208023
1,0.171477,0.189386
1,0.170867,0.218443
1,0.170832,0.171338
1,0.170585,0.223059
1,0.170498,0.195632
1,0.170423,0.193308
1,0.170219,0.176655
1,0.169788,0.176991
1,0.169689,0.227773
1,0.169622,0.174468
1,0.169241,0.211225
1,0.16871,0.17843
1,0.168707,0.185015
1,0.168151,0.181828
1,0.167181,0.206925
1,0.166509,0.18229
1,0.166366,0.219274
1,0.164577,0.17463
1,0.164416,0.182318
1,0.164254,0.26014
1,0.164179,0.17934
1,0.164058,0.166916
1,0.161051,0.1983
1,0.160689,0.224627
1,0.160675,0.178929
1,0.160464,0.211317
1,0.160214,0.16199
1,0.159801,0.172988
1,0.159206,0.183982
1,0.15802,0.161379
1,0.157078,0.176108
1,0.156668,0.16192
1,0.155243,0.191206
1,0.15474,0.157543
1,0.154472,0.155618
1,0.154323,0.183225
1,0.154233,0.20593
1,0.154136,0.20967
1,0.153541,0.155777
1,0.153122,0.165102
1,0.150067,0.153524
1,0.149451,0.198897
1,0.149092,0.168306
1,0.148724,0.150063
1,0.148713,0.152557
1,0.148435,0.201164
1,0.14763,0.153073
1,0.147087,0.171357
1,0.146619,0.20601
1,0.146486,0.215445
1,0.146028,0.186825
1,0.145574,0.151573
1,0.145488,0.190237
1,0.145244,0.16199
1,0.144871,0.17013
1,0.143659,0.186176
1,0.142798,0.164316
1,0.142658,0.176829
1,0.142638,0.148663
1,0.141498,0.170842
1,0.141454,0.143124
1,0.141336,0.189233
1,0.141017,0.202491
1,0.140823,0.151566
1,0.140815,0.162026
1,0.140567,0.158579
1,0.14049,0.14123
1,0.139975,0.147726
1,0.139432,0.164132
1,0.139409,0.153425
1,0.13906,0.157075
1,0.138407,0.192182
1,0.138145,0.143255
1,0.137181,0.144791
1,0.137161,0.220125
1,0.136544,0.138051
1,0.136391,0.182089
1,0.134876,0.159643
1,0.134247,0.156539
1,0.132957,0.135044
1,0.131825,0.143474
1,0.131709,0.139108
1,0.131499,0.142236
1,0.130805,0.138007
1,0.130754,0.139694
1,0.129815,0.145818
1,0.129716,0.139736
1,0.129591,0.140964
1,0.128974,0.133329
1,0.128512,0.133287
1,0.127934,0.149438
1,0.127567,0.136378
1,0.12744,0.135433
1,0.126768,0.139578
1,0.126451,0.137904
1,0.126191,0.135462
1,0.125864,0.126326
1,0.125233,0.12612
1,0.124261,0.127008
1,0.124241,0.165365
1,0.123599,0.140807
1,0.122547,0.125412
1,0.122406,0.156003
1,0.12205,0.125458
1,0.121517,0.146344
1,0.120346,0.137654
1,0.120328,0.120536
1,0.120284,0.12688
1,0.119742,0.130532
1,0.119336,0.136218
1,0.118054,0.142017
1,0.117945,0.142183
1,0.117152,0.123534
1,0.117118,0.12211
1,0.116397,0.128393
1,0.116052,0.176708
1,0.11568,0.167214
1,0.115399,0.154056
1,0.114243,0.127056
1,0.114196,0.140447
1,0.113896,0.130013
1,0.113815,0.122804
1,0.113352,0.139989
1,0.112954,0.139904
1,0.111556,0.151573
1,0.111501,0.113257
1,0.110823,0.120774
1,0.1105,0.136903
1,0.109982,0.11118
1,0.109946,0.115496
1,0.109389,0.113664
1,0.108864,0.121267
1,0.108576,0.109749
1,0.10851,0.137619
1,0.10841,0.114937
1,0.106771,0.14609
1,0.106624,0.12078
1,0.106575,0.127831
1,0.106545,0.117925
1,0.106544,0.107948
1,0.105586,0.123213
1,0.105141,0.121826
1,0.1051,0.10938
1,0.103093,0.106959
1,0.103023,0.107973
1,0.101637,0.106677
1,0.101581,0.102276
1,0.100708,0.10388
1,0.100531,0.104199
1,0.100339,0.123213
1,0.100165,0.139532
1,0.100142,0.12122
1,0.0990616,0.107148
1,0.0988548,0.0990618
1,0.0966013,0.113868
1,0.0953077,0.116497
1,0.0950454,0.124057
1,0.0947972,0.0981324
1,0.0945538,0.0946236
1,0.0945366,0.110698
1,0.0943896,0.101997
1,0.0940195,0.0955505
1,0.0930929,0.0979866
1,0.0925883,0.0953276
1,0.0906412,0.0935963
1,0.0903874,0.0923234
1,0.0892707,0.111435
1,0.088758,0.0934555
1,0.0887118,0.094238
1,0.08648,0.108295
1,0.086179,0.0865282
1,0.0859658,0.115651
1,0.0850679,0.0991678
1,0.0847164,0.0850871
1,0.0844053,0.107728
1,0.0844021,0.106044
1,0.0843171,0.091642
1,0.0836778,0.0848925
1,0.0836245,0.0886474
1,0.0819625,0.106071
1,0.0811163,0.105952
1,0.0810982,0.0838434
1,0.0805589,0.11047
1,0.0803497,0.107739
1,0.0796562,0.0815447
1,0.0793915,0.0797014
1,0.0792659,0.0961163
1,0.0792562,0.0881867
1,0.0789466,0.0844464
1,0.0782258,0.0832652
1,0.0763355,0.102483
1,0.0759805,0.0937127
1,0.0756852,0.107981
1,0.0752785,0.0846206
1,0.0738737,0.0776409
1,0.0738182,0.0755025
1,0.0734192,0.0808665
1,0.0727256,0.0743763
1,0.0705142,0.0889236
1,0.0700675,0.0919217
1,0.0699752,0.0794827
1,0.0697897,0.0862589
1,0.0695975,0.0743763
1,0.067353,0.0864776
1,0.0668944,0.0789865
1,0.0653835,0.0728088
1,0.0603441,0.0607709
1,0.0551105,0.0595552
1,0.0500493,0.0556256
2,1.72014,1.72716
2,1.66511,1.7376
2,1.60362,1.82271
2,1.57313,1.57445
2,1.48201,1.49703
2,1.07089,1.07459
2,0.979323,0.980491
2,0.971621,1.12608
2,0.933885,0.946563
2,0.90349,0.963342
2,0.900132,0.959203
2,0.814735,0.850391
2,0.806131,0.834103
2,0.800637,0.886606
2,0.799596,0.976812
2,0.793558,0.814134
2,0.773867,0.783594
2,0.726428,0.746782
2,0.726044,0.824409
2,0.715841,0.75153
2,0.669883,0.686307
2,0.650694,0.679849
2,0.649653,0.744104
2,0.646092,0.657138
2,0.644828,0.730253
2,0.63949,0.647563
2,0.637073,0.641164
2,0.630214,0.70045
2,0.605589,0.606128
2,0.598584,0.603687
2,0.595578,0.613454
2,0.591154,0.606371
2,0.591134,0.633108
2,0.580494,0.602667
2,0.576808,0.637373
2,0.525631,0.559461
2,0.521572,0.531656
2,0.519942,0.520033
2,0.516397,0.556008
2,0.488589,0.557335
2,0.48734,0.48877
2,0.486891,0.492105
2,0.483998,0.530378
2,0.471813,0.498902
2,0.467804,0.471423
2,0.459392,0.463076
2,0.455291,0.49251
2,0.455034,0.463477
2,0.44777,0.453566
2,0.440213,0.443088
2,0.438873,0.462122
2,0.437478,0.485267
2,0.435221,0.440353
2,0.426008,0.484691
2,0.415307,0.428029
2,0.405086,0.40626
2,0.396385,0.407275
2,0.38731,0.412508
2,0.385603,0.38827
2,0.383609,0.407582
2,0.381727,0.382979
2,0.377393,0.394539
2,0.373469,0.37798
2,0.366452,0.378535
2,0.361878,0.37903
2,0.35958,0.360601
2,0.355737,0.365325
2,0.350706,0.384453
2,0.350665,0.379766
2,0.349836,0.370156
2,0.347209,0.357384
2,0.346636,0.362912
2,0.344413,0.361566
2,0.342713,0.352615
2,0.33747,0.341133
2,0.329961,0.331375
2,0.327906,0.340365
2,0.316354,0.333903
2,0.314277,0.328434
2,0.307964,0.339174
2,0.305116,0.306751
2,0.304102,0.318741
2,0.303586,0.312877
2,0.301434,0.312863
2,0.295963,0.309333
2,0.293118,0.341975
2,0.291727,0.29966
2,0.291107,0.305862
2,0.287546,0.289816
2,0.282032,0.298898
2,0.280391,0.301931
2,0.273536,0.274108
2,0.266448,0.270207
2,0.261091,0.265057
2,0.255504,0.262158
2,0.241517,0.249627
2,0.235828,0.237309
2,0.230071,0.240823
2,0.226752,0.23529
2,0.22564,0.22892
2,0.217986,0.25269
2,0.217563,0.218262
2,0.217302,0.219511
2,0.216503,0.223588
2,0.215528,0.219114
2,0.215039,0.218886
2,0.212752,0.216412
2,0.188452,0.203821
2,0.187768,0.188414
2,0.176931,0.180122
2,0.176166,0.183334
2,0.16951,0.184952
2,0.158095,0.165426
2,0.155437,0.157046
2,0.154333,0.158328
2,0.153948,0.164619
2,0.144845,0.147473
2,0.144453,0.151107
2,0.136163,0.137694
2,0.135093,0.150048
2,0.132253,0.132973
2,0.124261,0.128716
2,0.116634,0.11702
2,0.109679,0.112499
2,0.105483,0.114093
2,0.0968361,0.0971646
