point cloud with 1292 points in dimension 3
0,0,0.00857387
0,0,0.00926283
0,0,0.0124217
0,0,0.0139979
0,0,0.0141241
0,0,0.0141506
0,0,0.0153172
0,0,0.0168099
0,0,0.0185325
0,0,0.0190028
0,0,0.0191855
0,0,0.0192879
0,0,0.0195228
0,0,0.0202356
0,0,0.0205552
0,0,0.0206866
0,0,0.0215638
0,0,0.0232917
0,0,0.0233361
0,0,0.0241278
0,0,0.0241693
0,0,0.0241852
0,0,0.0245405
0,0,0.0248179
0,0,0.0248234
0,0,0.025194
0,0,0.025684
0,0,0.0257218
0,0,0.0260462
0,0,0.0263213
0,0,0.0272125
0,0,0.0275271
0,0,0.0278521
0,0,0.028741
0,0,0.0287556
0,0,0.0292501
0,0,0.0294153
0,0,0.0294539
0,0,0.0294977
0,0,0.0295181
0,0,0.0295798
0,0,0.0297372
0,0,0.0298435
0,0,0.0303973
0,0,0.0307501
0,0,0.0310718
0,0,0.0312108
0,0,0.031303
0,0,0.0319657
0,0,0.0320172
0,0,0.0336537
0,0,0.0340717
0,0,0.0349765
0,0,0.036024
0,0,0.0360767
0,0,0.036416
0,0,0.0364958
0,0,0.0367476
0,0,0.0368807
0,0,0.0370955
0,0,0.0381834
0,0,0.0389521
0,0,0.0390637
0,0,0.0391703
0,0,0.039464
0,0,0.0395698
0,0,0.0398009
0,0,0.0401342
0,0,0.0401537
0,0,0.040275
0,0,0.0405441
0,0,0.0405497
0,0,0.0405678
0,0,0.0410375
0,0,0.0412534
0,0,0.0412944
0,0,0.0414652
0,0,0.0421029
0,0,0.0423073
0,0,0.0424765
0,0,0.042618
0,0,0.0427199
0,0,0.0433094
0,0,0.0437282
0,0,0.043934
0,0,0.0439906
0,0,0.0442242
0,0,0.0446478
0,0,0.0450207
0,0,0.0461961
0,0,0.0461983
0,0,0.0469403
0,0,0.0473089
0,0,0.0474598
0,0,0.0475832
0,0,0.0477399
0,0,0.0479368
0,0,0.0483901
0,0,0.048444
0,0,0.0489494
0,0,0.0489681
0,0,0.0490223
0,0,0.0492
0,0,0.0492126
0,0,0.049477
0,0,0.0496532
0,0,0.0498896
0,0,0.0499431
0,0,0.0499996
0,0,0.0500559
0,0,0.0501865
0,0,0.0508357
0,0,0.0508358
0,0,0.0509431
0,0,0.0512093
0,0,0.0517544
0,0,0.0522927
0,0,0.0524898
0,0,0.0530577
0,0,0.0532985
0,0,0.0533242
0,0,0.0533834
0,0,0.0535587
0,0,0.0536117
0,0,0.0539779
0,0,0.0540765
0,0,0.0543936
0,0,0.0550271
0,0,0.0550585
0,0,0.0550785
0,0,0.0550872
0,0,0.0551526
0,0,0.0553441
0,0,0.0554263
0,0,0.055543
0,0,0.0557481
0,0,0.0559725
0,0,0.0563858
0,0,0.0564004
0,0,0.0565652
0,0,0.0567448
0,0,0.0568362
0,0,0.0574273
0,0,0.057856
0,0,0.0579941
0,0,0.0579985
0,0,0.0580636
0,0,0.0583254
0,0,0.0584837
0,0,0.0585244
0,0,0.0585949
0,0,0.0586871
0,0,0.0587545
0,0,0.0588534
0,0,0.0595477
0,0,0.0595692
0,0,0.0597511
0,0,0.0601582
0,0,0.0601785
0,0,0.0604314
0,0,0.0604772
0,0,0.0605375
0,0,0.0608518
0,0,0.060935
0,0,0.0615768
0,0,0.0616929
0,0,0.0618219
0,0,0.0619094
0,0,0.062009
0,0,0.0621371
0,0,0.0622726
0,0,0.0624496
0,0,0.0625693
0,0,0.0632958
0,0,0.0635695
0,0,0.0637167
0,0,0.0637898
0,0,0.0640001
0,0,0.0646772
0,0,0.064711
0,0,0.0649083
0,0,0.0649162
0,0,0.0651364
0,0,0.0656424
0,0,0.0658889
0,0,0.0661757
0,0,0.0662041
0,0,0.0663681
0,0,0.0663802
0,0,0.0666899
0,0,0.0669038
0,0,0.0669832
0,0,0.0670815
0,0,0.0671534
0,0,0.0674083
0,0,0.0674884
0,0,0.0679648
0,0,0.0680516
0,0,0.0681213
0,0,0.0681245
0,0,0.0681586
0,0,0.0682826
0,0,0.0682832
0,0,0.0687544
0,0,0.068855
0,0,0.0691264
0,0,0.0699847
0,0,0.0700072
0,0,0.0701046
0,0,0.0701629
0,0,0.0701967
0,0,0.0702243
0,0,0.0702568
0,0,0.0702825
0,0,0.0705278
0,0,0.0705611
0,0,0.0707488
0,0,0.0708251
0,0,0.0708542
0,0,0.0713134
0,0,0.0713152
0,0,0.0713162
0,0,0.0716997
0,0,0.0720608
0,0,0.0722218
0,0,0.072224
0,0,0.0730029
0,0,0.0730551
0,0,0.0733537
0,0,0.0737227
0,0,0.0737501
0,0,0.0740907
0,0,0.0743272
0,0,0.0744444
0,0,0.0751238
0,0,0.0755877
0,0,0.0757366
0,0,0.0757465
0,0,0.0759927
0,0,0.0764617
0,0,0.0770313
0,0,0.0770447
0,0,0.0771795
0,0,0.0776068
0,0,0.0778445
0,0,0.0779028
0,0,0.0779388
0,0,0.0780388
0,0,0.0784173
0,0,0.0785445
0,0,0.0786824
0,0,0.0787773
0,0,0.078793
0,0,0.0789033
0,0,0.0793019
0,0,0.0793071
0,0,0.0797076
0,0,0.0799456
0,0,0.0801225
0,0,0.0803021
0,0,0.0806904
0,0,0.0810894
0,0,0.081842
0,0,0.0821769
0,0,0.082315
0,0,0.0827011
0,0,0.0828875
0,0,0.0831658
0,0,0.0833885
0,0,0.0834752
0,0,0.0836194
0,0,0.0838577
0,0,0.08433
0,0,0.0844784
0,0,0.0847445
0,0,0.084863
0,0,0.0849292
0,0,0.0851514
0,0,0.0851568
0,0,0.0854005
0,0,0.0854826
0,0,0.0855005
0,0,0.0856418
0,0,0.0857569
0,0,0.0858857
0,0,0.0858874
0,0,0.0859143
0,0,0.0859288
0,0,0.085948
0,0,0.0861878
0,0,0.0865811
0,0,0.0867271
0,0,0.0871097
0,0,0.0871656
0,0,0.0872349
0,0,0.0872373
0,0,0.0872465
0,0,0.0873347
0,0,0.0874205
0,0,0.0874362
0,0,0.0875223
0,0,0.0876241
0,0,0.0878478
0,0,0.0878695
0,0,0.0879405
0,0,0.0882134
0,0,0.0885353
0,0,0.0885355
0,0,0.0887809
0,0,0.0891747
0,0,0.0891769
0,0,0.0892728
0,0,0.089435
0,0,0.0895835
0,0,0.0896536
0,0,0.0899312
0,0,0.0899984
0,0,0.0900425
0,0,0.0900955
0,0,0.0901371
0,0,0.0902043
0,0,0.0903278
0,0,0.0903664
0,0,0.0903684
0,0,0.0906319
0,0,0.091427
0,0,0.091522
0,0,0.0915255
0,0,0.0915296
0,0,0.091982
0,0,0.0920738
0,0,0.0926688
0,0,0.0928186
0,0,0.0935059
0,0,0.0935322
0,0,0.0935708
0,0,0.0937885
0,0,0.0941137
0,0,0.0942369
0,0,0.0945474
0,0,0.0945602
0,0,0.0946226
0,0,0.0947013
0,0,0.0947188
0,0,0.0949138
0,0,0.0952251
0,0,0.0953908
0,0,0.0956341
0,0,0.0957899
0,0,0.0959193
0,0,0.0959505
0,0,0.0964487
0,0,0.0964849
0,0,0.0965865
0,0,0.0966792
0,0,0.0967297
0,0,0.09683
0,0,0.0968575
0,0,0.0971938
0,0,0.097266
0,0,0.0973432
0,0,0.097409
0,0,0.0976403
0,0,0.098132
0,0,0.0981935
0,0,0.0982251
0,0,0.0983412
0,0,0.0983561
0,0,0.0983933
0,0,0.0986644
0,0,0.0988108
0,0,0.0990994
0,0,0.0991619
0,0,0.0991966
0,0,0.0993675
0,0,0.099508
0,0,0.0997507
0,0,0.100007
0,0,0.100289
0,0,0.10082
0,0,0.100903
0,0,0.100966
0,0,0.101066
0,0,0.101101
0,0,0.10111
0,0,0.101125
0,0,0.101347
0,0,0.101547
0,0,0.10198
0,0,0.102005
0,0,0.102776
0,0,0.103002
0,0,0.103293
0,0,0.103599
0,0,0.103846
0,0,0.103876
0,0,0.104016
0,0,0.104095
0,0,0.104148
0,0,0.104476
0,0,0.104841
0,0,0.105009
0,0,0.105073
0,0,0.105263
0,0,0.105467
0,0,0.105564
0,0,0.10571
0,0,0.106041
0,0,0.106194
0,0,0.106358
0,0,0.106641
0,0,0.106712
0,0,0.10709
0,0,0.107578
0,0,0.107603
0,0,0.107653
0,0,0.108512
0,0,0.108742
0,0,0.108841
0,0,0.108883
0,0,0.109058
0,0,0.109168
0,0,0.109244
0,0,0.109824
0,0,0.109927
0,0,0.11023
0,0,0.110238
0,0,0.110461
0,0,0.110692
0,0,0.11099
0,0,0.111249
0,0,0.111336
0,0,0.111352
0,0,0.111527
0,0,0.111956
0,0,0.112358
0,0,0.112396
0,0,0.112449
0,0,0.11247
0,0,0.112478
0,0,0.112582
0,0,0.113082
0,0,0.113094
0,0,0.113141
0,0,0.113324
0,0,0.113525
0,0,0.113556
0,0,0.11357
0,0,0.113605
0,0,0.113703
0,0,0.113719
0,0,0.113865
0,0,0.11426
0,0,0.114436
0,0,0.114474
0,0,0.114503
0,0,0.114606
0,0,0.114927
0,0,0.11518
0,0,0.115605
0,0,0.115634
0,0,0.115693
0,0,0.116004
0,0,0.116012
0,0,0.116076
0,0,0.116138
0,0,0.116375
0,0,0.116423
0,0,0.116463
0,0,0.116549
0,0,0.11655
0,0,0.116685
0,0,0.116732
0,0,0.116767
0,0,0.117249
0,0,0.117326
0,0,0.117427
0,0,0.117782
0,0,0.118007
0,0,0.118235
0,0,0.118343
0,0,0.118347
0,0,0.11837
0,0,0.118422
0,0,0.118495
0,0,0.118553
0,0,0.119309
0,0,0.119339
0,0,0.119465
0,0,0.119484
0,0,0.119635
0,0,0.119703
0,0,0.120651
0,0,0.120801
0,0,0.120889
0,0,0.12092
0,0,0.121099
0,0,0.121261
0,0,0.121328
0,0,0.121393
0,0,0.121428
0,0,0.121812
0,0,0.121926
0,0,0.121941
0,0,0.122
0,0,0.12225
0,0,0.122275
0,0,0.122286
0,0,0.122431
0,0,0.122481
0,0,0.122547
0,0,0.122852
0,0,0.123157
0,0,0.123265
0,0,0.123407
0,0,0.12391
0,0,0.123925
0,0,0.124067
0,0,0.124101
0,0,0.124391
0,0,0.124556
0,0,0.1246
0,0,0.124621
0,0,0.124785
0,0,0.125798
0,0,0.126062
0,0,0.126232
0,0,0.126599
0,0,0.126612
0,0,0.12676
0,0,0.126774
0,0,0.127038
0,0,0.127046
0,0,0.127051
0,0,0.12716
0,0,0.127234
0,0,0.127275
0,0,0.127822
0,0,0.127835
0,0,0.127869
0,0,0.128141
0,0,0.128152
0,0,0.128235
0,0,0.128438
0,0,0.129309
0,0,0.129583
0,0,0.129932
0,0,0.129979
0,0,0.130004
0,0,0.130076
0,0,0.130309
0,0,0.13111
0,0,0.131171
0,0,0.131232
0,0,0.131367
0,0,0.131515
0,0,0.131592
0,0,0.13163
0,0,0.131916
0,0,0.132126
0,0,0.132436
0,0,0.132485
0,0,0.132522
0,0,0.132707
0,0,0.132989
0,0,0.13301
0,0,0.133265
0,0,0.133286
0,0,0.133567
0,0,0.133605
0,0,0.133659
0,0,0.133701
0,0,0.133716
0,0,0.134113
0,0,0.134174
0,0,0.134348
0,0,0.134537
0,0,0.1346
0,0,0.135849
0,0,0.13621
0,0,0.136226
0,0,0.136482
0,0,0.136945
0,0,0.136982
0,0,0.137011
0,0,0.137071
0,0,0.137185
0,0,0.137377
0,0,0.138017
0,0,0.138033
0,0,0.138265
0,0,0.138385
0,0,0.138795
0,0,0.13882
0,0,0.138919
0,0,0.138931
0,0,0.139079
0,0,0.139277
0,0,0.139688
0,0,0.140175
0,0,0.140197
0,0,0.140276
0,0,0.140611
0,0,0.140615
0,0,0.14065
0,0,0.140875
0,0,0.141074
0,0,0.141241
0,0,0.141291
0,0,0.141294
0,0,0.141397
0,0,0.141549
0,0,0.142083
0,0,0.142525
0,0,0.142639
0,0,0.14271
0,0,0.143236
0,0,0.143411
0,0,0.143505
0,0,0.143832
0,0,0.144148
0,0,0.144288
0,0,0.14504
0,0,0.145134
0,0,0.145197
0,0,0.145245
0,0,0.145336
0,0,0.145452
0,0,0.145981
0,0,0.146306
0,0,0.14644
0,0,0.146971
0,0,0.147089
0,0,0.147209
0,0,0.147242
0,0,0.147306
0,0,0.147309
0,0,0.147384
0,0,0.147824
0,0,0.147928
0,0,0.148438
0,0,0.148655
0,0,0.148799
0,0,0.148929
0,0,0.148943
0,0,0.149497
0,0,0.14954
0,0,0.149794
0,0,0.149902
0,0,0.149982
0,0,0.150172
0,0,0.150684
0,0,0.150927
0,0,0.151198
0,0,0.151206
0,0,0.151212
0,0,0.15122
0,0,0.15137
0,0,0.151844
0,0,0.151909
0,0,0.151912
0,0,0.15217
0,0,0.152489
0,0,0.152857
0,0,0.153253
0,0,0.153605
0,0,0.153648
0,0,0.153744
0,0,0.154049
0,0,0.154352
0,0,0.154376
0,0,0.154529
0,0,0.154813
0,0,0.155123
0,0,0.155753
0,0,0.155784
0,0,0.155833
0,0,0.156053
0,0,0.156517
0,0,0.157084
0,0,0.157423
0,0,0.157607
0,0,0.157777
0,0,0.157836
0,0,0.158022
0,0,0.158085
0,0,0.158223
0,0,0.158451
0,0,0.159304
0,0,0.159378
0,0,0.159706
0,0,0.159801
0,0,0.159944
0,0,0.160122
0,0,0.160187
0,0,0.160349
0,0,0.160927
0,0,0.161171
0,0,0.161197
0,0,0.161281
0,0,0.161439
0,0,0.161667
0,0,0.162211
0,0,0.162602
0,0,0.164206
0,0,0.164211
0,0,0.164371
0,0,0.164627
0,0,0.164776
0,0,0.165005
0,0,0.165034
0,0,0.165073
0,0,0.165378
0,0,0.165513
0,0,0.165734
0,0,0.165743
0,0,0.165803
0,0,0.165982
0,0,0.166075
0,0,0.166372
0,0,0.166787
0,0,0.166897
0,0,0.167545
0,0,0.167554
0,0,0.16757
0,0,0.167922
0,0,0.168075
0,0,0.168243
0,0,0.168608
0,0,0.168999
0,0,0.169022
0,0,0.169216
0,0,0.169283
0,0,0.169374
0,0,0.169731
0,0,0.1701
0,0,0.170183
0,0,0.17035
0,0,0.170487
0,0,0.170623
0,0,0.170829
0,0,0.170973
0,0,0.171002
0,0,0.171139
0,0,0.171328
0,0,0.171358
0,0,0.171688
0,0,0.171941
0,0,0.172459
0,0,0.172743
0,0,0.17278
0,0,0.172802
0,0,0.173213
0,0,0.17341
0,0,0.173415
0,0,0.1738
0,0,0.174066
0,0,0.174088
0,0,0.174123
0,0,0.174742
0,0,0.175211
0,0,0.175517
0,0,0.176179
0,0,0.176356
0,0,0.176425
0,0,0.176614
0,0,0.176687
0,0,0.176772
0,0,0.176973
0,0,0.177474
0,0,0.177664
0,0,0.177801
0,0,0.177838
0,0,0.178118
0,0,0.178133
0,0,0.178395
0,0,0.178814
0,0,0.178878
0,0,0.179237
0,0,0.179496
0,0,0.179609
0,0,0.179777
0,0,0.180214
0,0,0.180833
0,0,0.181275
0,0,0.181327
0,0,0.181655
0,0,0.181879
0,0,0.181887
0,0,0.18199
0,0,0.182057
0,0,0.182213
0,0,0.182787
0,0,0.182815
0,0,0.182937
0,0,0.183048
0,0,0.183176
0,0,0.183339
0,0,0.183563
0,0,0.183667
0,0,0.183792
0,0,0.184541
0,0,0.184625
0,0,0.185565
0,0,0.185952
0,0,0.186438
0,0,0.186663
0,0,0.187056
0,0,0.187119
0,0,0.187479
0,0,0.187633
0,0,0.187669
0,0,0.187744
0,0,0.188222
0,0,0.188932
0,0,0.189366
0,0,0.189478
0,0,0.189681
0,0,0.18997
0,0,0.190279
0,0,0.19031
0,0,0.190949
0,0,0.191312
0,0,0.19137
0,0,0.191576
0,0,0.191691
0,0,0.192375
0,0,0.192655
0,0,0.19285
0,0,0.192905
0,0,0.193065
0,0,0.193108
0,0,0.193163
0,0,0.193433
0,0,0.19353
0,0,0.193667
0,0,0.194241
0,0,0.194731
0,0,0.19478
0,0,0.194893
0,0,0.195241
0,0,0.195657
0,0,0.195715
0,0,0.19604
0,0,0.196139
0,0,0.196248
0,0,0.196518
0,0,0.196671
0,0,0.197088
0,0,0.197897
0,0,0.197933
0,0,0.198052
0,0,0.198358
0,0,0.198853
0,0,0.199042
0,0,0.199955
0,0,0.200707
0,0,0.201202
0,0,0.201529
0,0,0.201631
0,0,0.201771
0,0,0.201912
0,0,0.202091
0,0,0.202248
0,0,0.202806
0,0,0.202855
0,0,0.202925
0,0,0.202979
0,0,0.203035
0,0,0.203128
0,0,0.203166
0,0,0.203534
0,0,0.20361
0,0,0.20438
0,0,0.204754
0,0,0.204788
0,0,0.205261
0,0,0.205461
0,0,0.205736
0,0,0.206146
0,0,0.20621
0,0,0.206487
0,0,0.206745
0,0,0.206953
0,0,0.206977
0,0,0.207165
0,0,0.207252
0,0,0.207495
0,0,0.207651
0,0,0.207779
0,0,0.20797
0,0,0.208274
0,0,0.208325
0,0,0.20838
0,0,0.208418
0,0,0.208421
0,0,0.208467
0,0,0.208776
0,0,0.209153
0,0,0.209193
0,0,0.209289
0,0,0.209509
0,0,0.210131
0,0,0.21083
0,0,0.211237
0,0,0.211308
0,0,0.212344
0,0,0.212991
0,0,0.213213
0,0,0.213216
0,0,0.21322
0,0,0.21494
0,0,0.215182
0,0,0.215611
0,0,0.217511
0,0,0.217766
0,0,0.218136
0,0,0.218166
0,0,0.218698
0,0,0.218764
0,0,0.218959
0,0,0.219637
0,0,0.21988
0,0,0.2211
0,0,0.221122
0,0,0.221942
0,0,0.222916
0,0,0.22294
0,0,0.223192
0,0,0.224922
0,0,0.225625
0,0,0.226036
0,0,0.226168
0,0,0.226454
0,0,0.226457
0,0,0.227337
0,0,0.228393
0,0,0.228555
0,0,0.229189
0,0,0.229261
0,0,0.230158
0,0,0.230253
0,0,0.231925
0,0,0.232176
0,0,0.232449
0,0,0.233909
0,0,0.234343
0,0,0.2345
0,0,0.235717
0,0,0.235909
0,0,0.236212
0,0,0.236591
0,0,0.23682
0,0,0.237161
0,0,0.237288
0,0,0.237558
0,0,0.237843
0,0,0.238615
0,0,0.238717
0,0,0.239813
0,0,0.239995
0,0,0.240719
0,0,0.240835
0,0,0.241114
0,0,0.241135
0,0,0.24127
0,0,0.241543
0,0,0.241657
0,0,0.241779
0,0,0.2422
0,0,0.242713
0,0,0.243047
0,0,0.243189
0,0,0.243443
0,0,0.243748
0,0,0.244114
0,0,0.244607
0,0,0.244833
0,0,0.245401
0,0,0.245435
0,0,0.246658
0,0,0.247064
0,0,0.247086
0,0,0.247538
0,0,0.247621
0,0,0.247729
0,0,0.248125
0,0,0.248281
0,0,0.249067
0,0,0.250456
0,0,0.250477
0,0,0.252066
0,0,0.252309
0,0,0.252751
0,0,0.253069
0,0,0.253967
0,0,0.254294
0,0,0.254452
0,0,0.254566
0,0,0.254854
0,0,0.254939
0,0,0.254993
0,0,0.255045
0,0,0.255144
0,0,0.255168
0,0,0.255488
0,0,0.257128
0,0,0.257148
0,0,0.257634
0,0,0.257764
0,0,0.258009
0,0,0.258847
0,0,0.259021
0,0,0.259229
0,0,0.259295
0,0,0.2596
0,0,0.259824
0,0,0.260254
0,0,0.260735
0,0,0.261143
0,0,0.261445
0,0,0.261476
0,0,0.26171
0,0,0.261797
0,0,0.262368
0,0,0.262863
0,0,0.263045
0,0,0.263243
0,0,0.263328
0,0,0.263407
0,0,0.263423
0,0,0.264126
0,0,0.26435
0,0,0.26491
0,0,0.265087
0,0,0.265098
0,0,0.266022
0,0,0.266836
0,0,0.267151
0,0,0.267949
0,0,0.268064
0,0,0.268584
0,0,0.268689
0,0,0.269719
0,0,0.269765
0,0,0.270042
0,0,0.270076
0,0,0.27016
0,0,0.270409
0,0,0.270751
0,0,0.270793
0,0,0.270913
0,0,0.270983
0,0,0.271216
0,0,0.271809
0,0,0.272076
0,0,0.272336
0,0,0.273448
0,0,0.273981
0,0,0.274122
0,0,0.274135
0,0,0.276877
0,0,0.276918
0,0,0.276987
0,0,0.277833
0,0,0.277868
0,0,0.278002
0,0,0.278676
0,0,0.278782
0,0,0.279593
0,0,0.279672
0,0,0.279725
0,0,0.280785
0,0,0.281057
0,0,0.281813
0,0,0.281973
0,0,0.282732
0,0,0.283211
0,0,0.284109
0,0,0.284114
0,0,0.284185
0,0,0.284524
0,0,0.284971
0,0,0.285286
0,0,0.286367
0,0,0.286797
0,0,0.287112
0,0,0.288347
0,0,0.288679
0,0,0.288773
0,0,0.289035
0,0,0.290102
0,0,0.290125
0,0,0.290568
0,0,0.290725
0,0,0.290935
0,0,0.29146
0,0,0.291519
0,0,0.291968
0,0,0.293218
0,0,0.293654
0,0,0.294556
0,0,0.295378
0,0,0.295875
0,0,0.296831
0,0,0.297233
0,0,0.298028
0,0,0.299066
0,0,0.300502
0,0,0.3006
0,0,0.30172
0,0,0.302027
0,0,0.302652
0,0,0.303656
0,0,0.305141
0,0,0.305262
0,0,0.305422
0,0,0.305624
0,0,0.306733
0,0,0.307872
0,0,0.310259
0,0,0.31073
0,0,0.312887
0,0,0.313146
0,0,0.313772
0,0,0.314604
0,0,0.315669
0,0,0.316193
0,0,0.316901
0,0,0.318073
0,0,0.319308
0,0,0.319905
0,0,0.320212
0,0,0.321088
0,0,0.321462
0,0,0.321724
0,0,0.322494
0,0,0.323713
0,0,0.323769
0,0,0.323857
0,0,0.323861
0,0,0.323898
0,0,0.323956
0,0,0.324936
0,0,0.326401
0,0,0.326785
0,0,0.328381
0,0,0.328855
0,0,0.329166
0,0,0.329752
0,0,0.331162
0,0,0.331625
0,0,0.332438
0,0,0.332511
0,0,0.333377
0,0,0.333467
0,0,0.333875
0,0,0.333923
0,0,0.3345
0,0,0.334692
0,0,0.334967
0,0,0.335222
0,0,0.335327
0,0,0.336275
0,0,0.338587
0,0,0.339551
0,0,0.340011
0,0,0.340079
0,0,0.341653
0,0,0.342216
0,0,0.342657
0,0,0.343616
0,0,0.344932
0,0,0.345424
0,0,0.346685
0,0,0.347918
0,0,0.349786
0,0,0.350421
0,0,0.352838
0,0,0.352957
0,0,0.353165
0,0,0.353801
0,0,0.354322
0,0,0.354825
0,0,0.354861
0,0,0.355856
0,0,0.358484
0,0,0.358537
0,0,0.359392
0,0,0.36347
0,0,0.366356
0,0,0.367736
0,0,0.369373
0,0,0.369704
0,0,0.370996
0,0,0.371674
0,0,0.372645
0,0,0.374068
0,0,0.376503
0,0,0.379134
0,0,0.379177
0,0,0.379222
0,0,0.379857
0,0,0.381615
0,0,0.385629
0,0,0.385843
0,0,0.385853
0,0,0.386309
0,0,0.386806
0,0,0.387466
0,0,0.388222
0,0,0.391205
0,0,0.393237
0,0,0.394965
0,0,0.395601
0,0,0.397736
0,0,0.399566
0,0,0.400341
0,0,0.403107
0,0,0.405701
0,0,0.40582
0,0,0.411764
0,0,0.412772
0,0,0.414003
0,0,0.414825
0,0,0.417224
0,0,0.426215
0,0,0.426559
0,0,0.427582
0,0,0.427886
0,0,0.428862
0,0,0.429192
0,0,0.430527
0,0,0.430643
0,0,0.432088
0,0,0.432147
0,0,0.433353
0,0,0.433822
0,0,0.434889
0,0,0.44061
0,0,0.441558
0,0,0.443155
0,0,0.447053
0,0,0.449924
0,0,0.450236
0,0,0.450688
0,0,0.457122
0,0,0.462848
0,0,0.463783
0,0,0.464239
0,0,0.466758
0,0,0.467255
0,0,0.470369
0,0,0.477646
0,0,0.482778
0,0,0.483027
0,0,0.483682
0,0,0.494283
0,0,0.496941
0,0,0.498473
0,0,0.500971
0,0,0.507313
0,0,0.51666
0,0,0.521917
0,0,0.523363
0,0,0.531811
0,0,0.536791
0,0,0.545576
0,0,0.550362
0,0,0.558456
0,0,0.567253
0,0,0.571575
0,0,0.57919
0,0,0.579452
0,0,0.585654
0,0,0.592176
0,0,0.595595
0,0,0.603468
0,0,0.610608
0,0,0.616677
0,0,0.618702
0,0,0.627032
0,0,0.63336
0,0,0.656086
0,0,0.659976
0,0,0.666174
0,0,0.667959
0,0,0.708359
0,0,0.726465
0,0,0.751978
0,0,1.45646
0,0,3
1,1.75536,1.8527
1,1.33595,1.34096
1,1.30702,1.35544
1,1.23354,1.3478
1,1.11026,1.20608
1,1.00147,1.0048
1,0.920927,0.998233
1,0.912064,1.05399
1,0.909574,0.94098
1,0.904118,0.991831
1,0.875961,0.919618
1,0.872473,0.90276
1,0.847351,1.24329
1,0.837581,0.840654
1,0.83706,0.946476
1,0.832974,1.01305
1,0.821774,1.08757
1,0.815615,0.878794
1,0.798982,1.02786
1,0.794473,0.857211
1,0.78528,0.785757
1,0.783668,0.976582
1,0.781282,0.820857
1,0.767201,1.09557
1,0.733107,0.831642
1,0.729477,0.741712
1,0.727346,0.849343
1,0.724938,0.953545
1,0.71432,0.849097
1,0.711161,0.796402
1,0.698136,0.708168
1,0.671733,1.02908
1,0.670705,0.715103
1,0.658758,0.739167
1,0.654954,0.659421
1,0.634442,0.817016
1,0.634118,0.649348
1,0.631894,0.666493
1,0.629323,0.998357
1,0.620746,0.736893
1,0.620049,0.804655
1,0.612007,0.687241
1,0.611142,0.744069
1,0.610088,0.946389
1,0.605712,0.619565
1,0.602256,0.636727
1,0.600324,0.605871
1,0.589246,0.95299
1,0.580827,0.63478
1,0.57742,0.610984
1,0.570322,0.620363
1,0.56971,0.594355
1,0.561372,0.605244
1,0.555165,0.729329
1,0.551658,0.590684
1,0.549355,0.66334
1,0.548152,0.626221
1,0.547586,0.555278
1,0.539611,0.598369
1,0.538641,0.779485
1,0.537179,0.586497
1,0.52451,0.637502
1,0.519612,0.731187
1,0.517801,0.561857
1,0.514374,0.519023
1,0.513128,0.562367
1,0.504946,0.700684
1,0.504263,0.572544
1,0.501337,0.549783
1,0.499289,0.510502
1,0.498943,0.65721
1,0.498028,0.505588
1,0.497365,0.608084
1,0.496433,0.514098
1,0.496415,0.526037
1,0.49262,0.529184
1,0.492325,0.595673
1,0.491483,0.539464
1,0.483553,0.551038
1,0.483056,0.585542
1,0.48302,0.562009
1,0.482866,0.500807
1,0.482388,0.571712
1,0.481146,0.63582
1,0.480721,0.569103
1,0.47671,0.777778
1,0.473083,0.547719
1,0.469992,0.623129
1,0.469566,0.635971
1,0.466274,0.475443
1,0.465892,0.468006
1,0.460409,0.524193
1,0.460366,0.560404
1,0.459317,0.568912
1,0.457456,0.479684
1,0.456706,0.463661
1,0.456691,0.608844
1,0.45495,0.538353
1,0.454637,0.847688
1,0.4531,0.535693
1,0.448516,0.498212
1,0.447471,0.468692
1,0.446992,0.448981
1,0.446085,0.693598
1,0.443261,0.45802
1,0.44226,0.529923
1,0.435912,0.436259
1,0.434067,0.470301
1,0.430821,0.516928
1,0.428692,0.483753
1,0.427339,0.752559
1,0.425845,0.444541
1,0.424906,0.592544
1,0.424274,0.478967
1,0.424033,0.453121
1,0.423406,0.51494
1,0.423115,0.639808
1,0.422257,0.437595
1,0.421911,0.434242
1,0.421467,0.496506
1,0.41951,0.60744
1,0.418723,0.647258
1,0.417324,0.450089
1,0.416524,0.459192
1,0.41579,0.763026
1,0.415427,0.429325
1,0.414358,0.514728
1,0.411564,0.553348
1,0.411201,0.551206
1,0.409716,0.443807
1,0.406569,0.637378
1,0.40648,0.458394
1,0.406092,0.521417
1,0.40428,0.471544
1,0.400031,0.424759
1,0.397806,0.400874
1,0.395996,0.414614
1,0.392755,0.418309
1,0.389222,0.572478
1,0.388887,0.437637
1,0.384113,0.504445
1,0.383778,0.447314
1,0.381595,1.04593
1,0.381079,0.426757
1,0.380097,0.394736
1,0.378099,0.602618
1,0.377337,0.389992
1,0.370485,0.404041
1,0.369007,0.563547
1,0.366743,0.449073
1,0.36605,0.370704
1,0.36265,0.423865
1,0.362046,0.364736
1,0.358486,0.437731
1,0.357903,0.425836
1,0.357891,0.440928
1,0.354776,0.393997
1,0.354243,0.464002
1,0.352602,0.480938
1,0.351354,0.460317
1,0.349009,0.426366
1,0.347694,0.389992
1,0.347453,0.462491
1,0.346203,0.452429
1,0.342297,0.355833
1,0.341895,0.343486
1,0.340087,0.356466
1,0.339537,0.361266
1,0.336781,0.496301
1,0.335954,0.338558
1,0.334336,0.34145
1,0.332738,0.364852
1,0.332215,0.344248
1,0.332033,0.387981
1,0.331747,0.342543
1,0.331263,0.359553
1,0.330389,0.335396
1,0.330308,0.346048
1,0.329736,0.336202
1,0.329499,0.555581
1,0.329243,0.376913
1,0.327212,0.365655
1,0.327085,0.345487
1,0.326859,0.339217
1,0.326146,0.378821
1,0.322032,0.390706
1,0.320786,0.367015
1,0.320344,0.351963
1,0.319548,0.339929
1,0.319292,0.327317
1,0.317461,0.447935
1,0.317376,0.324238
1,0.31596,0.358918
1,0.314931,0.346522
1,0.314578,0.31875
1,0.314317,0.334767
1,0.314148,0.346814
1,0.313755,0.357965
1,0.312999,0.357154
1,0.312872,0.408733
1,0.312185,0.318582
1,0.311887,0.363343
1,0.309496,0.312726
1,0.305475,0.389762
1,0.301358,0.456071
1,0.301195,0.315403
1,0.300443,0.642797
1,0.299957,0.302966
1,0.297957,0.310412
1,0.296271,0.409189
1,0.295833,0.348086
1,0.294093,0.408115
1,0.294034,0.325708
1,0.293279,0.32526
1,0.29317,0.296276
1,0.292697,0.306099
1,0.291936,0.377373
1,0.291904,0.31527
1,0.290298,0.311309
1,0.290122,0.34961
1,0.286405,0.306534
1,0.286385,0.316093
1,0.285324,0.358864
1,0.284455,0.44562
1,0.283985,0.292642
1,0.283322,0.300485
1,0.283231,0.309484
1,0.282869,0.380009
1,0.282213,0.337836
1,0.281122,0.370144
1,0.280914,0.446275
1,0.279509,0.294209
1,0.277805,0.287261
1,0.277313,0.3424
1,0.275049,0.3806
1,0.274734,0.336281
1,0.273046,0.286074
1,0.272369,0.402461
1,0.2723,0.324954
1,0.27149,0.272205
1,0.268975,0.31809
1,0.268948,0.296489
1,0.268581,0.292999
1,0.268148,0.276706
1,0.26807,0.326744
1,0.262215,0.358325
1,0.261059,0.297793
1,0.260384,0.312804
1,0.257785,0.264149
1,0.256875,0.296576
1,0.254306,0.276776
1,0.252786,0.294405
1,0.250763,0.34503
1,0.250756,0.299195
1,0.250712,0.252648
1,0.249484,0.261658
1,0.249161,0.291335
1,0.249046,0.254469
1,0.248939,0.279019
1,0.248763,0.361381
1,0.24861,0.269786
1,0.247777,0.364587
1,0.247312,0.259206
1,0.246734,0.251402
1,0.245663,0.340925
1,0.243688,0.338774
1,0.243425,0.293265
1,0.243047,0.292939
1,0.24161,0.249989
1,0.239544,0.282116
1,0.237498,0.278919
1,0.237196,0.256473
1,0.236857,0.293575
1,0.234244,0.277766
1,0.233668,0.237052
1,0.230731,0.245108
1,0.230586,0.234897
1,0.229852,0.252966
1,0.227972,0.242361
1,0.22581,0.275864
1,0.224953,0.237913
1,0.224492,0.228426
1,0.221485,0.30124
1,0.217264,0.239981
1,0.21587,0.237712
1,0.2144,0.232646
1,0.21091,0.229649
1,0.20847,0.2086
1,0.207755,0.336181
1,0.207461,0.213843
1,0.207287,0.224819
1,0.206517,0.237597
1,0.206206,0.231303
1,0.20514,0.239441
1,0.204039,0.284247
1,0.202746,0.243325
1,0.202307,0.242256
1,0.201861,0.247377
1,0.201142,0.226729
1,0.200639,0.236333
1,0.19624,0.256308
1,0.196001,0.386506
1,0.195001,0.214839
1,0.194731,0.196467
1,0.193591,0.2743
1,0.193526,0.250152
1,0.193218,0.199047
1,0.191147,0.192506
1,0.189373,0.190765
1,0.186888,0.187403
1,0.186783,0.19793
1,0.186524,0.197345
1,0.184713,0.226114
1,0.183297,0.212716
1,0.18225,0.24153
1,0.181712,0.255325
1,0.179507,0.190303
1,0.174814,0.196511
1,0.17301,0.183006
1,0.172972,0.182912
1,0.171001,0.180508
1,0.170529,0.172457
1,0.169762,0.210584
1,0.1694,0.183408
1,0.168932,0.18327
1,0.164033,0.168027
1,0.161258,0.164739
1,0.161213,0.164933
1,0.157939,0.181806
1,0.14931,0.183113
1,0.14619,0.184024
1,0.145956,0.16619
1,0.145932,0.151041
1,0.145741,0.152676
1,0.143892,0.173346
1,0.143466,0.150187
1,0.143442,0.158165
1,0.143252,0.169274
1,0.141521,0.14198
1,0.141517,0.167169
1,0.14087,0.158514
1,0.140566,0.16382
1,0.140179,0.160334
1,0.138758,0.161369
1,0.138635,0.18571
1,0.138287,0.16098
1,0.137458,0.145579
1,0.136829,0.137461
1,0.136792,0.165695
1,0.133752,0.140817
1,0.132217,0.15533
1,0.129592,0.137811
1,0.129187,0.149371
1,0.127634,0.157974
1,0.125573,0.125895
1,0.125517,0.131731
1,0.125341,0.134197
1,0.124436,0.13407
1,0.123923,0.153406
1,0.123839,0.169282
1,0.122808,0.13367
1,0.122597,0.135705
1,0.121528,0.128765
1,0.116305,0.186809
1,0.11531,0.119937
1,0.11487,0.128203
1,0.11473,0.153463
1,0.114211,0.11596
1,0.112269,0.131528
1,0.111383,0.122377
1,0.110617,0.110808
1,0.110297,0.131632
1,0.105683,0.113155
1,0.102797,0.132769
1,0.100474,0.155557
1,0.100232,0.132205
1,0.0984249,0.128877
1,0.0894315,0.101195
1,0.0889139,0.0928192
1,0.0886995,0.090445
1,0.0856078,0.090055
1,0.0850076,0.0942584
1,0.0792734,0.113309
1,0.0687213,0.0803041
1,0.0608638,0.0654143
1,0.0568996,0.0599455
2,1.70793,1.74715
2,1.40365,1.42445
2,1.39157,1.43045
2,1.34194,1.45706
2,1.25213,1.39016
2,1.23237,1.24988
2,1.21974,1.2307
2,1.16528,1.16553
2,1.04699,1.05699
2,1.02049,1.02491
2,1.01961,1.08361
2,0.993307,1.12198
2,0.892109,0.941192
2,0.723425,0.731876
2,0.688381,0.689842
2,0.657123,0.667349
2,0.651482,0.690006
2,0.586189,0.601913
2,0.567343,0.587812
2,0.559266,0.569926
2,0.512213,0.523835
2,0.510608,0.560193
2,0.49988,0.52845
2,0.494711,0.515732
2,0.489257,0.531997
2,0.436232,0.462033
2,0.423575,0.42528
2,0.415514,0.416249
2,0.408989,0.441207
2,0.397288,0.429291
2,0.388039,0.390019
2,0.38253,0.401677
2,0.377925,0.380666
2,0.360272,0.390119
2,0.303497,0.326728
2,0.292719,0.302698
2,0.288435,0.300144
2,0.265954,0.268331
2,0.265065,0.268139
2,0.199772,0.200429
2,0.187844,0.194993
2,0.18626,0.190044
2,0.163006,0.170725
2,0.103793,0.117481
