point cloud with 2101 points in dimension 3
0,0,0.00647662
0,0,0.00736442
0,0,0.00947795
0,0,0.0115021
0,0,0.0120313
0,0,0.0130159
0,0,0.0141001
0,0,0.0147537
0,0,0.0162347
0,0,0.0165501
0,0,0.016785
0,0,0.0167882
0,0,0.0171587
0,0,0.0175686
0,0,0.0187533
0,0,0.0192826
0,0,0.0194615
0,0,0.0196712
0,0,0.0198073
0,0,0.0203071
0,0,0.0206917
0,0,0.0208132
0,0,0.0208207
0,0,0.0212441
0,0,0.0213268
0,0,0.021872
0,0,0.0219991
0,0,0.0221868
0,0,0.0230239
0,0,0.0232355
0,0,0.0232436
0,0,0.0233291
0,0,0.0233581
0,0,0.0234413
0,0,0.0237757
0,0,0.0239567
0,0,0.0240708
0,0,0.0241941
0,0,0.0242863
0,0,0.0244375
0,0,0.0246138
0,0,0.0246583
0,0,0.0247554
0,0,0.0250314
0,0,0.0250359
0,0,0.0252453
0,0,0.025259
0,0,0.0255015
0,0,0.0258172
0,0,0.0258616
0,0,0.0260294
0,0,0.0261422
0,0,0.0264314
0,0,0.0265347
0,0,0.0269203
0,0,0.0272219
0,0,0.0273102
0,0,0.027682
0,0,0.0277817
0,0,0.0278968
0,0,0.0281138
0,0,0.0282101
0,0,0.0282225
0,0,0.0282405
0,0,0.0284621
0,0,0.0285866
0,0,0.0289565
0,0,0.029077
0,0,0.0292635
0,0,0.0296574
0,0,0.0296962
0,0,0.0298348
0,0,0.0298438
0,0,0.0299154
0,0,0.0300702
0,0,0.0301403
0,0,0.0301729
0,0,0.0302071
0,0,0.0304276
0,0,0.0304316
0,0,0.0306781
0,0,0.0307892
0,0,0.030809
0,0,0.0310252
0,0,0.0311409
0,0,0.0311872
0,0,0.0314283
0,0,0.0314425
0,0,0.0314822
0,0,0.0315004
0,0,0.0316186
0,0,0.0316315
0,0,0.0316421
0,0,0.0318817
0,0,0.0319236
0,0,0.0319406
0,0,0.0320439
0,0,0.032178
0,0,0.0322605
0,0,0.0323116
0,0,0.0324369
0,0,0.0324554
0,0,0.0324728
0,0,0.0324751
0,0,0.0324782
0,0,0.0326116
0,0,0.0329681
0,0,0.0330257
0,0,0.0332373
0,0,0.0333809
0,0,0.0335846
0,0,0.0336006
0,0,0.033603
0,0,0.033607
0,0,0.0337126
0,0,0.0340094
0,0,0.0340384
0,0,0.0341517
0,0,0.0341811
0,0,0.0346096
0,0,0.0348002
0,0,0.0348058
0,0,0.0348559
0,0,0.0348762
0,0,0.0349982
0,0,0.0351209
0,0,0.0351628
0,0,0.0354167
0,0,0.0355063
0,0,0.035528
0,0,0.0356222
0,0,0.0356842
0,0,0.0358144
0,0,0.0360817
0,0,0.036159
0,0,0.0364611
0,0,0.0364919
0,0,0.0365184
0,0,0.0367384
0,0,0.0368781
0,0,0.0369862
0,0,0.0370114
0,0,0.0370417
0,0,0.0371499
0,0,0.0371764
0,0,0.0371966
0,0,0.0373226
0,0,0.037421
0,0,0.037538
0,0,0.0375585
0,0,0.0375943
0,0,0.0376187
0,0,0.0377099
0,0,0.037807
0,0,0.037814
0,0,0.0379493
0,0,0.0380012
0,0,0.0380597
0,0,0.0380603
0,0,0.0380772
0,0,0.0381514
0,0,0.0381862
0,0,0.0382478
0,0,0.0382935
0,0,0.0383145
0,0,0.0383826
0,0,0.038568
0,0,0.0388172
0,0,0.0389642
0,0,0.0391086
0,0,0.0393646
0,0,0.0394765
0,0,0.0394766
0,0,0.0396181
0,0,0.039685
0,0,0.0396875
0,0,0.0397548
0,0,0.0401079
0,0,0.0401578
0,0,0.0401789
0,0,0.0403168
0,0,0.0403628
0,0,0.0404708
0,0,0.0405426
0,0,0.0406132
0,0,0.0406521
0,0,0.0406549
0,0,0.0406931
0,0,0.0407704
0,0,0.0408025
0,0,0.0408833
0,0,0.0409576
0,0,0.0410213
0,0,0.0410612
0,0,0.0411373
0,0,0.0411737
0,0,0.041239
0,0,0.0413258
0,0,0.0413736
0,0,0.0414705
0,0,0.0415249
0,0,0.0416703
0,0,0.0417094
0,0,0.0418064
0,0,0.041813
0,0,0.0418947
0,0,0.0419435
0,0,0.0420656
0,0,0.0420916
0,0,0.0421396
0,0,0.0422418
0,0,0.0424986
0,0,0.0425031
0,0,0.0425479
0,0,0.0425783
0,0,0.0428876
0,0,0.043016
0,0,0.043091
0,0,0.0431076
0,0,0.0434116
0,0,0.0436409
0,0,0.043707
0,0,0.0437278
0,0,0.0437844
0,0,0.0438119
0,0,0.0439798
0,0,0.0440523
0,0,0.0440777
0,0,0.0441483
0,0,0.0444206
0,0,0.0444764
0,0,0.0446023
0,0,0.0446278
0,0,0.0449274
0,0,0.0451299
0,0,0.0451748
0,0,0.0453973
0,0,0.0454212
0,0,0.0455539
0,0,0.045563
0,0,0.0456811
0,0,0.0456949
0,0,0.0458636
0,0,0.0458756
0,0,0.0459279
0,0,0.0463963
0,0,0.0467603
0,0,0.0468958
0,0,0.0469983
0,0,0.0470038
0,0,0.0471055
0,0,0.0471056
0,0,0.0471424
0,0,0.0472018
0,0,0.0472074
0,0,0.0472372
0,0,0.0472997
0,0,0.0473165
0,0,0.0475487
0,0,0.0477452
0,0,0.0477645
0,0,0.0477879
0,0,0.0479066
0,0,0.0479368
0,0,0.0480578
0,0,0.0482141
0,0,0.0482154
0,0,0.0482811
0,0,0.048356
0,0,0.0485655
0,0,0.0485689
0,0,0.048648
0,0,0.0487133
0,0,0.0487235
0,0,0.0487248
0,0,0.0487346
0,0,0.0487812
0,0,0.0488434
0,0,0.048906
0,0,0.0489302
0,0,0.0489743
0,0,0.0489803
0,0,0.0489853
0,0,0.0490664
0,0,0.0491426
0,0,0.0493779
0,0,0.0494038
0,0,0.0494446
0,0,0.0494934
0,0,0.0495577
0,0,0.0496158
0,0,0.049742
0,0,0.0499133
0,0,0.0500231
0,0,0.050116
0,0,0.0502642
0,0,0.0502802
0,0,0.050373
0,0,0.0503772
0,0,0.0504478
0,0,0.0505021
0,0,0.0507422
0,0,0.0507983
0,0,0.0509054
0,0,0.0509108
0,0,0.0511387
0,0,0.0511603
0,0,0.0511678
0,0,0.0511704
0,0,0.0512683
0,0,0.0513311
0,0,0.0514407
0,0,0.0514842
0,0,0.0515919
0,0,0.0516127
0,0,0.051636
0,0,0.0516719
0,0,0.0517332
0,0,0.051929
0,0,0.0519432
0,0,0.0519564
0,0,0.0519786
0,0,0.0521852
0,0,0.052267
0,0,0.0523641
0,0,0.052374
0,0,0.0523848
0,0,0.0524464
0,0,0.0524663
0,0,0.0524838
0,0,0.0525049
0,0,0.0525118
0,0,0.0525247
0,0,0.0529467
0,0,0.0529792
0,0,0.0530012
0,0,0.0530108
0,0,0.0530543
0,0,0.0531466
0,0,0.0532193
0,0,0.0532734
0,0,0.0532992
0,0,0.0533111
0,0,0.0533167
0,0,0.0533516
0,0,0.0534085
0,0,0.0534117
0,0,0.0534611
0,0,0.0535669
0,0,0.053601
0,0,0.0539245
0,0,0.0539388
0,0,0.0540319
0,0,0.0540949
0,0,0.0541579
0,0,0.0542138
0,0,0.0542545
0,0,0.0543007
0,0,0.0545261
0,0,0.0545581
0,0,0.0546808
0,0,0.0547407
0,0,0.0548498
0,0,0.0548923
0,0,0.0549107
0,0,0.0549197
0,0,0.0550596
0,0,0.0550879
0,0,0.0552393
0,0,0.0552902
0,0,0.0553096
0,0,0.0553766
0,0,0.0553813
0,0,0.055512
0,0,0.0556022
0,0,0.0557503
0,0,0.0559469
0,0,0.0561256
0,0,0.0566986
0,0,0.0567772
0,0,0.0567811
0,0,0.0568747
0,0,0.0568912
0,0,0.0569413
0,0,0.0570921
0,0,0.0571189
0,0,0.0572115
0,0,0.0574071
0,0,0.0575478
0,0,0.0576476
0,0,0.057794
0,0,0.0578039
0,0,0.0578501
0,0,0.0579449
0,0,0.0579646
0,0,0.0581065
0,0,0.0581778
0,0,0.0581928
0,0,0.0582385
0,0,0.0583488
0,0,0.0583989
0,0,0.0584646
0,0,0.0585516
0,0,0.058657
0,0,0.0586737
0,0,0.058691
0,0,0.0587756
0,0,0.0587768
0,0,0.0588983
0,0,0.0590172
0,0,0.0590589
0,0,0.0590727
0,0,0.0590776
0,0,0.0591723
0,0,0.0592058
0,0,0.0592402
0,0,0.0592418
0,0,0.059285
0,0,0.0593724
0,0,0.0595585
0,0,0.0595673
0,0,0.0595876
0,0,0.0596654
0,0,0.0597308
0,0,0.0598031
0,0,0.0599275
0,0,0.0599358
0,0,0.0599467
0,0,0.0599668
0,0,0.0599998
0,0,0.0601515
0,0,0.0601796
0,0,0.0602772
0,0,0.0602807
0,0,0.0602829
0,0,0.0603433
0,0,0.0603859
0,0,0.0604229
0,0,0.0604461
0,0,0.0605735
0,0,0.0606231
0,0,0.0606739
0,0,0.0608103
0,0,0.0609126
0,0,0.0609373
0,0,0.0610016
0,0,0.0610271
0,0,0.061028
0,0,0.0610443
0,0,0.0610732
0,0,0.0611727
0,0,0.0611907
0,0,0.0612461
0,0,0.0613347
0,0,0.0613497
0,0,0.0615368
0,0,0.0615853
0,0,0.0616024
0,0,0.0618611
0,0,0.0618725
0,0,0.0620589
0,0,0.0620652
0,0,0.062083
0,0,0.0622129
0,0,0.0622347
0,0,0.0623656
0,0,0.0624217
0,0,0.0624449
0,0,0.0625099
0,0,0.0625539
0,0,0.0625597
0,0,0.0625737
0,0,0.0625914
0,0,0.0626745
0,0,0.062699
0,0,0.0627097
0,0,0.062712
0,0,0.0627391
0,0,0.0630169
0,0,0.063197
0,0,0.0632314
0,0,0.0632454
0,0,0.0634623
0,0,0.063606
0,0,0.0636265
0,0,0.0636669
0,0,0.0637438
0,0,0.0638389
0,0,0.0638392
0,0,0.063944
0,0,0.0639707
0,0,0.0642186
0,0,0.0643502
0,0,0.0644094
0,0,0.0644815
0,0,0.0646454
0,0,0.0647839
0,0,0.0648492
0,0,0.0650923
0,0,0.0651342
0,0,0.0651801
0,0,0.0652002
0,0,0.0652173
0,0,0.0652819
0,0,0.0653039
0,0,0.0654224
0,0,0.0657355
0,0,0.0657729
0,0,0.0659416
0,0,0.0660047
0,0,0.0660368
0,0,0.0661188
0,0,0.066148
0,0,0.0661709
0,0,0.0662086
0,0,0.0662648
0,0,0.0664093
0,0,0.066412
0,0,0.0664973
0,0,0.0665414
0,0,0.0666843
0,0,0.0667856
0,0,0.0670395
0,0,0.0670505
0,0,0.0671297
0,0,0.0672721
0,0,0.0675552
0,0,0.0677273
0,0,0.067752
0,0,0.0677794
0,0,0.0678185
0,0,0.067889
0,0,0.0681805
0,0,0.0682123
0,0,0.0682445
0,0,0.0682951
0,0,0.0683025
0,0,0.0685021
0,0,0.0685706
0,0,0.0686976
0,0,0.068776
0,0,0.068806
0,0,0.0688123
0,0,0.069045
0,0,0.0690841
0,0,0.0692815
0,0,0.0694507
0,0,0.0695294
0,0,0.0695353
0,0,0.0695655
0,0,0.0696434
0,0,0.0696994
0,0,0.069749
0,0,0.069851
0,0,0.0702331
0,0,0.0702733
0,0,0.070319
0,0,0.0704088
0,0,0.0704964
0,0,0.0705829
0,0,0.0705976
0,0,0.0706951
0,0,0.0708745
0,0,0.0710514
0,0,0.0710577
0,0,0.0710633
0,0,0.071115
0,0,0.0711577
0,0,0.0711936
0,0,0.0712173
0,0,0.0712555
0,0,0.0713314
0,0,0.0713989
0,0,0.07147
0,0,0.0715139
0,0,0.0715251
0,0,0.0715524
0,0,0.0716308
0,0,0.0717041
0,0,0.0717044
0,0,0.0717763
0,0,0.0717803
0,0,0.0717941
0,0,0.0718716
0,0,0.0720625
0,0,0.0721802
0,0,0.0723631
0,0,0.0724257
0,0,0.0724698
0,0,0.0726398
0,0,0.072694
0,0,0.0728815
0,0,0.0729459
0,0,0.0731077
0,0,0.0731505
0,0,0.0733032
0,0,0.0733366
0,0,0.0733551
0,0,0.0734401
0,0,0.0735329
0,0,0.0735465
0,0,0.073563
0,0,0.0737881
0,0,0.0738278
0,0,0.0739342
0,0,0.0739944
0,0,0.0739968
0,0,0.0740991
0,0,0.0741406
0,0,0.0742531
0,0,0.0742922
0,0,0.0743363
0,0,0.0743656
0,0,0.0745406
0,0,0.0748087
0,0,0.0748235
0,0,0.0748475
0,0,0.0748518
0,0,0.0749243
0,0,0.0750132
0,0,0.0750908
0,0,0.0752334
0,0,0.0752515
0,0,0.0752633
0,0,0.0752714
0,0,0.0752942
0,0,0.0753323
0,0,0.0753432
0,0,0.0753535
0,0,0.075359
0,0,0.0754885
0,0,0.0755151
0,0,0.0755829
0,0,0.075658
0,0,0.075667
0,0,0.0756833
0,0,0.0757091
0,0,0.0757145
0,0,0.0757408
0,0,0.0759656
0,0,0.0760816
0,0,0.0762865
0,0,0.0767371
0,0,0.0767936
0,0,0.0767987
0,0,0.076824
0,0,0.0768818
0,0,0.0769469
0,0,0.0769762
0,0,0.0770106
0,0,0.0770463
0,0,0.077201
0,0,0.0772486
0,0,0.0774821
0,0,0.0775966
0,0,0.0776589
0,0,0.0777976
0,0,0.0779437
0,0,0.0779486
0,0,0.0779503
0,0,0.0780376
0,0,0.0780469
0,0,0.0780926
0,0,0.078223
0,0,0.0782723
0,0,0.078523
0,0,0.0785614
0,0,0.0788255
0,0,0.0789708
0,0,0.0790436
0,0,0.0791687
0,0,0.0794246
0,0,0.0794606
0,0,0.0794668
0,0,0.0796698
0,0,0.0796722
0,0,0.0797162
0,0,0.0797573
0,0,0.0798164
0,0,0.0798796
0,0,0.0799007
0,0,0.0800097
0,0,0.0800604
0,0,0.0802284
0,0,0.0804476
0,0,0.0804648
0,0,0.0804912
0,0,0.0805355
0,0,0.0805399
0,0,0.0805606
0,0,0.0806802
0,0,0.080681
0,0,0.0807933
0,0,0.0809577
0,0,0.0810002
0,0,0.0810831
0,0,0.0811927
0,0,0.0813246
0,0,0.0813309
0,0,0.0813527
0,0,0.081459
0,0,0.0814626
0,0,0.0816121
0,0,0.0817306
0,0,0.0818162
0,0,0.081873
0,0,0.0819945
0,0,0.0821532
0,0,0.0821642
0,0,0.0822611
0,0,0.0823375
0,0,0.0823923
0,0,0.0824033
0,0,0.0824083
0,0,0.0824129
0,0,0.0826028
0,0,0.0826372
0,0,0.0826835
0,0,0.0827257
0,0,0.0827454
0,0,0.0829036
0,0,0.0829977
0,0,0.0832253
0,0,0.0833262
0,0,0.0834515
0,0,0.0834935
0,0,0.0836159
0,0,0.083648
0,0,0.0836736
0,0,0.0836833
0,0,0.0837094
0,0,0.083756
0,0,0.0837566
0,0,0.0837876
0,0,0.0838788
0,0,0.083913
0,0,0.0841154
0,0,0.0841666
0,0,0.0841707
0,0,0.0842327
0,0,0.084278
0,0,0.0843683
0,0,0.0843894
0,0,0.0845151
0,0,0.0845924
0,0,0.0846352
0,0,0.0847282
0,0,0.0847385
0,0,0.0848707
0,0,0.085073
0,0,0.0852318
0,0,0.0852599
0,0,0.0855144
0,0,0.0855648
0,0,0.0855828
0,0,0.0857618
0,0,0.0859492
0,0,0.0861336
0,0,0.0861669
0,0,0.0862074
0,0,0.0862783
0,0,0.0863333
0,0,0.0864762
0,0,0.086518
0,0,0.0865648
0,0,0.0867396
0,0,0.0868456
0,0,0.086945
0,0,0.0871609
0,0,0.0871988
0,0,0.087355
0,0,0.0873605
0,0,0.0873806
0,0,0.0874154
0,0,0.0874917
0,0,0.0875253
0,0,0.0875655
0,0,0.0877564
0,0,0.0878095
0,0,0.0878893
0,0,0.0879289
0,0,0.0882913
0,0,0.0883122
0,0,0.0883325
0,0,0.0885012
0,0,0.088671
0,0,0.0887911
0,0,0.0889086
0,0,0.0890318
0,0,0.0891416
0,0,0.0891773
0,0,0.0892406
0,0,0.0892663
0,0,0.0894027
0,0,0.0895141
0,0,0.0895699
0,0,0.0897889
0,0,0.089793
0,0,0.0898419
0,0,0.0899068
0,0,0.0899532
0,0,0.0899615
0,0,0.0900989
0,0,0.0902052
0,0,0.0903847
0,0,0.0904792
0,0,0.0906232
0,0,0.0909496
0,0,0.0910087
0,0,0.0910592
0,0,0.0911099
0,0,0.0911891
0,0,0.0913266
0,0,0.0913319
0,0,0.0914321
0,0,0.0918006
0,0,0.0918897
0,0,0.0918968
0,0,0.0919747
0,0,0.0920739
0,0,0.0921425
0,0,0.0922995
0,0,0.0925616
0,0,0.0925853
0,0,0.0927246
0,0,0.0929753
0,0,0.0930737
0,0,0.0930779
0,0,0.0930952
0,0,0.093127
0,0,0.0931427
0,0,0.0932853
0,0,0.0935223
0,0,0.0935649
0,0,0.093741
0,0,0.0938523
0,0,0.0938903
0,0,0.0938968
0,0,0.0939503
0,0,0.0943855
0,0,0.0944631
0,0,0.0949482
0,0,0.0950131
0,0,0.0950472
0,0,0.0953196
0,0,0.0953429
0,0,0.0953621
0,0,0.0954581
0,0,0.0957429
0,0,0.0959139
0,0,0.0960428
0,0,0.0964263
0,0,0.0965274
0,0,0.0965306
0,0,0.0965691
0,0,0.0966886
0,0,0.0968253
0,0,0.0968882
0,0,0.0969319
0,0,0.0973526
0,0,0.097468
0,0,0.0975408
0,0,0.0976422
0,0,0.0976821
0,0,0.097908
0,0,0.0981006
0,0,0.0981187
0,0,0.0981917
0,0,0.0982626
0,0,0.0982997
0,0,0.0985299
0,0,0.0987287
0,0,0.09875
0,0,0.0989286
0,0,0.0989349
0,0,0.0992583
0,0,0.0995927
0,0,0.0996097
0,0,0.0996546
0,0,0.0997603
0,0,0.0997964
0,0,0.0999265
0,0,0.0999844
0,0,0.100153
0,0,0.100584
0,0,0.100629
0,0,0.100775
0,0,0.100784
0,0,0.101114
0,0,0.101338
0,0,0.10156
0,0,0.101562
0,0,0.10182
0,0,0.101977
0,0,0.102064
0,0,0.102192
0,0,0.102207
0,0,0.10243
0,0,0.102556
0,0,0.102737
0,0,0.102746
0,0,0.102814
0,0,0.102906
0,0,0.10297
0,0,0.10301
0,0,0.103329
0,0,0.103452
0,0,0.103521
0,0,0.103637
0,0,0.103685
0,0,0.103769
0,0,0.103785
0,0,0.103787
0,0,0.103869
0,0,0.103884
0,0,0.10398
0,0,0.104123
0,0,0.104138
0,0,0.10417
0,0,0.104175
0,0,0.104184
0,0,0.104203
0,0,0.104258
0,0,0.104373
0,0,0.104452
0,0,0.104619
0,0,0.104688
0,0,0.104792
0,0,0.104794
0,0,0.104802
0,0,0.104867
0,0,0.104872
0,0,0.105117
0,0,0.105744
0,0,0.105771
0,0,0.105783
0,0,0.106104
0,0,0.106243
0,0,0.106302
0,0,0.106369
0,0,0.106526
0,0,0.106879
0,0,0.107207
0,0,0.107355
0,0,0.107445
0,0,0.107496
0,0,0.107544
0,0,0.10757
0,0,0.107658
0,0,0.107704
0,0,0.107713
0,0,0.107732
0,0,0.107791
0,0,0.107868
0,0,0.107911
0,0,0.107961
0,0,0.108132
0,0,0.108167
0,0,0.108239
0,0,0.1083
0,0,0.108495
0,0,0.108895
0,0,0.109034
0,0,0.109217
0,0,0.109497
0,0,0.109588
0,0,0.109637
0,0,0.110044
0,0,0.110223
0,0,0.110378
0,0,0.110681
0,0,0.110789
0,0,0.110791
0,0,0.110836
0,0,0.110989
0,0,0.111002
0,0,0.111004
0,0,0.111084
0,0,0.111103
0,0,0.111117
0,0,0.111301
0,0,0.111372
0,0,0.111487
0,0,0.111526
0,0,0.11157
0,0,0.111778
0,0,0.111875
0,0,0.111912
0,0,0.112019
0,0,0.112154
0,0,0.112227
0,0,0.112324
0,0,0.112397
0,0,0.112687
0,0,0.112956
0,0,0.112994
0,0,0.113022
0,0,0.113128
0,0,0.113225
0,0,0.113312
0,0,0.113414
0,0,0.11385
0,0,0.113867
0,0,0.114095
0,0,0.114537
0,0,0.114653
0,0,0.114713
0,0,0.114749
0,0,0.114764
0,0,0.115598
0,0,0.115711
0,0,0.115726
0,0,0.115882
0,0,0.115892
0,0,0.115987
0,0,0.116042
0,0,0.116211
0,0,0.116233
0,0,0.116273
0,0,0.116413
0,0,0.116743
0,0,0.116754
0,0,0.117396
0,0,0.117433
0,0,0.117469
0,0,0.117484
0,0,0.117511
0,0,0.117535
0,0,0.117743
0,0,0.117804
0,0,0.117856
0,0,0.118055
0,0,0.118156
0,0,0.118397
0,0,0.118421
0,0,0.118478
0,0,0.118545
0,0,0.11862
0,0,0.118684
0,0,0.118694
0,0,0.118715
0,0,0.118851
0,0,0.118973
0,0,0.119366
0,0,0.119403
0,0,0.119538
0,0,0.119589
0,0,0.119591
0,0,0.119651
0,0,0.119652
0,0,0.11968
0,0,0.119728
0,0,0.1198
0,0,0.120032
0,0,0.120097
0,0,0.120139
0,0,0.120211
0,0,0.120353
0,0,0.120519
0,0,0.120521
0,0,0.120823
0,0,0.120898
0,0,0.120918
0,0,0.121217
0,0,0.121551
0,0,0.121564
0,0,0.121819
0,0,0.122184
0,0,0.122402
0,0,0.122465
0,0,0.122593
0,0,0.122731
0,0,0.122751
0,0,0.123089
0,0,0.123127
0,0,0.123167
0,0,0.123218
0,0,0.123359
0,0,0.123636
0,0,0.123742
0,0,0.123751
0,0,0.123755
0,0,0.123844
0,0,0.124002
0,0,0.124062
0,0,0.124355
0,0,0.124518
0,0,0.124626
0,0,0.124663
0,0,0.12474
0,0,0.124802
0,0,0.12482
0,0,0.125306
0,0,0.125503
0,0,0.12554
0,0,0.125544
0,0,0.125578
0,0,0.125602
0,0,0.125686
0,0,0.125694
0,0,0.125728
0,0,0.125738
0,0,0.125745
0,0,0.125916
0,0,0.125989
0,0,0.126023
0,0,0.126053
0,0,0.126137
0,0,0.126239
0,0,0.126347
0,0,0.126411
0,0,0.126471
0,0,0.1267
0,0,0.126727
0,0,0.126806
0,0,0.126895
0,0,0.126902
0,0,0.126903
0,0,0.126941
0,0,0.126958
0,0,0.127055
0,0,0.127067
0,0,0.127147
0,0,0.127241
0,0,0.127545
0,0,0.127872
0,0,0.127911
0,0,0.127928
0,0,0.127986
0,0,0.128095
0,0,0.128182
0,0,0.128312
0,0,0.128408
0,0,0.128593
0,0,0.128707
0,0,0.12886
0,0,0.128926
0,0,0.129005
0,0,0.129036
0,0,0.129064
0,0,0.129087
0,0,0.129135
0,0,0.129169
0,0,0.129265
0,0,0.129271
0,0,0.129346
0,0,0.12953
0,0,0.129936
0,0,0.130097
0,0,0.130216
0,0,0.130241
0,0,0.130291
0,0,0.130319
0,0,0.130347
0,0,0.130768
0,0,0.130813
0,0,0.130921
0,0,0.131075
0,0,0.131096
0,0,0.131108
0,0,0.131208
0,0,0.131303
0,0,0.131523
0,0,0.131552
0,0,0.131993
0,0,0.132078
0,0,0.132115
0,0,0.132152
0,0,0.132155
0,0,0.132201
0,0,0.132656
0,0,0.132832
0,0,0.133172
0,0,0.13342
0,0,0.133507
0,0,0.133665
0,0,0.133791
0,0,0.133901
0,0,0.133958
0,0,0.134026
0,0,0.134049
0,0,0.134089
0,0,0.134345
0,0,0.134352
0,0,0.134439
0,0,0.134764
0,0,0.134915
0,0,0.134995
0,0,0.135078
0,0,0.13509
0,0,0.135166
0,0,0.135462
0,0,0.135464
0,0,0.135527
0,0,0.135549
0,0,0.135778
0,0,0.135786
0,0,0.135843
0,0,0.136103
0,0,0.136479
0,0,0.136588
0,0,0.136888
0,0,0.137125
0,0,0.137182
0,0,0.137378
0,0,0.137547
0,0,0.137666
0,0,0.137722
0,0,0.137982
0,0,0.137984
0,0,0.138132
0,0,0.138479
0,0,0.13858
0,0,0.138606
0,0,0.138614
0,0,0.13864
0,0,0.138661
0,0,0.138935
0,0,0.13905
0,0,0.139154
0,0,0.139502
0,0,0.13951
0,0,0.139584
0,0,0.139713
0,0,0.13976
0,0,0.139857
0,0,0.140187
0,0,0.14019
0,0,0.140207
0,0,0.140261
0,0,0.14065
0,0,0.14082
0,0,0.140898
0,0,0.14107
0,0,0.141078
0,0,0.141272
0,0,0.14128
0,0,0.141286
0,0,0.141326
0,0,0.141387
0,0,0.141586
0,0,0.142051
0,0,0.142053
0,0,0.142325
0,0,0.142511
0,0,0.143009
0,0,0.143105
0,0,0.143317
0,0,0.143373
0,0,0.14344
0,0,0.143629
0,0,0.143679
0,0,0.143824
0,0,0.143856
0,0,0.144019
0,0,0.144069
0,0,0.144256
0,0,0.144269
0,0,0.144376
0,0,0.144444
0,0,0.14458
0,0,0.144629
0,0,0.144756
0,0,0.144933
0,0,0.144992
0,0,0.145356
0,0,0.145483
0,0,0.145615
0,0,0.145754
0,0,0.14597
0,0,0.145999
0,0,0.146113
0,0,0.14639
0,0,0.146403
0,0,0.146501
0,0,0.14657
0,0,0.146659
0,0,0.146741
0,0,0.146751
0,0,0.146791
0,0,0.147008
0,0,0.147056
0,0,0.147162
0,0,0.147533
0,0,0.147535
0,0,0.147589
0,0,0.147804
0,0,0.147919
0,0,0.148236
0,0,0.148352
0,0,0.148445
0,0,0.14885
0,0,0.149978
0,0,0.150686
0,0,0.150793
0,0,0.150821
0,0,0.151071
0,0,0.151306
0,0,0.151554
0,0,0.151673
0,0,0.151699
0,0,0.151753
0,0,0.151963
0,0,0.152104
0,0,0.15213
0,0,0.152309
0,0,0.152314
0,0,0.152319
0,0,0.152537
0,0,0.152575
0,0,0.152877
0,0,0.153042
0,0,0.153579
0,0,0.153628
0,0,0.153824
0,0,0.153932
0,0,0.154115
0,0,0.154315
0,0,0.154317
0,0,0.154342
0,0,0.154708
0,0,0.154911
0,0,0.155068
0,0,0.155256
0,0,0.155279
0,0,0.1553
0,0,0.155635
0,0,0.155652
0,0,0.155762
0,0,0.156136
0,0,0.156217
0,0,0.156261
0,0,0.156314
0,0,0.156445
0,0,0.157107
0,0,0.157434
0,0,0.157679
0,0,0.157727
0,0,0.157781
0,0,0.158111
0,0,0.158327
0,0,0.15859
0,0,0.158683
0,0,0.158814
0,0,0.158911
0,0,0.159436
0,0,0.159501
0,0,0.159935
0,0,0.159938
0,0,0.160239
0,0,0.160289
0,0,0.160349
0,0,0.160761
0,0,0.161384
0,0,0.161445
0,0,0.162183
0,0,0.162197
0,0,0.162339
0,0,0.162594
0,0,0.16292
0,0,0.163195
0,0,0.163366
0,0,0.163445
0,0,0.163551
0,0,0.163805
0,0,0.163904
0,0,0.163945
0,0,0.164132
0,0,0.164236
0,0,0.164818
0,0,0.165028
0,0,0.165447
0,0,0.165763
0,0,0.165992
0,0,0.166179
0,0,0.166236
0,0,0.166455
0,0,0.166706
0,0,0.167307
0,0,0.167888
0,0,0.167889
0,0,0.167978
0,0,0.168031
0,0,0.168093
0,0,0.168208
0,0,0.168208
0,0,0.168355
0,0,0.168367
0,0,0.168398
0,0,0.168706
0,0,0.16872
0,0,0.16921
0,0,0.169787
0,0,0.169873
0,0,0.170745
0,0,0.171183
0,0,0.171236
0,0,0.171404
0,0,0.171812
0,0,0.172174
0,0,0.172216
0,0,0.172253
0,0,0.17244
0,0,0.172568
0,0,0.172701
0,0,0.172824
0,0,0.172953
0,0,0.173028
0,0,0.173161
0,0,0.173366
0,0,0.173707
0,0,0.174014
0,0,0.174501
0,0,0.174561
0,0,0.17477
0,0,0.175144
0,0,0.175152
0,0,0.175183
0,0,0.175232
0,0,0.175389
0,0,0.175751
0,0,0.176086
0,0,0.176144
0,0,0.176148
0,0,0.176245
0,0,0.176578
0,0,0.176621
0,0,0.176716
0,0,0.17694
0,0,0.176956
0,0,0.177057
0,0,0.177119
0,0,0.177193
0,0,0.177271
0,0,0.177646
0,0,0.177809
0,0,0.177942
0,0,0.177968
0,0,0.177977
0,0,0.178448
0,0,0.178471
0,0,0.179233
0,0,0.179465
0,0,0.179797
0,0,0.179806
0,0,0.180607
0,0,0.180978
0,0,0.181545
0,0,0.181847
0,0,0.1822
0,0,0.182267
0,0,0.182284
0,0,0.182422
0,0,0.182585
0,0,0.182725
0,0,0.182939
0,0,0.183012
0,0,0.183037
0,0,0.18319
0,0,0.183198
0,0,0.183209
0,0,0.183289
0,0,0.183355
0,0,0.183715
0,0,0.184044
0,0,0.184112
0,0,0.184119
0,0,0.184455
0,0,0.184567
0,0,0.184679
0,0,0.184887
0,0,0.185033
0,0,0.185331
0,0,0.185355
0,0,0.185585
0,0,0.186591
0,0,0.186915
0,0,0.187075
0,0,0.187141
0,0,0.187244
0,0,0.187407
0,0,0.187521
0,0,0.188092
0,0,0.188288
0,0,0.188337
0,0,0.188689
0,0,0.188699
0,0,0.188707
0,0,0.188881
0,0,0.189081
0,0,0.189196
0,0,0.189198
0,0,0.189244
0,0,0.189653
0,0,0.190108
0,0,0.190203
0,0,0.190775
0,0,0.190861
0,0,0.190868
0,0,0.190945
0,0,0.190959
0,0,0.191028
0,0,0.191239
0,0,0.191362
0,0,0.191386
0,0,0.19144
0,0,0.191684
0,0,0.191876
0,0,0.19195
0,0,0.192775
0,0,0.192936
0,0,0.193075
0,0,0.193797
0,0,0.194123
0,0,0.194263
0,0,0.194298
0,0,0.194432
0,0,0.194732
0,0,0.194873
0,0,0.194958
0,0,0.195507
0,0,0.195511
0,0,0.195599
0,0,0.195655
0,0,0.195689
0,0,0.196167
0,0,0.197042
0,0,0.197237
0,0,0.197435
0,0,0.197911
0,0,0.198327
0,0,0.198587
0,0,0.198671
0,0,0.198708
0,0,0.198764
0,0,0.19891
0,0,0.199082
0,0,0.1992
0,0,0.199205
0,0,0.199342
0,0,0.199401
0,0,0.199461
0,0,0.199895
0,0,0.199986
0,0,0.200014
0,0,0.200519
0,0,0.200705
0,0,0.200971
0,0,0.20116
0,0,0.201349
0,0,0.201469
0,0,0.201718
0,0,0.202156
0,0,0.202157
0,0,0.202332
0,0,0.202579
0,0,0.202812
0,0,0.202967
0,0,0.203077
0,0,0.203231
0,0,0.203576
0,0,0.203587
0,0,0.203648
0,0,0.20383
0,0,0.203923
0,0,0.204379
0,0,0.204822
0,0,0.204958
0,0,0.20498
0,0,0.205003
0,0,0.20507
0,0,0.205323
0,0,0.205461
0,0,0.205524
0,0,0.205677
0,0,0.206474
0,0,0.206525
0,0,0.206562
0,0,0.206689
0,0,0.206946
0,0,0.207015
0,0,0.20713
0,0,0.207192
0,0,0.207559
0,0,0.207815
0,0,0.208498
0,0,0.208767
0,0,0.208824
0,0,0.208893
0,0,0.209009
0,0,0.209235
0,0,0.210553
0,0,0.211
0,0,0.211398
0,0,0.211434
0,0,0.211508
0,0,0.211531
0,0,0.212494
0,0,0.212859
0,0,0.212977
0,0,0.213171
0,0,0.213456
0,0,0.21438
0,0,0.214427
0,0,0.214457
0,0,0.21478
0,0,0.214822
0,0,0.214967
0,0,0.215061
0,0,0.215546
0,0,0.21583
0,0,0.215872
0,0,0.215933
0,0,0.216117
0,0,0.216173
0,0,0.21625
0,0,0.216733
0,0,0.217072
0,0,0.218053
0,0,0.218372
0,0,0.218662
0,0,0.218916
0,0,0.219255
0,0,0.219309
0,0,0.219379
0,0,0.21938
0,0,0.219551
0,0,0.220122
0,0,0.220171
0,0,0.221556
0,0,0.222234
0,0,0.222313
0,0,0.222458
0,0,0.222622
0,0,0.222652
0,0,0.223085
0,0,0.22323
0,0,0.22345
0,0,0.223482
0,0,0.223761
0,0,0.223771
0,0,0.224284
0,0,0.224316
0,0,0.224339
0,0,0.224823
0,0,0.225581
0,0,0.225655
0,0,0.225983
0,0,0.226609
0,0,0.227364
0,0,0.227393
0,0,0.227465
0,0,0.227517
0,0,0.228228
0,0,0.229055
0,0,0.229185
0,0,0.229298
0,0,0.229534
0,0,0.229625
0,0,0.230013
0,0,0.230061
0,0,0.230343
0,0,0.230553
0,0,0.230861
0,0,0.230885
0,0,0.231728
0,0,0.231748
0,0,0.231857
0,0,0.231859
0,0,0.232366
0,0,0.232592
0,0,0.233182
0,0,0.233279
0,0,0.233295
0,0,0.233363
0,0,0.233369
0,0,0.233424
0,0,0.233546
0,0,0.2337
0,0,0.23441
0,0,0.234757
0,0,0.234792
0,0,0.234818
0,0,0.23601
0,0,0.236756
0,0,0.236926
0,0,0.23703
0,0,0.237983
0,0,0.238083
0,0,0.238151
0,0,0.238336
0,0,0.238485
0,0,0.238617
0,0,0.2388
0,0,0.238864
0,0,0.23899
0,0,0.239431
0,0,0.239574
0,0,0.239906
0,0,0.239933
0,0,0.240088
0,0,0.240117
0,0,0.240445
0,0,0.241227
0,0,0.241271
0,0,0.241314
0,0,0.241627
0,0,0.241753
0,0,0.241901
0,0,0.241927
0,0,0.241933
0,0,0.242388
0,0,0.243193
0,0,0.243537
0,0,0.243651
0,0,0.243691
0,0,0.2441
0,0,0.244242
0,0,0.245133
0,0,0.245207
0,0,0.245501
0,0,0.24555
0,0,0.246015
0,0,0.246509
0,0,0.246974
0,0,0.247733
0,0,0.24839
0,0,0.248455
0,0,0.248605
0,0,0.248692
0,0,0.248982
0,0,0.249214
0,0,0.24923
0,0,0.249488
0,0,0.249677
0,0,0.249702
0,0,0.249839
0,0,0.249885
0,0,0.250253
0,0,0.250282
0,0,0.250452
0,0,0.250486
0,0,0.250929
0,0,0.251336
0,0,0.251412
0,0,0.251444
0,0,0.251459
0,0,0.251574
0,0,0.251737
0,0,0.252491
0,0,0.253223
0,0,0.253672
0,0,0.253736
0,0,0.253857
0,0,0.254274
0,0,0.256305
0,0,0.256683
0,0,0.257112
0,0,0.257821
0,0,0.25796
0,0,0.258034
0,0,0.258255
0,0,0.258578
0,0,0.258933
0,0,0.259142
0,0,0.259275
0,0,0.259641
0,0,0.259761
0,0,0.259826
0,0,0.260896
0,0,0.260899
0,0,0.261102
0,0,0.261712
0,0,0.261733
0,0,0.261831
0,0,0.262235
0,0,0.262354
0,0,0.26259
0,0,0.262718
0,0,0.262873
0,0,0.265011
0,0,0.266497
0,0,0.267409
0,0,0.26749
0,0,0.269019
0,0,0.26911
0,0,0.269209
0,0,0.269329
0,0,0.2694
0,0,0.269476
0,0,0.269654
0,0,0.270417
0,0,0.270761
0,0,0.27094
0,0,0.271028
0,0,0.271153
0,0,0.271799
0,0,0.272377
0,0,0.272609
0,0,0.273051
0,0,0.273181
0,0,0.273195
0,0,0.273591
0,0,0.274238
0,0,0.274736
0,0,0.275626
0,0,0.275726
0,0,0.276123
0,0,0.276264
0,0,0.277763
0,0,0.278127
0,0,0.280614
0,0,0.280776
0,0,0.281102
0,0,0.2816
0,0,0.281716
0,0,0.281873
0,0,0.282947
0,0,0.283393
0,0,0.283849
0,0,0.284092
0,0,0.284562
0,0,0.285308
0,0,0.285439
0,0,0.28547
0,0,0.285879
0,0,0.285927
0,0,0.286429
0,0,0.287307
0,0,0.287657
0,0,0.287791
0,0,0.28786
0,0,0.288037
0,0,0.288465
0,0,0.289638
0,0,0.289789
0,0,0.290427
0,0,0.291752
0,0,0.291843
0,0,0.292352
0,0,0.292458
0,0,0.293151
0,0,0.294571
0,0,0.29467
0,0,0.295112
0,0,0.295206
0,0,0.295523
0,0,0.297739
0,0,0.297765
0,0,0.298298
0,0,0.298347
0,0,0.300069
0,0,0.300469
0,0,0.300653
0,0,0.301149
0,0,0.301218
0,0,0.301415
0,0,0.301857
0,0,0.302428
0,0,0.302819
0,0,0.302973
0,0,0.303281
0,0,0.303597
0,0,0.303847
0,0,0.304175
0,0,0.304598
0,0,0.305265
0,0,0.305453
0,0,0.305478
0,0,0.306272
0,0,0.306712
0,0,0.306888
0,0,0.307005
0,0,0.307917
0,0,0.308028
0,0,0.308227
0,0,0.30841
0,0,0.308484
0,0,0.308762
0,0,0.309174
0,0,0.309691
0,0,0.30974
0,0,0.310464
0,0,0.31147
0,0,0.311475
0,0,0.311557
0,0,0.311922
0,0,0.312038
0,0,0.312101
0,0,0.312166
0,0,0.313305
0,0,0.313369
0,0,0.313592
0,0,0.313867
0,0,0.313868
0,0,0.314372
0,0,0.314382
0,0,0.314505
0,0,0.314597
0,0,0.314647
0,0,0.315462
0,0,0.315673
0,0,0.315721
0,0,0.317393
0,0,0.3176
0,0,0.31826
0,0,0.318917
0,0,0.319204
0,0,0.319887
0,0,0.320975
0,0,0.321395
0,0,0.321451
0,0,0.322498
0,0,0.323805
0,0,0.323875
0,0,0.324066
0,0,0.324206
0,0,0.324472
0,0,0.324779
0,0,0.325264
0,0,0.325389
0,0,0.326192
0,0,0.326471
0,0,0.326619
0,0,0.328656
0,0,0.329914
0,0,0.330425
0,0,0.331066
0,0,0.332288
0,0,0.332579
0,0,0.333107
0,0,0.33322
0,0,0.33345
0,0,0.333613
0,0,0.333812
0,0,0.33411
0,0,0.334739
0,0,0.334739
0,0,0.334911
0,0,0.335309
0,0,0.336206
0,0,0.337304
0,0,0.337439
0,0,0.337815
0,0,0.338363
0,0,0.339161
0,0,0.339288
0,0,0.339412
0,0,0.33998
0,0,0.340217
0,0,0.340862
0,0,0.341157
0,0,0.343328
0,0,0.345044
0,0,0.345437
0,0,0.345991
0,0,0.346358
0,0,0.34949
0,0,0.350006
0,0,0.351916
0,0,0.352574
0,0,0.352843
0,0,0.35303
0,0,0.353493
0,0,0.354124
0,0,0.3543
0,0,0.354595
0,0,0.35487
0,0,0.357995
0,0,0.358174
0,0,0.358648
0,0,0.359076
0,0,0.359637
0,0,0.360941
0,0,0.361774
0,0,0.362128
0,0,0.363199
0,0,0.363698
0,0,0.363824
0,0,0.363858
0,0,0.364758
0,0,0.364865
0,0,0.367033
0,0,0.367319
0,0,0.367762
0,0,0.369823
0,0,0.369982
0,0,0.371955
0,0,0.372685
0,0,0.373427
0,0,0.373653
0,0,0.375192
0,0,0.375468
0,0,0.376381
0,0,0.37745
0,0,0.377845
0,0,0.379109
0,0,0.379612
0,0,0.380075
0,0,0.380131
0,0,0.381011
0,0,0.382958
0,0,0.383642
0,0,0.38374
0,0,0.383924
0,0,0.384128
0,0,0.38661
0,0,0.38758
0,0,0.387948
0,0,0.390276
0,0,0.392729
0,0,0.393831
0,0,0.395221
0,0,0.395484
0,0,0.396504
0,0,0.396614
0,0,0.396696
0,0,0.399642
0,0,0.401645
0,0,0.402651
0,0,0.404483
0,0,0.404654
0,0,0.404685
0,0,0.405253
0,0,0.405943
0,0,0.406609
0,0,0.4076
0,0,0.407773
0,0,0.409226
0,0,0.411419
0,0,0.414536
0,0,0.418666
0,0,0.419091
0,0,0.421407
0,0,0.422044
0,0,0.423637
0,0,0.424142
0,0,0.424925
0,0,0.425039
0,0,0.425329
0,0,0.426746
0,0,0.428192
0,0,0.429051
0,0,0.431125
0,0,0.431409
0,0,0.434732
0,0,0.436511
0,0,0.438294
0,0,0.438458
0,0,0.442401
0,0,0.442725
0,0,0.445589
0,0,0.447372
0,0,0.450294
0,0,0.451453
0,0,0.453122
0,0,0.453194
0,0,0.455452
0,0,0.457798
0,0,0.461982
0,0,0.464005
0,0,0.466221
0,0,0.466378
0,0,0.46966
0,0,0.469812
0,0,0.471227
0,0,0.471239
0,0,0.482069
0,0,0.482457
0,0,0.483436
0,0,0.483862
0,0,0.48612
0,0,0.487653
0,0,0.489634
0,0,0.493198
0,0,0.493238
0,0,0.494107
0,0,0.494632
0,0,0.495815
0,0,0.500281
0,0,0.501434
0,0,0.517477
0,0,0.52985
0,0,0.533485
0,0,0.541309
0,0,0.549661
0,0,0.550848
0,0,0.551492
0,0,0.553829
0,0,0.55708
0,0,0.559003
0,0,0.571001
0,0,0.576479
0,0,0.585806
0,0,0.586279
0,0,0.592362
0,0,0.605864
0,0,0.647123
0,0,0.704297
0,0,0.947116
0,0,3
1,1.26803,1.29452
1,1.22015,1.30789
1,1.11556,1.13781
1,1.08734,1.41133
1,1.06021,1.13601
1,1.03226,1.05574
1,1.02332,1.14614
1,1.02305,1.12809
1,1.00256,1.10279
1,1.00068,1.00436
1,0.988304,1.40721
1,0.876399,0.899458
1,0.859994,0.901224
1,0.839371,1.16301
1,0.835663,1.00531
1,0.820421,0.962048
1,0.805684,0.849834
1,0.765516,0.795736
1,0.759585,1.14875
1,0.751847,0.769945
1,0.747395,0.850598
1,0.74303,0.864104
1,0.734489,0.831877
1,0.727755,0.918423
1,0.719974,0.914869
1,0.718352,0.745813
1,0.712673,0.773704
1,0.704551,0.849389
1,0.6993,0.727506
1,0.698191,0.709896
1,0.697451,0.714686
1,0.689295,0.801217
1,0.688415,0.695675
1,0.684158,0.819456
1,0.684089,0.692625
1,0.650394,0.827273
1,0.650227,0.766518
1,0.632412,0.690769
1,0.630984,0.78628
1,0.628688,0.74009
1,0.628575,0.66329
1,0.626864,0.671946
1,0.625937,0.668966
1,0.625056,0.941966
1,0.621463,0.654635
1,0.618091,1.04817
1,0.617449,0.667957
1,0.615143,0.61977
1,0.611409,0.66505
1,0.610282,0.657335
1,0.607361,0.614991
1,0.60442,0.776124
1,0.602029,0.678725
1,0.598583,0.642532
1,0.597758,0.637708
1,0.596114,0.618515
1,0.590981,0.772537
1,0.58766,0.589921
1,0.586249,0.6547
1,0.583791,0.588249
1,0.579794,0.589972
1,0.577889,0.589865
1,0.57653,0.601556
1,0.576346,0.59356
1,0.575992,0.654147
1,0.573929,0.798646
1,0.571734,0.750196
1,0.570768,0.683154
1,0.57017,0.579775
1,0.568127,0.6234
1,0.560573,0.60631
1,0.558188,0.776381
1,0.557889,0.66203
1,0.557652,0.564902
1,0.557528,0.734334
1,0.554356,0.582066
1,0.554018,0.594871
1,0.553342,0.61047
1,0.551335,0.553802
1,0.551323,0.631666
1,0.547187,0.879043
1,0.545216,0.553668
1,0.544009,0.545493
1,0.543978,0.828145
1,0.54395,0.683679
1,0.543737,0.558448
1,0.541319,0.756458
1,0.541031,0.548496
1,0.536862,0.645849
1,0.536609,0.566925
1,0.533852,0.566126
1,0.533508,0.785598
1,0.530895,0.535252
1,0.530002,0.794014
1,0.522654,0.631148
1,0.518878,0.660955
1,0.518087,0.979059
1,0.515549,0.671996
1,0.514897,0.544227
1,0.512671,0.517163
1,0.510499,0.631716
1,0.509853,0.529953
1,0.504883,0.642877
1,0.501515,0.772452
1,0.499176,0.568553
1,0.499115,0.587395
1,0.498463,0.53899
1,0.49723,0.696365
1,0.49687,0.639257
1,0.495281,0.524517
1,0.494876,0.508305
1,0.494826,0.743577
1,0.494569,0.638283
1,0.491697,0.552531
1,0.49043,0.50889
1,0.490405,0.54079
1,0.490046,0.515186
1,0.48826,0.950255
1,0.486863,0.50722
1,0.486821,0.553571
1,0.4845,0.534801
1,0.483543,0.796409
1,0.48193,0.755649
1,0.480948,0.580239
1,0.480698,0.860491
1,0.480523,0.492257
1,0.478708,0.497617
1,0.477562,0.889853
1,0.477379,0.513002
1,0.477083,0.504258
1,0.475306,0.527626
1,0.474608,0.632404
1,0.474475,0.545857
1,0.474304,0.862642
1,0.473401,0.525934
1,0.472153,0.554968
1,0.470085,0.646875
1,0.470058,0.474033
1,0.46687,0.471927
1,0.465488,0.569421
1,0.463589,0.554723
1,0.461753,0.462321
1,0.458913,0.500459
1,0.456119,0.478491
1,0.454741,0.498324
1,0.454707,0.518743
1,0.454626,0.615664
1,0.453993,0.555132
1,0.453894,0.477668
1,0.452939,0.462747
1,0.451099,0.456248
1,0.450539,0.454642
1,0.449315,0.486958
1,0.448777,0.45783
1,0.448756,0.807975
1,0.448662,0.504669
1,0.447576,0.552529
1,0.447253,0.650999
1,0.446304,0.623676
1,0.445405,0.559513
1,0.444859,0.496278
1,0.442919,0.451904
1,0.442552,0.449398
1,0.440923,0.442672
1,0.44071,0.456375
1,0.438817,0.456028
1,0.438381,0.467335
1,0.437136,0.439667
1,0.436386,0.519729
1,0.433274,0.456679
1,0.429787,0.483143
1,0.429721,0.476414
1,0.426919,0.636092
1,0.426321,0.432624
1,0.42327,0.427988
1,0.422598,0.439576
1,0.422088,0.431278
1,0.421833,0.478545
1,0.421187,0.47234
1,0.420631,0.424841
1,0.419469,0.444501
1,0.417955,0.471914
1,0.417659,0.505728
1,0.417603,0.501918
1,0.414854,0.469769
1,0.413931,0.946429
1,0.413608,0.438206
1,0.412719,0.606828
1,0.411854,0.751425
1,0.411796,0.413802
1,0.410246,0.450823
1,0.408085,0.483296
1,0.408008,0.575263
1,0.406729,0.442412
1,0.406699,0.423326
1,0.406591,0.428747
1,0.403477,0.553996
1,0.401641,0.669061
1,0.39932,0.459509
1,0.398827,0.400136
1,0.39681,0.450892
1,0.396651,0.412308
1,0.396137,0.396403
1,0.396084,0.43616
1,0.394811,0.399181
1,0.390981,0.574375
1,0.390412,0.42547
1,0.390185,0.448382
1,0.389993,0.51935
1,0.387372,0.46336
1,0.385641,0.405967
1,0.385235,0.537394
1,0.383685,0.405039
1,0.383005,0.385557
1,0.382022,0.417188
1,0.378854,0.37887
1,0.377183,0.384344
1,0.377008,0.453322
1,0.376452,0.394619
1,0.373632,0.437085
1,0.373155,0.384482
1,0.371839,0.406914
1,0.371412,0.428334
1,0.371393,0.507312
1,0.367868,0.37774
1,0.367576,0.39084
1,0.366915,0.407191
1,0.366395,0.384903
1,0.364331,0.386935
1,0.363459,0.378644
1,0.363327,0.41141
1,0.361212,0.405573
1,0.36121,0.432402
1,0.360782,0.42345
1,0.36012,0.369556
1,0.359106,0.44061
1,0.358651,0.369541
1,0.352199,0.397567
1,0.35154,0.353682
1,0.350996,0.356259
1,0.350255,0.351865
1,0.349261,0.648097
1,0.347336,0.425572
1,0.346155,0.47255
1,0.344623,0.424854
1,0.343385,0.610785
1,0.343063,0.4075
1,0.342931,0.399611
1,0.339168,0.340224
1,0.337836,0.359412
1,0.337165,0.355173
1,0.336395,0.36141
1,0.335514,0.346503
1,0.332463,0.379807
1,0.332235,0.368509
1,0.330848,0.340252
1,0.328952,0.336497
1,0.328527,0.355097
1,0.32844,0.337989
1,0.327652,0.340272
1,0.326258,0.329978
1,0.323173,0.400424
1,0.322847,0.333453
1,0.320722,0.332451
1,0.319414,0.33452
1,0.319402,0.396131
1,0.318932,0.462008
1,0.318793,0.476825
1,0.31705,0.463122
1,0.314632,0.326815
1,0.314519,0.332549
1,0.313785,0.348028
1,0.313156,0.50615
1,0.312878,0.378177
1,0.31265,0.341291
1,0.312474,0.336762
1,0.311839,0.340665
1,0.311629,0.335504
1,0.309626,0.446903
1,0.308776,0.316902
1,0.308683,0.368041
1,0.307456,0.337863
1,0.307142,0.371866
1,0.306194,0.36517
1,0.305178,0.367976
1,0.304903,0.316936
1,0.304603,0.435314
1,0.303986,0.312352
1,0.303933,0.341573
1,0.303364,0.330317
1,0.300769,0.389675
1,0.300068,0.303252
1,0.299462,0.341805
1,0.297179,0.345998
1,0.296263,0.461307
1,0.296261,0.366852
1,0.29622,0.311141
1,0.296111,0.305994
1,0.294292,0.331833
1,0.292833,0.330426
1,0.292521,0.368801
1,0.292486,0.354399
1,0.292294,0.310555
1,0.289231,0.372721
1,0.288675,0.370783
1,0.287896,0.288201
1,0.287469,0.392145
1,0.28733,0.305652
1,0.287304,0.352448
1,0.287095,0.360979
1,0.286779,0.339698
1,0.286149,0.402794
1,0.284983,0.300223
1,0.284828,0.340272
1,0.284618,0.333558
1,0.283251,0.296748
1,0.283175,0.300581
1,0.282029,0.338124
1,0.281679,0.292058
1,0.281312,0.353517
1,0.279765,0.317241
1,0.279702,0.416351
1,0.27771,0.299709
1,0.277338,0.323491
1,0.277188,0.29834
1,0.276926,0.288274
1,0.276617,0.344279
1,0.276464,0.324229
1,0.275439,0.279107
1,0.27512,0.282879
1,0.273233,0.335358
1,0.272818,0.337122
1,0.27154,0.316164
1,0.271238,0.311487
1,0.271197,0.35813
1,0.27111,0.373094
1,0.269535,0.276305
1,0.268773,0.278836
1,0.268041,0.291792
1,0.267902,0.302441
1,0.267399,0.291958
1,0.266254,0.309381
1,0.264319,0.283055
1,0.263496,0.264144
1,0.262546,0.279836
1,0.261759,0.354293
1,0.26022,0.280781
1,0.258054,0.262527
1,0.255734,0.264952
1,0.2557,0.335288
1,0.254797,0.32226
1,0.254622,0.394858
1,0.254103,0.268229
1,0.253198,0.281487
1,0.251677,0.255684
1,0.250964,0.318895
1,0.250614,0.273166
1,0.250309,0.317168
1,0.247842,0.323183
1,0.246513,0.269373
1,0.24648,0.264927
1,0.245778,0.344326
1,0.245775,0.265336
1,0.24528,0.255449
1,0.244334,0.266308
1,0.244279,0.254603
1,0.244188,0.257736
1,0.243637,0.265119
1,0.243408,0.273782
1,0.243335,0.456684
1,0.242643,0.336376
1,0.241849,0.293462
1,0.241087,0.286553
1,0.240638,0.324842
1,0.240396,0.38796
1,0.240152,0.243759
1,0.239606,0.244219
1,0.235714,0.265502
1,0.235688,0.239984
1,0.235066,0.249363
1,0.233653,0.241546
1,0.232441,0.287757
1,0.232031,0.282788
1,0.231454,0.254605
1,0.229688,0.249101
1,0.227514,0.240283
1,0.227439,0.250286
1,0.226618,0.231489
1,0.226542,0.244628
1,0.224859,0.244225
1,0.222892,0.304944
1,0.222285,0.292746
1,0.221098,0.303933
1,0.220533,0.2387
1,0.218881,0.249065
1,0.217468,0.323415
1,0.216559,0.243782
1,0.216537,0.243394
1,0.216254,0.233154
1,0.21469,0.262101
1,0.214245,0.226033
1,0.211432,0.32782
1,0.210878,0.216432
1,0.210606,0.235903
1,0.210558,0.213172
1,0.209469,0.243417
1,0.209292,0.248867
1,0.208529,0.230434
1,0.208017,0.232051
1,0.20475,0.225568
1,0.204606,0.264591
1,0.201648,0.204871
1,0.201381,0.314875
1,0.201375,0.250996
1,0.2003,0.209017
1,0.200115,0.205392
1,0.199971,0.209104
1,0.199911,0.230049
1,0.199465,0.211386
1,0.199411,0.260487
1,0.199379,0.263683
1,0.197813,0.212342
1,0.197451,0.198809
1,0.19744,0.224331
1,0.195011,0.269862
1,0.194978,0.201933
1,0.194598,0.216107
1,0.19421,0.207213
1,0.193232,0.231207
1,0.193069,0.256672
1,0.191929,0.220654
1,0.19089,0.19214
1,0.190144,0.267496
1,0.189718,0.197747
1,0.188898,0.203553
1,0.188779,0.197912
1,0.188541,0.198736
1,0.185,0.195537
1,0.180776,0.229358
1,0.179891,0.253883
1,0.179125,0.195537
1,0.177861,0.224838
1,0.17534,0.224738
1,0.174949,0.194287
1,0.17486,0.187106
1,0.174858,0.195305
1,0.173377,0.210164
1,0.172023,0.201781
1,0.171108,0.176085
1,0.170468,0.179708
1,0.169223,0.181123
1,0.167338,0.186735
1,0.167233,0.171529
1,0.166773,0.248682
1,0.166591,0.169398
1,0.166483,0.178952
1,0.166127,0.171118
1,0.165077,0.166797
1,0.164607,0.274511
1,0.1643,0.177623
1,0.164168,0.212665
1,0.163918,0.172158
1,0.163862,0.204335
1,0.163775,0.170034
1,0.163286,0.182247
1,0.162034,0.21726
1,0.160432,0.193889
1,0.160346,0.168707
1,0.159459,0.165379
1,0.158299,0.204476
1,0.158091,0.160044
1,0.157975,0.173463
1,0.157903,0.158198
1,0.157227,0.203797
1,0.157134,0.170036
1,0.156653,0.163428
1,0.156232,0.178059
1,0.155866,0.160702
1,0.155697,0.169635
1,0.155382,0.17727
1,0.155353,0.156303
1,0.154506,0.177661
1,0.153776,0.209892
1,0.15337,0.163586
1,0.152941,0.16959
1,0.152894,0.182383
1,0.15227,0.168184
1,0.151078,0.159114
1,0.150523,0.205375
1,0.150421,0.151059
1,0.150239,0.185591
1,0.15016,0.1559
1,0.149712,0.169121
1,0.147899,0.179286
1,0.147755,0.161645
1,0.146181,0.152273
1,0.144223,0.20768
1,0.144133,0.144956
1,0.143905,0.231311
1,0.143283,0.180951
1,0.143081,0.154567
1,0.142983,0.149656
1,0.142957,0.143584
1,0.142798,0.162531
1,0.142755,0.152772
1,0.142641,0.193021
1,0.142437,0.151523
1,0.142182,0.174066
1,0.141411,0.151717
1,0.141185,0.150863
1,0.139897,0.167482
1,0.13958,0.160903
1,0.138677,0.143476
1,0.138474,0.180212
1,0.138191,0.171482
1,0.137226,0.184615
1,0.135351,0.138503
1,0.134512,0.153207
1,0.133847,0.141116
1,0.13274,0.14586
1,0.132689,0.136983
1,0.132361,0.158564
1,0.132356,0.146644
1,0.132104,0.15048
1,0.131618,0.157718
1,0.130634,0.133019
1,0.130008,0.143785
1,0.127993,0.166866
1,0.127794,0.1302
1,0.127406,0.18686
1,0.126433,0.13884
1,0.126325,0.134501
1,0.126246,0.131879
1,0.125368,0.147963
1,0.1245,0.16492
1,0.12376,0.135853
1,0.123569,0.164799
1,0.123467,0.133019
1,0.123379,0.137231
1,0.123236,0.12743
1,0.122811,0.141644
1,0.122763,0.131249
1,0.122516,0.132837
1,0.12212,0.131451
1,0.122015,0.137287
1,0.121354,0.12251
1,0.12104,0.122642
1,0.119805,0.14122
1,0.119403,0.132073
1,0.119391,0.124856
1,0.119083,0.139487
1,0.119067,0.142915
1,0.118673,0.121638
1,0.117141,0.127973
1,0.116873,0.124325
1,0.116416,0.148477
1,0.116118,0.119597
1,0.115961,0.135505
1,0.115257,0.151329
1,0.114284,0.141522
1,0.11402,0.117774
1,0.113915,0.13485
1,0.113787,0.122308
1,0.11355,0.125686
1,0.113524,0.123242
1,0.113111,0.114441
1,0.112199,0.137415
1,0.11167,0.113511
1,0.111531,0.15398
1,0.111403,0.113385
1,0.111151,0.112513
1,0.110591,0.111118
1,0.110518,0.117817
1,0.110084,0.120771
1,0.109793,0.112684
1,0.10966,0.11629
1,0.109612,0.138883
1,0.109554,0.110918
1,0.109268,0.1121
1,0.108889,0.134743
1,0.108864,0.125747
1,0.108224,0.120949
1,0.108049,0.121333
1,0.107843,0.135033
1,0.107772,0.114349
1,0.107158,0.120882
1,0.107106,0.107976
1,0.106596,0.131915
1,0.104932,0.113005
1,0.104719,0.114874
1,0.103822,0.135118
1,0.103683,0.105249
1,0.103503,0.116633
1,0.103451,0.111248
1,0.103312,0.123645
1,0.103113,0.124792
1,0.102876,0.127388
1,0.102411,0.115228
1,0.102271,0.104119
1,0.101969,0.118567
1,0.101685,0.127105
1,0.101265,0.105968
1,0.100589,0.10284
1,0.100344,0.116434
1,0.100011,0.106588
1,0.0997382,0.108701
1,0.099716,0.116094
1,0.0993366,0.121594
1,0.0990063,0.127997
1,0.0990035,0.123428
1,0.098115,0.103443
1,0.0974508,0.11505
1,0.0971513,0.118619
1,0.0968535,0.0981917
1,0.0967072,0.11104
1,0.0965872,0.0968238
1,0.0965091,0.111001
1,0.0961461,0.10055
1,0.0961056,0.126977
1,0.0953028,0.099055
1,0.0952681,0.11042
1,0.0949455,0.105383
1,0.0948711,0.0962994
1,0.0942803,0.120868
1,0.0942134,0.115605
1,0.0932882,0.106425
1,0.0928937,0.102063
1,0.0919644,0.113568
1,0.0917789,0.103102
1,0.0912771,0.106074
1,0.0910782,0.0917618
1,0.0902183,0.102327
1,0.0899226,0.0921859
1,0.0897436,0.104681
1,0.0897413,0.102944
1,0.0894607,0.0940445
1,0.0892506,0.0906611
1,0.0891238,0.106529
1,0.088628,0.0966664
1,0.0882524,0.0917618
1,0.0881604,0.107798
1,0.0879043,0.119818
1,0.0876614,0.10294
1,0.0871658,0.0971587
1,0.0871405,0.105387
1,0.086713,0.106239
1,0.0866174,0.0879616
1,0.0864183,0.104812
1,0.0863031,0.092547
1,0.0862857,0.0894164
1,0.0861238,0.091465
1,0.0860239,0.10284
1,0.0857306,0.0919807
1,0.0851553,0.0876864
1,0.0847897,0.084857
1,0.0845906,0.11996
1,0.0845694,0.0859105
1,0.0838485,0.0985271
1,0.0836586,0.0930893
1,0.0835706,0.0902371
1,0.0835267,0.0872877
1,0.0812217,0.113255
1,0.0811525,0.0964787
1,0.0807569,0.117836
1,0.0803774,0.101469
1,0.0799168,0.099936
1,0.0793613,0.0815041
1,0.0791951,0.125033
1,0.0791267,0.0950599
1,0.0773215,0.0857702
1,0.0770886,0.0822011
1,0.0767745,0.100553
1,0.0766959,0.0839721
1,0.0756534,0.0970512
1,0.0753919,0.0837817
1,0.0746029,0.0809035
1,0.0738177,0.104316
1,0.0737336,0.0796065
1,0.0734537,0.0757376
1,0.0727144,0.081972
1,0.0726409,0.0828741
1,0.072383,0.0760612
1,0.0718465,0.0832939
1,0.0715758,0.0783453
1,0.0715554,0.0938694
1,0.0710861,0.0921812
1,0.0709137,0.0785686
1,0.0706652,0.0765979
1,0.0702537,0.0785642
1,0.0697846,0.081295
1,0.0694957,0.106771
1,0.0693301,0.0738829
1,0.0692867,0.0708903
1,0.0690493,0.0711883
1,0.0690369,0.0745936
1,0.0666424,0.0672509
1,0.0663956,0.0819015
1,0.0663617,0.0879936
1,0.0655706,0.0806631
1,0.0644682,0.0675719
1,0.063266,0.0684657
1,0.063158,0.071386
1,0.0627581,0.0778245
1,0.0616113,0.0747273
1,0.060419,0.0607744
1,0.0591528,0.0739022
1,0.0585938,0.073442
1,0.05655,0.0595558
1,0.0546029,0.0776068
1,0.0528795,0.0565246
1,0.0523434,0.0587804
1,0.051973,0.0600128
1,0.0515163,0.0601128
1,0.0510794,0.0515621
1,0.0506289,0.0506648
1,0.0457084,0.0483174
1,0.0439568,0.0496162
2,1.45893,1.49935
2,1.40721,1.41736
2,1.40621,1.46809
2,1.38561,1.47031
2,1.34579,1.35838
2,1.28821,1.31654
2,1.19341,1.22921
2,1.12616,1.15244
2,0.992905,1.16038
2,0.980531,1.02084
2,0.950718,0.951638
2,0.925527,0.985888
2,0.920512,0.937596
2,0.911305,0.959268
2,0.901103,0.906936
2,0.89266,0.909078
2,0.891999,0.966352
2,0.860033,0.886596
2,0.859539,0.976874
2,0.859048,0.885524
2,0.821739,0.845714
2,0.799793,0.892374
2,0.73847,0.791745
2,0.704441,0.72452
2,0.696744,0.758273
2,0.68793,0.704419
2,0.676256,0.70419
2,0.671996,0.73747
2,0.640146,0.677433
2,0.622146,0.634529
2,0.587553,0.607158
2,0.58636,0.614501
2,0.58388,0.595835
2,0.578973,0.607083
2,0.578818,0.609544
2,0.551381,0.584306
2,0.523462,0.524405
2,0.520932,0.526428
2,0.50889,0.565732
2,0.474708,0.475587
2,0.462257,0.463746
2,0.459732,0.467841
2,0.451077,0.457874
2,0.443523,0.468681
2,0.438762,0.441332
2,0.43667,0.503317
2,0.428739,0.471045
2,0.427433,0.461018
2,0.426614,0.430553
2,0.417052,0.460525
2,0.408816,0.442843
2,0.408118,0.418321
2,0.407564,0.409454
2,0.400686,0.407491
2,0.397229,0.42469
2,0.370621,0.379178
2,0.361286,0.369099
2,0.355364,0.384713
2,0.343439,0.357572
2,0.339232,0.354092
2,0.3367,0.33694
2,0.322475,0.330378
2,0.306661,0.306776
2,0.303829,0.30556
2,0.296659,0.300043
2,0.265408,0.281817
2,0.256473,0.257781
2,0.2547,0.272378
2,0.250753,0.253334
2,0.241863,0.261624
2,0.237755,0.242645
2,0.234373,0.253675
2,0.222498,0.23844
2,0.219109,0.22295
2,0.217604,0.222186
2,0.196571,0.215841
2,0.195141,0.209646
2,0.188321,0.192091
2,0.188246,0.190429
2,0.187217,0.199064
2,0.182247,0.210425
2,0.181961,0.19615
2,0.179288,0.179808
2,0.176128,0.18137
2,0.174461,0.190955
2,0.171391,0.176858
2,0.169631,0.174569
2,0.168732,0.177478
2,0.167326,0.172154
2,0.16501,0.167255
2,0.161653,0.177445
2,0.153615,0.164207
2,0.152326,0.163654
2,0.149898,0.155178
2,0.147071,0.157737
2,0.143182,0.143947
2,0.139365,0.139411
2,0.137004,0.144572
2,0.13525,0.1353
2,0.128307,0.143685
2,0.127716,0.139066
2,0.125887,0.139879
2,0.121999,0.12948
2,0.119938,0.120013
2,0.119766,0.12594
2,0.119022,0.125712
2,0.117836,0.119333
2,0.106921,0.116494
2,0.101283,0.102846
2,0.101084,0.112432
2,0.0982413,0.106051
