point cloud with 1626 points in dimension 3
0,0,0.0092288
0,0,0.00956504
0,0,0.00977185
0,0,0.0110535
0,0,0.011366
0,0,0.0121529
0,0,0.0145033
0,0,0.016176
0,0,0.0165908
0,0,0.016996
0,0,0.0172773
0,0,0.0174119
0,0,0.018179
0,0,0.0187822
0,0,0.0191237
0,0,0.0197426
0,0,0.0197819
0,0,0.0199643
0,0,0.0204904
0,0,0.0207841
0,0,0.0213123
0,0,0.021469
0,0,0.0221046
0,0,0.0223101
0,0,0.0224973
0,0,0.0227239
0,0,0.0229573
0,0,0.0230699
0,0,0.0232186
0,0,0.0233867
0,0,0.0237045
0,0,0.0242221
0,0,0.0244528
0,0,0.0253959
0,0,0.0255399
0,0,0.0256392
0,0,0.0265051
0,0,0.0266296
0,0,0.0266946
0,0,0.0267512
0,0,0.0270402
0,0,0.0270819
0,0,0.0271642
0,0,0.028864
0,0,0.0292205
0,0,0.0295709
0,0,0.0295731
0,0,0.0297536
0,0,0.0297795
0,0,0.0306558
0,0,0.0308195
0,0,0.0308918
0,0,0.0314797
0,0,0.0318024
0,0,0.0318235
0,0,0.0323588
0,0,0.0323839
0,0,0.0325688
0,0,0.0327709
0,0,0.0330496
0,0,0.0338955
0,0,0.0343039
0,0,0.0349477
0,0,0.0352324
0,0,0.0353006
0,0,0.0355008
0,0,0.0356295
0,0,0.0357551
0,0,0.0357828
0,0,0.0359376
0,0,0.0359601
0,0,0.0361021
0,0,0.0362854
0,0,0.0364647
0,0,0.0368122
0,0,0.0368936
0,0,0.0372196
0,0,0.037276
0,0,0.0376815
0,0,0.0376913
0,0,0.037779
0,0,0.037816
0,0,0.0378349
0,0,0.0381363
0,0,0.0382557
0,0,0.0384368
0,0,0.038647
0,0,0.0388685
0,0,0.039017
0,0,0.0392107
0,0,0.039407
0,0,0.0396277
0,0,0.0396941
0,0,0.0396998
0,0,0.0403387
0,0,0.0404783
0,0,0.0405291
0,0,0.0407967
0,0,0.0409558
0,0,0.0410447
0,0,0.041047
0,0,0.0413178
0,0,0.0413842
0,0,0.0416242
0,0,0.0417417
0,0,0.0418517
0,0,0.0421337
0,0,0.0422283
0,0,0.0423581
0,0,0.0425693
0,0,0.0426761
0,0,0.0426983
0,0,0.0428189
0,0,0.0429376
0,0,0.0430318
0,0,0.0430348
0,0,0.0430785
0,0,0.0431959
0,0,0.0434574
0,0,0.0435409
0,0,0.0436291
0,0,0.0437072
0,0,0.0437469
0,0,0.0437906
0,0,0.0438079
0,0,0.0439397
0,0,0.0439426
0,0,0.0441226
0,0,0.0444551
0,0,0.0444928
0,0,0.0445511
0,0,0.0447233
0,0,0.0447258
0,0,0.0447551
0,0,0.0449058
0,0,0.0450511
0,0,0.0453994
0,0,0.0454883
0,0,0.0455852
0,0,0.0458667
0,0,0.0460844
0,0,0.0460865
0,0,0.0461792
0,0,0.0465416
0,0,0.046616
0,0,0.046689
0,0,0.0468219
0,0,0.0469207
0,0,0.0470258
0,0,0.0472534
0,0,0.0473267
0,0,0.0476311
0,0,0.0476496
0,0,0.0476501
0,0,0.0476767
0,0,0.0477305
0,0,0.0477449
0,0,0.0477582
0,0,0.0478302
0,0,0.0481542
0,0,0.0483512
0,0,0.0483821
0,0,0.0483989
0,0,0.0485205
0,0,0.048642
0,0,0.0488823
0,0,0.0490151
0,0,0.0491189
0,0,0.0491984
0,0,0.0493614
0,0,0.0494311
0,0,0.049498
0,0,0.049549
0,0,0.0495585
0,0,0.0495811
0,0,0.0497147
0,0,0.049983
0,0,0.0499959
0,0,0.0500358
0,0,0.050169
0,0,0.0502001
0,0,0.0502898
0,0,0.0503639
0,0,0.0504011
0,0,0.0504665
0,0,0.0505934
0,0,0.0506025
0,0,0.0506713
0,0,0.0508358
0,0,0.0508661
0,0,0.050869
0,0,0.0509388
0,0,0.0511066
0,0,0.0511567
0,0,0.0518139
0,0,0.0520219
0,0,0.0520284
0,0,0.0523061
0,0,0.0524034
0,0,0.0524127
0,0,0.0526958
0,0,0.0527345
0,0,0.0527508
0,0,0.0528265
0,0,0.0531503
0,0,0.0532327
0,0,0.0532403
0,0,0.053247
0,0,0.0533958
0,0,0.05343
0,0,0.0538769
0,0,0.053888
0,0,0.0539506
0,0,0.0539705
0,0,0.0542092
0,0,0.0542176
0,0,0.0542215
0,0,0.0542258
0,0,0.0543275
0,0,0.0545451
0,0,0.0545508
0,0,0.0546424
0,0,0.0548565
0,0,0.0551982
0,0,0.0551994
0,0,0.0552603
0,0,0.055368
0,0,0.0554881
0,0,0.0555209
0,0,0.055595
0,0,0.0556205
0,0,0.05566
0,0,0.0557033
0,0,0.0557051
0,0,0.0557755
0,0,0.0557769
0,0,0.0557847
0,0,0.0561127
0,0,0.0562824
0,0,0.0563243
0,0,0.0563977
0,0,0.0565384
0,0,0.0566284
0,0,0.0566369
0,0,0.0567239
0,0,0.0568232
0,0,0.0568366
0,0,0.0569067
0,0,0.0569497
0,0,0.0570764
0,0,0.0573057
0,0,0.0573091
0,0,0.0573358
0,0,0.0573912
0,0,0.0576977
0,0,0.0577242
0,0,0.0581549
0,0,0.0582795
0,0,0.0582848
0,0,0.0584537
0,0,0.0586215
0,0,0.0587245
0,0,0.0587338
0,0,0.0590204
0,0,0.0590431
0,0,0.0591111
0,0,0.0591351
0,0,0.0591654
0,0,0.0592088
0,0,0.0596833
0,0,0.0596842
0,0,0.0597062
0,0,0.0597293
0,0,0.0597342
0,0,0.0597665
0,0,0.0598915
0,0,0.0600082
0,0,0.0607356
0,0,0.0607921
0,0,0.0607964
0,0,0.0608168
0,0,0.0609915
0,0,0.0612288
0,0,0.0613232
0,0,0.0615791
0,0,0.0617047
0,0,0.0617082
0,0,0.061842
0,0,0.0618452
0,0,0.0621598
0,0,0.0621671
0,0,0.0621938
0,0,0.0622055
0,0,0.0622484
0,0,0.0623438
0,0,0.0625243
0,0,0.0627017
0,0,0.0629864
0,0,0.0630533
0,0,0.0630653
0,0,0.0630906
0,0,0.063121
0,0,0.0632874
0,0,0.0633234
0,0,0.0634143
0,0,0.0635319
0,0,0.063568
0,0,0.063654
0,0,0.0636541
0,0,0.0637096
0,0,0.0640506
0,0,0.0642273
0,0,0.0642359
0,0,0.064249
0,0,0.0643381
0,0,0.0644334
0,0,0.0645209
0,0,0.0645389
0,0,0.0646591
0,0,0.0647176
0,0,0.0647227
0,0,0.0648242
0,0,0.0648259
0,0,0.0648353
0,0,0.0648381
0,0,0.0649602
0,0,0.0649812
0,0,0.0649904
0,0,0.065058
0,0,0.0652034
0,0,0.0653246
0,0,0.0655916
0,0,0.0657499
0,0,0.0657804
0,0,0.0658711
0,0,0.0659324
0,0,0.065959
0,0,0.0660052
0,0,0.0660205
0,0,0.0661953
0,0,0.0662171
0,0,0.0662361
0,0,0.0667615
0,0,0.0668505
0,0,0.067022
0,0,0.0671933
0,0,0.0672338
0,0,0.0672901
0,0,0.0673858
0,0,0.0673879
0,0,0.0674923
0,0,0.0675041
0,0,0.0676242
0,0,0.0676488
0,0,0.0676968
0,0,0.0679243
0,0,0.0679511
0,0,0.0681425
0,0,0.0681878
0,0,0.0683989
0,0,0.0684968
0,0,0.0685455
0,0,0.0685603
0,0,0.0686438
0,0,0.0687378
0,0,0.0687886
0,0,0.0688373
0,0,0.0689401
0,0,0.0689847
0,0,0.0690298
0,0,0.0690645
0,0,0.0691423
0,0,0.0692109
0,0,0.0696625
0,0,0.069716
0,0,0.0701376
0,0,0.0701567
0,0,0.0701867
0,0,0.070297
0,0,0.0703607
0,0,0.0704657
0,0,0.0705445
0,0,0.0706652
0,0,0.070708
0,0,0.0709848
0,0,0.0711234
0,0,0.071213
0,0,0.0716513
0,0,0.0718303
0,0,0.0718651
0,0,0.0719303
0,0,0.072046
0,0,0.0720464
0,0,0.0722317
0,0,0.0722319
0,0,0.0722334
0,0,0.0722428
0,0,0.0722855
0,0,0.0723643
0,0,0.0723773
0,0,0.0725992
0,0,0.0726014
0,0,0.0727141
0,0,0.0727708
0,0,0.0730401
0,0,0.0731938
0,0,0.0732092
0,0,0.0732214
0,0,0.0732513
0,0,0.0732521
0,0,0.0732765
0,0,0.0733856
0,0,0.0733918
0,0,0.0736498
0,0,0.0740007
0,0,0.0741429
0,0,0.0741615
0,0,0.074183
0,0,0.0742677
0,0,0.0742837
0,0,0.0743633
0,0,0.0743711
0,0,0.0744345
0,0,0.074461
0,0,0.074636
0,0,0.0747149
0,0,0.0747287
0,0,0.0749241
0,0,0.0750557
0,0,0.0750714
0,0,0.0750938
0,0,0.0751248
0,0,0.0753433
0,0,0.0753926
0,0,0.0754404
0,0,0.0755165
0,0,0.0755478
0,0,0.0755541
0,0,0.0755866
0,0,0.0755908
0,0,0.0755991
0,0,0.0756058
0,0,0.0756304
0,0,0.075736
0,0,0.0758602
0,0,0.0759793
0,0,0.0760664
0,0,0.0761238
0,0,0.0761891
0,0,0.0761976
0,0,0.0763368
0,0,0.0764102
0,0,0.0765693
0,0,0.0766118
0,0,0.0766724
0,0,0.0767343
0,0,0.076807
0,0,0.0768822
0,0,0.0769575
0,0,0.0771448
0,0,0.0772223
0,0,0.0776002
0,0,0.0776243
0,0,0.0776428
0,0,0.0776976
0,0,0.0777243
0,0,0.078047
0,0,0.0781643
0,0,0.0783016
0,0,0.0783983
0,0,0.0784417
0,0,0.078691
0,0,0.0787721
0,0,0.0788801
0,0,0.0789733
0,0,0.0790048
0,0,0.0791476
0,0,0.0791759
0,0,0.0792607
0,0,0.0793358
0,0,0.0794909
0,0,0.0795156
0,0,0.0796265
0,0,0.079692
0,0,0.0797293
0,0,0.0798112
0,0,0.0798383
0,0,0.0799296
0,0,0.0800391
0,0,0.0801597
0,0,0.0802051
0,0,0.0803387
0,0,0.0803803
0,0,0.0805373
0,0,0.0805899
0,0,0.0806025
0,0,0.0815335
0,0,0.0815425
0,0,0.0815845
0,0,0.0816855
0,0,0.0819217
0,0,0.0820017
0,0,0.0820402
0,0,0.0822413
0,0,0.0822892
0,0,0.0824538
0,0,0.0824938
0,0,0.0824953
0,0,0.0825367
0,0,0.0827207
0,0,0.0827757
0,0,0.0829397
0,0,0.0831443
0,0,0.0832037
0,0,0.0834954
0,0,0.0835145
0,0,0.0836465
0,0,0.0836483
0,0,0.0838883
0,0,0.0841637
0,0,0.0841857
0,0,0.0843624
0,0,0.0845128
0,0,0.0846217
0,0,0.0846677
0,0,0.0847331
0,0,0.084904
0,0,0.0849611
0,0,0.0849919
0,0,0.0852265
0,0,0.0852635
0,0,0.0853098
0,0,0.08537
0,0,0.0853945
0,0,0.0854712
0,0,0.0855648
0,0,0.0856924
0,0,0.085705
0,0,0.0858795
0,0,0.0860832
0,0,0.0861059
0,0,0.0861308
0,0,0.0862237
0,0,0.0865483
0,0,0.086774
0,0,0.0867819
0,0,0.0869634
0,0,0.0870009
0,0,0.0870823
0,0,0.0872131
0,0,0.087267
0,0,0.0872718
0,0,0.0873278
0,0,0.0873408
0,0,0.0873593
0,0,0.0876275
0,0,0.087718
0,0,0.0877612
0,0,0.0877817
0,0,0.0878556
0,0,0.0878637
0,0,0.0880003
0,0,0.0880606
0,0,0.0880775
0,0,0.0880949
0,0,0.0881963
0,0,0.0882352
0,0,0.0885509
0,0,0.0885729
0,0,0.0886318
0,0,0.0888204
0,0,0.0890475
0,0,0.0890569
0,0,0.0891691
0,0,0.0892427
0,0,0.0893852
0,0,0.089426
0,0,0.089613
0,0,0.0896267
0,0,0.0896783
0,0,0.0896803
0,0,0.0896977
0,0,0.0897656
0,0,0.0899027
0,0,0.0900028
0,0,0.0900082
0,0,0.0901747
0,0,0.0903798
0,0,0.090558
0,0,0.090585
0,0,0.090714
0,0,0.0907596
0,0,0.0908014
0,0,0.0908147
0,0,0.0908805
0,0,0.0910443
0,0,0.0911293
0,0,0.091361
0,0,0.0914894
0,0,0.0915789
0,0,0.0916268
0,0,0.0918496
0,0,0.0918685
0,0,0.0919511
0,0,0.0920014
0,0,0.0922087
0,0,0.0923434
0,0,0.0923719
0,0,0.0924155
0,0,0.0924915
0,0,0.0927556
0,0,0.0929987
0,0,0.0930399
0,0,0.0930658
0,0,0.0931332
0,0,0.0932105
0,0,0.093335
0,0,0.093373
0,0,0.0935819
0,0,0.0936144
0,0,0.0937054
0,0,0.0937556
0,0,0.0937634
0,0,0.0938366
0,0,0.093848
0,0,0.0939064
0,0,0.0943082
0,0,0.09441
0,0,0.0944623
0,0,0.094478
0,0,0.0944897
0,0,0.094637
0,0,0.0946991
0,0,0.0948199
0,0,0.094843
0,0,0.0952653
0,0,0.0958813
0,0,0.0959914
0,0,0.0962694
0,0,0.0963253
0,0,0.0963762
0,0,0.0963905
0,0,0.0964148
0,0,0.0965313
0,0,0.0965439
0,0,0.0966658
0,0,0.0968044
0,0,0.0969458
0,0,0.0970508
0,0,0.0972134
0,0,0.0972764
0,0,0.0974305
0,0,0.0979722
0,0,0.0980633
0,0,0.0981314
0,0,0.0981414
0,0,0.098151
0,0,0.0982774
0,0,0.098326
0,0,0.0984791
0,0,0.0985257
0,0,0.0985883
0,0,0.0986462
0,0,0.0986588
0,0,0.0986687
0,0,0.098698
0,0,0.0987224
0,0,0.0987282
0,0,0.0988436
0,0,0.0989545
0,0,0.0990059
0,0,0.0991082
0,0,0.099247
0,0,0.099309
0,0,0.0995332
0,0,0.0996649
0,0,0.0999449
0,0,0.0999691
0,0,0.100048
0,0,0.100253
0,0,0.100333
0,0,0.100393
0,0,0.100413
0,0,0.100517
0,0,0.10083
0,0,0.10102
0,0,0.101217
0,0,0.101249
0,0,0.101445
0,0,0.101584
0,0,0.101666
0,0,0.101719
0,0,0.101844
0,0,0.102184
0,0,0.102247
0,0,0.102493
0,0,0.102556
0,0,0.102615
0,0,0.102764
0,0,0.102881
0,0,0.102894
0,0,0.103021
0,0,0.103046
0,0,0.103911
0,0,0.103937
0,0,0.10422
0,0,0.104392
0,0,0.104427
0,0,0.104751
0,0,0.105055
0,0,0.10522
0,0,0.105374
0,0,0.105388
0,0,0.105392
0,0,0.105696
0,0,0.105722
0,0,0.105752
0,0,0.105753
0,0,0.106042
0,0,0.106075
0,0,0.106151
0,0,0.106493
0,0,0.106494
0,0,0.106588
0,0,0.10691
0,0,0.106932
0,0,0.106935
0,0,0.107176
0,0,0.107259
0,0,0.107361
0,0,0.107537
0,0,0.107591
0,0,0.10776
0,0,0.108004
0,0,0.108227
0,0,0.108264
0,0,0.108324
0,0,0.108358
0,0,0.108365
0,0,0.108485
0,0,0.108576
0,0,0.108795
0,0,0.108996
0,0,0.109159
0,0,0.109357
0,0,0.10951
0,0,0.109812
0,0,0.10987
0,0,0.110034
0,0,0.110315
0,0,0.110317
0,0,0.110425
0,0,0.110461
0,0,0.110694
0,0,0.110783
0,0,0.111115
0,0,0.111116
0,0,0.111132
0,0,0.111418
0,0,0.111678
0,0,0.111734
0,0,0.111979
0,0,0.112306
0,0,0.112664
0,0,0.112775
0,0,0.112975
0,0,0.11302
0,0,0.113052
0,0,0.113231
0,0,0.113247
0,0,0.113261
0,0,0.113535
0,0,0.113611
0,0,0.113687
0,0,0.113713
0,0,0.113924
0,0,0.114239
0,0,0.114249
0,0,0.114512
0,0,0.114535
0,0,0.114623
0,0,0.114743
0,0,0.114983
0,0,0.115261
0,0,0.115343
0,0,0.115355
0,0,0.115386
0,0,0.115583
0,0,0.115604
0,0,0.11566
0,0,0.115982
0,0,0.116022
0,0,0.116215
0,0,0.116269
0,0,0.116383
0,0,0.116427
0,0,0.116558
0,0,0.116686
0,0,0.116963
0,0,0.117235
0,0,0.117382
0,0,0.117398
0,0,0.11753
0,0,0.117549
0,0,0.117762
0,0,0.117833
0,0,0.117881
0,0,0.118036
0,0,0.118336
0,0,0.118751
0,0,0.118774
0,0,0.11879
0,0,0.118799
0,0,0.118893
0,0,0.118931
0,0,0.119018
0,0,0.119263
0,0,0.119383
0,0,0.119398
0,0,0.119402
0,0,0.119444
0,0,0.119504
0,0,0.119515
0,0,0.119609
0,0,0.119621
0,0,0.119624
0,0,0.119763
0,0,0.119796
0,0,0.119964
0,0,0.120043
0,0,0.120085
0,0,0.12045
0,0,0.120563
0,0,0.120775
0,0,0.120801
0,0,0.120947
0,0,0.121086
0,0,0.121165
0,0,0.121202
0,0,0.121208
0,0,0.121372
0,0,0.12143
0,0,0.121509
0,0,0.121758
0,0,0.121832
0,0,0.122015
0,0,0.122044
0,0,0.122097
0,0,0.122175
0,0,0.122247
0,0,0.122368
0,0,0.122502
0,0,0.122752
0,0,0.122892
0,0,0.123082
0,0,0.123111
0,0,0.123387
0,0,0.123563
0,0,0.123778
0,0,0.123891
0,0,0.123956
0,0,0.124002
0,0,0.124014
0,0,0.124196
0,0,0.124258
0,0,0.124267
0,0,0.124508
0,0,0.124688
0,0,0.124754
0,0,0.12512
0,0,0.125281
0,0,0.125319
0,0,0.125834
0,0,0.125878
0,0,0.12612
0,0,0.126997
0,0,0.127048
0,0,0.127062
0,0,0.127601
0,0,0.127624
0,0,0.127753
0,0,0.127855
0,0,0.127878
0,0,0.127939
0,0,0.128496
0,0,0.128559
0,0,0.128559
0,0,0.128633
0,0,0.128681
0,0,0.128941
0,0,0.129055
0,0,0.129076
0,0,0.129174
0,0,0.129237
0,0,0.129299
0,0,0.129453
0,0,0.129521
0,0,0.129983
0,0,0.130169
0,0,0.131407
0,0,0.131678
0,0,0.131753
0,0,0.131917
0,0,0.132154
0,0,0.132364
0,0,0.132365
0,0,0.13247
0,0,0.132855
0,0,0.132928
0,0,0.133271
0,0,0.133326
0,0,0.133461
0,0,0.133515
0,0,0.133704
0,0,0.133873
0,0,0.133948
0,0,0.134105
0,0,0.134323
0,0,0.134338
0,0,0.134355
0,0,0.134472
0,0,0.1346
0,0,0.134832
0,0,0.135202
0,0,0.1353
0,0,0.13569
0,0,0.136048
0,0,0.136088
0,0,0.136347
0,0,0.1365
0,0,0.136536
0,0,0.136689
0,0,0.136747
0,0,0.136883
0,0,0.137161
0,0,0.137272
0,0,0.137477
0,0,0.137735
0,0,0.137879
0,0,0.137978
0,0,0.138057
0,0,0.138093
0,0,0.138109
0,0,0.138591
0,0,0.138715
0,0,0.138984
0,0,0.138987
0,0,0.139234
0,0,0.139543
0,0,0.139546
0,0,0.140195
0,0,0.140473
0,0,0.140642
0,0,0.141138
0,0,0.141159
0,0,0.141199
0,0,0.14123
0,0,0.141714
0,0,0.141727
0,0,0.141949
0,0,0.142353
0,0,0.142462
0,0,0.142469
0,0,0.142743
0,0,0.142938
0,0,0.142996
0,0,0.143168
0,0,0.14333
0,0,0.143367
0,0,0.14348
0,0,0.143642
0,0,0.143694
0,0,0.144177
0,0,0.144565
0,0,0.14469
0,0,0.145414
0,0,0.1456
0,0,0.145758
0,0,0.145906
0,0,0.145993
0,0,0.146076
0,0,0.146877
0,0,0.147117
0,0,0.147121
0,0,0.147277
0,0,0.147559
0,0,0.148059
0,0,0.148297
0,0,0.148359
0,0,0.148394
0,0,0.148632
0,0,0.148775
0,0,0.14892
0,0,0.149035
0,0,0.149255
0,0,0.149492
0,0,0.149538
0,0,0.149557
0,0,0.149715
0,0,0.149774
0,0,0.150361
0,0,0.15042
0,0,0.150504
0,0,0.150709
0,0,0.150777
0,0,0.150778
0,0,0.150908
0,0,0.150941
0,0,0.151349
0,0,0.151426
0,0,0.151657
0,0,0.15199
0,0,0.152075
0,0,0.152608
0,0,0.152656
0,0,0.152924
0,0,0.152936
0,0,0.15297
0,0,0.153049
0,0,0.15334
0,0,0.15338
0,0,0.153715
0,0,0.153853
0,0,0.153897
0,0,0.15391
0,0,0.154395
0,0,0.154428
0,0,0.154646
0,0,0.154726
0,0,0.154739
0,0,0.154872
0,0,0.154938
0,0,0.155098
0,0,0.156412
0,0,0.156771
0,0,0.157064
0,0,0.157171
0,0,0.157329
0,0,0.157384
0,0,0.157388
0,0,0.157727
0,0,0.157951
0,0,0.158123
0,0,0.158216
0,0,0.158399
0,0,0.158424
0,0,0.158439
0,0,0.158685
0,0,0.159006
0,0,0.159115
0,0,0.159273
0,0,0.159581
0,0,0.159699
0,0,0.159846
0,0,0.160057
0,0,0.16014
0,0,0.160512
0,0,0.1607
0,0,0.160788
0,0,0.160893
0,0,0.160969
0,0,0.161224
0,0,0.161274
0,0,0.161326
0,0,0.161878
0,0,0.162122
0,0,0.162185
0,0,0.162557
0,0,0.162663
0,0,0.162705
0,0,0.162895
0,0,0.162951
0,0,0.163809
0,0,0.163893
0,0,0.16403
0,0,0.164285
0,0,0.164409
0,0,0.16457
0,0,0.164642
0,0,0.164767
0,0,0.164852
0,0,0.165162
0,0,0.1652
0,0,0.16536
0,0,0.165614
0,0,0.165704
0,0,0.165802
0,0,0.16604
0,0,0.166341
0,0,0.166499
0,0,0.166985
0,0,0.167175
0,0,0.167269
0,0,0.167574
0,0,0.167739
0,0,0.167796
0,0,0.168137
0,0,0.168173
0,0,0.168687
0,0,0.168702
0,0,0.168771
0,0,0.168784
0,0,0.169
0,0,0.169209
0,0,0.169299
0,0,0.169943
0,0,0.16995
0,0,0.17033
0,0,0.170556
0,0,0.170758
0,0,0.171588
0,0,0.171791
0,0,0.172023
0,0,0.172245
0,0,0.17242
0,0,0.172574
0,0,0.172916
0,0,0.173117
0,0,0.173347
0,0,0.173373
0,0,0.173736
0,0,0.173745
0,0,0.174098
0,0,0.175136
0,0,0.175174
0,0,0.175215
0,0,0.175572
0,0,0.175642
0,0,0.17567
0,0,0.176352
0,0,0.176469
0,0,0.17669
0,0,0.177056
0,0,0.177365
0,0,0.177482
0,0,0.178358
0,0,0.178465
0,0,0.178795
0,0,0.178877
0,0,0.179427
0,0,0.179994
0,0,0.180068
0,0,0.180203
0,0,0.180812
0,0,0.180822
0,0,0.180862
0,0,0.181063
0,0,0.181119
0,0,0.181742
0,0,0.181961
0,0,0.182636
0,0,0.182823
0,0,0.18317
0,0,0.183293
0,0,0.183415
0,0,0.183523
0,0,0.184213
0,0,0.184991
0,0,0.184993
0,0,0.18504
0,0,0.185389
0,0,0.185645
0,0,0.185916
0,0,0.186292
0,0,0.186506
0,0,0.187553
0,0,0.187629
0,0,0.187742
0,0,0.187802
0,0,0.188193
0,0,0.188409
0,0,0.188696
0,0,0.188733
0,0,0.188774
0,0,0.1892
0,0,0.18938
0,0,0.189536
0,0,0.190049
0,0,0.190912
0,0,0.191051
0,0,0.191099
0,0,0.191662
0,0,0.191965
0,0,0.191981
0,0,0.19205
0,0,0.192093
0,0,0.192344
0,0,0.192455
0,0,0.192706
0,0,0.193239
0,0,0.193647
0,0,0.19387
0,0,0.194163
0,0,0.19447
0,0,0.194674
0,0,0.194775
0,0,0.195085
0,0,0.195335
0,0,0.195827
0,0,0.195842
0,0,0.195877
0,0,0.196048
0,0,0.196053
0,0,0.196938
0,0,0.197121
0,0,0.197606
0,0,0.197869
0,0,0.197874
0,0,0.198091
0,0,0.198445
0,0,0.198587
0,0,0.199078
0,0,0.199125
0,0,0.199209
0,0,0.199365
0,0,0.199514
0,0,0.199931
0,0,0.200478
0,0,0.2005
0,0,0.20123
0,0,0.201677
0,0,0.201775
0,0,0.201787
0,0,0.202265
0,0,0.202288
0,0,0.202369
0,0,0.202502
0,0,0.202728
0,0,0.203204
0,0,0.203375
0,0,0.20358
0,0,0.204146
0,0,0.204438
0,0,0.204522
0,0,0.204831
0,0,0.204883
0,0,0.205156
0,0,0.206356
0,0,0.206502
0,0,0.206503
0,0,0.206526
0,0,0.206644
0,0,0.206932
0,0,0.207745
0,0,0.208117
0,0,0.208213
0,0,0.208481
0,0,0.208561
0,0,0.209171
0,0,0.209509
0,0,0.209592
0,0,0.210037
0,0,0.210498
0,0,0.210541
0,0,0.211322
0,0,0.211556
0,0,0.211644
0,0,0.212172
0,0,0.212271
0,0,0.212293
0,0,0.212557
0,0,0.212971
0,0,0.213644
0,0,0.213881
0,0,0.213948
0,0,0.214299
0,0,0.215841
0,0,0.215873
0,0,0.215907
0,0,0.216177
0,0,0.216557
0,0,0.216991
0,0,0.217423
0,0,0.217914
0,0,0.218117
0,0,0.218266
0,0,0.218859
0,0,0.218975
0,0,0.218988
0,0,0.219552
0,0,0.220463
0,0,0.22066
0,0,0.221304
0,0,0.221481
0,0,0.221555
0,0,0.222324
0,0,0.222796
0,0,0.223254
0,0,0.223317
0,0,0.223404
0,0,0.224006
0,0,0.224216
0,0,0.224717
0,0,0.225204
0,0,0.225525
0,0,0.225679
0,0,0.225724
0,0,0.225879
0,0,0.226643
0,0,0.227206
0,0,0.227752
0,0,0.228883
0,0,0.229172
0,0,0.229777
0,0,0.229854
0,0,0.230552
0,0,0.230599
0,0,0.230646
0,0,0.230816
0,0,0.230926
0,0,0.231188
0,0,0.231323
0,0,0.231774
0,0,0.23218
0,0,0.232824
0,0,0.232835
0,0,0.233269
0,0,0.233745
0,0,0.234055
0,0,0.234268
0,0,0.2346
0,0,0.235058
0,0,0.235314
0,0,0.235729
0,0,0.236147
0,0,0.236205
0,0,0.236368
0,0,0.236638
0,0,0.236939
0,0,0.237023
0,0,0.237383
0,0,0.237819
0,0,0.237937
0,0,0.238024
0,0,0.238331
0,0,0.239362
0,0,0.239471
0,0,0.239471
0,0,0.240197
0,0,0.24038
0,0,0.241089
0,0,0.24228
0,0,0.242633
0,0,0.243143
0,0,0.243317
0,0,0.244131
0,0,0.244132
0,0,0.244608
0,0,0.245379
0,0,0.246131
0,0,0.246247
0,0,0.246294
0,0,0.247136
0,0,0.247615
0,0,0.248267
0,0,0.248707
0,0,0.248719
0,0,0.249596
0,0,0.249901
0,0,0.249996
0,0,0.250043
0,0,0.250055
0,0,0.250521
0,0,0.250522
0,0,0.250685
0,0,0.252727
0,0,0.254589
0,0,0.25466
0,0,0.254713
0,0,0.255217
0,0,0.255605
0,0,0.255766
0,0,0.257442
0,0,0.257476
0,0,0.25781
0,0,0.258577
0,0,0.258909
0,0,0.259121
0,0,0.259414
0,0,0.260727
0,0,0.262297
0,0,0.262711
0,0,0.262816
0,0,0.263713
0,0,0.264217
0,0,0.264626
0,0,0.264634
0,0,0.265648
0,0,0.266197
0,0,0.266275
0,0,0.266558
0,0,0.26681
0,0,0.267381
0,0,0.267795
0,0,0.268547
0,0,0.268835
0,0,0.268959
0,0,0.269066
0,0,0.269356
0,0,0.269422
0,0,0.269433
0,0,0.269597
0,0,0.269701
0,0,0.271093
0,0,0.27241
0,0,0.272931
0,0,0.273318
0,0,0.274709
0,0,0.275211
0,0,0.275463
0,0,0.275472
0,0,0.275924
0,0,0.276535
0,0,0.276545
0,0,0.277057
0,0,0.277291
0,0,0.277602
0,0,0.277882
0,0,0.277887
0,0,0.278464
0,0,0.278833
0,0,0.279049
0,0,0.279777
0,0,0.280311
0,0,0.280497
0,0,0.281182
0,0,0.281507
0,0,0.281595
0,0,0.281758
0,0,0.282393
0,0,0.282728
0,0,0.284185
0,0,0.284266
0,0,0.284362
0,0,0.284906
0,0,0.285306
0,0,0.28544
0,0,0.286501
0,0,0.290125
0,0,0.290959
0,0,0.2914
0,0,0.29208
0,0,0.292786
0,0,0.294039
0,0,0.29417
0,0,0.294414
0,0,0.29453
0,0,0.295072
0,0,0.295388
0,0,0.296731
0,0,0.297444
0,0,0.298835
0,0,0.299695
0,0,0.300025
0,0,0.300045
0,0,0.301119
0,0,0.302295
0,0,0.302684
0,0,0.304778
0,0,0.305285
0,0,0.305375
0,0,0.306164
0,0,0.307553
0,0,0.308562
0,0,0.309607
0,0,0.310959
0,0,0.311301
0,0,0.311822
0,0,0.312218
0,0,0.312544
0,0,0.314322
0,0,0.316301
0,0,0.316674
0,0,0.318118
0,0,0.319445
0,0,0.321691
0,0,0.322718
0,0,0.323393
0,0,0.323945
0,0,0.325497
0,0,0.325806
0,0,0.325907
0,0,0.326332
0,0,0.326492
0,0,0.326867
0,0,0.327501
0,0,0.329208
0,0,0.330066
0,0,0.330984
0,0,0.331643
0,0,0.33255
0,0,0.332803
0,0,0.333246
0,0,0.334341
0,0,0.336164
0,0,0.336821
0,0,0.33828
0,0,0.33847
0,0,0.33883
0,0,0.339752
0,0,0.34023
0,0,0.340291
0,0,0.340802
0,0,0.341059
0,0,0.341067
0,0,0.341728
0,0,0.342419
0,0,0.344334
0,0,0.346976
0,0,0.349069
0,0,0.351139
0,0,0.351155
0,0,0.351758
0,0,0.351794
0,0,0.352164
0,0,0.353873
0,0,0.354351
0,0,0.357734
0,0,0.359082
0,0,0.361352
0,0,0.361469
0,0,0.363777
0,0,0.364587
0,0,0.365486
0,0,0.367492
0,0,0.367592
0,0,0.370378
0,0,0.37135
0,0,0.374822
0,0,0.375196
0,0,0.376167
0,0,0.376349
0,0,0.378942
0,0,0.380599
0,0,0.381112
0,0,0.382265
0,0,0.384325
0,0,0.388757
0,0,0.388781
0,0,0.389682
0,0,0.389726
0,0,0.389911
0,0,0.390352
0,0,0.391133
0,0,0.393062
0,0,0.39311
0,0,0.396373
0,0,0.397997
0,0,0.398117
0,0,0.403114
0,0,0.404796
0,0,0.409755
0,0,0.410472
0,0,0.413376
0,0,0.419282
0,0,0.423584
0,0,0.425704
0,0,0.43357
0,0,0.438386
0,0,0.439022
0,0,0.439352
0,0,0.439859
0,0,0.440361
0,0,0.442827
0,0,0.443074
0,0,0.447646
0,0,0.448997
0,0,0.449825
0,0,0.452186
0,0,0.454973
0,0,0.456019
0,0,0.460094
0,0,0.460912
0,0,0.461454
0,0,0.463372
0,0,0.464968
0,0,0.467204
0,0,0.471125
0,0,0.472362
0,0,0.475948
0,0,0.476029
0,0,0.479485
0,0,0.488409
0,0,0.498453
0,0,0.498483
0,0,0.50312
0,0,0.503835
0,0,0.512221
0,0,0.518392
0,0,0.529829
0,0,0.531722
0,0,0.533907
0,0,0.538752
0,0,0.549365
0,0,0.551659
0,0,0.555364
0,0,0.55656
0,0,0.562598
0,0,0.563817
0,0,0.566095
0,0,0.566278
0,0,0.57477
0,0,0.575806
0,0,0.581019
0,0,0.584223
0,0,0.591429
0,0,0.595109
0,0,0.604376
0,0,0.613313
0,0,0.614609
0,0,0.617363
0,0,0.620545
0,0,0.641212
0,0,0.645688
0,0,0.647813
0,0,0.663575
0,0,0.668683
0,0,0.684284
0,0,0.685185
0,0,0.712127
0,0,0.797215
0,0,0.803891
0,0,0.808775
0,0,0.916884
0,0,0.934354
0,0,3
1,1.26101,1.32035
1,1.21712,1.32855
1,1.17465,1.18038
1,1.11204,1.22861
1,1.04849,1.28046
1,1.04065,1.07256
1,1.03794,1.09734
1,1.03543,1.14379
1,1.0267,1.04308
1,0.991039,1.08808
1,0.933391,0.943211
1,0.905992,0.937895
1,0.89543,1.07836
1,0.887207,1.35649
1,0.877642,1.22372
1,0.871547,0.919154
1,0.859503,0.875576
1,0.83411,0.903945
1,0.803123,0.808528
1,0.796038,0.823999
1,0.79586,0.833941
1,0.780956,1.31775
1,0.773588,0.796295
1,0.760346,0.767956
1,0.733928,0.765254
1,0.717285,0.7875
1,0.713449,0.72085
1,0.706363,0.72726
1,0.699645,0.723255
1,0.68966,0.735758
1,0.689237,0.698647
1,0.688007,0.901901
1,0.682216,0.726824
1,0.67522,1.04017
1,0.666748,0.667256
1,0.660014,0.701743
1,0.65797,0.877325
1,0.653929,0.695033
1,0.650067,0.913602
1,0.647069,0.660147
1,0.643337,0.695019
1,0.642384,0.845358
1,0.63937,0.645405
1,0.637692,0.658277
1,0.63766,0.675907
1,0.634876,0.967425
1,0.631849,0.81957
1,0.625734,0.745743
1,0.621945,0.692696
1,0.621419,0.668633
1,0.620868,0.821262
1,0.610971,0.64502
1,0.608788,0.940765
1,0.608647,0.658935
1,0.606751,0.6543
1,0.604832,0.74405
1,0.58986,0.681271
1,0.588566,0.608555
1,0.587123,0.666005
1,0.58012,0.629597
1,0.578443,0.632472
1,0.576735,0.598586
1,0.57482,0.639167
1,0.57454,0.688468
1,0.571769,0.595482
1,0.56864,0.903685
1,0.568479,1.33365
1,0.568072,0.574626
1,0.561544,0.581936
1,0.554168,0.663643
1,0.552481,0.614531
1,0.543484,0.555078
1,0.540077,0.862805
1,0.535802,0.61183
1,0.535425,0.558745
1,0.535204,0.653615
1,0.532441,0.560655
1,0.530333,1.22194
1,0.529628,0.533185
1,0.523819,0.556738
1,0.522346,0.542341
1,0.517789,0.531805
1,0.512223,0.539436
1,0.511182,0.534562
1,0.507898,0.562848
1,0.503228,0.869509
1,0.501728,0.527633
1,0.499566,0.578079
1,0.496844,0.527411
1,0.496229,0.545383
1,0.489499,0.500038
1,0.487437,0.5674
1,0.481899,0.876407
1,0.479168,0.514788
1,0.466785,0.474321
1,0.466412,0.500132
1,0.465591,0.466602
1,0.465092,0.581358
1,0.46321,0.775792
1,0.462842,0.578943
1,0.460386,0.480647
1,0.458641,0.488444
1,0.457153,0.696921
1,0.455527,0.739588
1,0.449553,0.466763
1,0.448707,0.468655
1,0.443488,0.446519
1,0.442512,0.478723
1,0.439343,0.484617
1,0.435145,0.559102
1,0.433148,0.524807
1,0.423974,0.447422
1,0.422651,0.493204
1,0.422272,0.523568
1,0.421876,0.474741
1,0.419402,0.437644
1,0.415304,0.548854
1,0.414933,0.426713
1,0.41382,0.420393
1,0.413727,0.473817
1,0.410016,0.555344
1,0.408503,0.421242
1,0.408282,0.427867
1,0.408036,0.53819
1,0.407933,0.457888
1,0.406437,0.535077
1,0.405255,0.42424
1,0.400328,0.821985
1,0.400128,0.401686
1,0.399389,0.438337
1,0.398816,0.497033
1,0.396279,0.444604
1,0.395536,0.436856
1,0.393412,0.397549
1,0.391031,0.54242
1,0.389358,0.41718
1,0.389177,0.404386
1,0.384821,0.54407
1,0.384701,0.430154
1,0.384078,0.465176
1,0.383428,0.442846
1,0.383427,0.564095
1,0.379841,0.380663
1,0.379826,0.433487
1,0.379058,0.382273
1,0.378832,0.451285
1,0.374229,0.423243
1,0.37347,0.395622
1,0.373163,0.376598
1,0.372494,0.373042
1,0.366769,0.437665
1,0.366216,0.394836
1,0.364892,0.474859
1,0.364827,0.474775
1,0.364758,0.416144
1,0.363393,0.372818
1,0.360785,0.450789
1,0.357635,0.458612
1,0.354222,0.361054
1,0.354202,0.505865
1,0.351677,0.404453
1,0.35123,0.386743
1,0.346326,0.353924
1,0.345585,0.40372
1,0.343568,0.391402
1,0.342629,0.345625
1,0.340108,0.34648
1,0.339718,0.365573
1,0.336271,0.393034
1,0.336135,0.362322
1,0.335115,0.416144
1,0.334431,0.542726
1,0.334216,0.444209
1,0.332969,0.34637
1,0.332948,0.381733
1,0.330583,0.35934
1,0.330276,0.340232
1,0.330154,0.346929
1,0.328046,0.388646
1,0.327012,0.348664
1,0.326844,0.363623
1,0.326306,0.328984
1,0.32571,0.368483
1,0.323466,0.363762
1,0.322589,0.337244
1,0.321524,0.403088
1,0.321487,0.36789
1,0.321267,0.406248
1,0.319703,0.446712
1,0.318539,0.428984
1,0.318446,0.40744
1,0.314545,0.31783
1,0.314419,0.368894
1,0.312384,0.322806
1,0.31041,0.323757
1,0.309186,0.326022
1,0.309069,0.358192
1,0.305501,0.31693
1,0.304934,0.312938
1,0.304891,0.328169
1,0.304162,0.307164
1,0.303704,0.308116
1,0.30287,0.31116
1,0.302013,0.305958
1,0.301954,0.315532
1,0.300153,0.324278
1,0.299497,0.395403
1,0.299029,0.484363
1,0.297908,0.375302
1,0.288995,0.461513
1,0.288262,0.289625
1,0.288232,0.324497
1,0.28634,0.357776
1,0.285958,0.29429
1,0.283357,0.34066
1,0.28322,0.330257
1,0.283161,0.309555
1,0.282835,0.334492
1,0.282162,0.412129
1,0.281564,0.409627
1,0.281359,0.298606
1,0.280894,0.283074
1,0.276935,0.284784
1,0.274761,0.314123
1,0.274242,0.344249
1,0.274025,0.286425
1,0.273785,0.30508
1,0.273409,0.273918
1,0.272423,0.337578
1,0.271869,0.320091
1,0.27124,0.290767
1,0.270935,0.310132
1,0.270867,0.349007
1,0.270151,0.328297
1,0.269349,0.272812
1,0.268578,0.282629
1,0.268568,0.273357
1,0.268021,0.273996
1,0.268,0.27864
1,0.267224,0.29245
1,0.267088,0.296579
1,0.266942,0.28981
1,0.262572,0.294843
1,0.261895,0.295117
1,0.258458,0.303508
1,0.258128,0.260627
1,0.257591,0.286709
1,0.25282,0.255042
1,0.252558,0.257354
1,0.251001,0.254554
1,0.248283,0.326093
1,0.246781,0.257469
1,0.245874,0.320746
1,0.242598,0.255398
1,0.242284,0.27108
1,0.24184,0.311435
1,0.24097,0.261105
1,0.240023,0.240729
1,0.239882,0.248813
1,0.239074,0.252421
1,0.239054,0.287448
1,0.238586,0.25345
1,0.237591,0.254651
1,0.23586,0.264945
1,0.23543,0.332469
1,0.234811,0.243319
1,0.234349,0.242028
1,0.233566,0.238982
1,0.233174,0.275418
1,0.230327,0.336152
1,0.229521,0.274711
1,0.229352,0.25155
1,0.229254,0.23944
1,0.22775,0.232126
1,0.227267,0.321989
1,0.226905,0.230129
1,0.226481,0.392025
1,0.225841,0.269792
1,0.225084,0.270674
1,0.22478,0.255626
1,0.223169,0.280417
1,0.223036,0.248756
1,0.221915,0.249597
1,0.220122,0.240908
1,0.219048,0.382906
1,0.218297,0.226564
1,0.217492,0.23095
1,0.217301,0.255526
1,0.217012,0.262347
1,0.215531,0.217904
1,0.214372,0.229676
1,0.212121,0.266485
1,0.211644,0.249632
1,0.209891,0.255519
1,0.209274,0.252437
1,0.209242,0.21891
1,0.207909,0.248455
1,0.207351,0.248927
1,0.205763,0.216743
1,0.205283,0.207238
1,0.205184,0.22834
1,0.204699,0.20829
1,0.204397,0.208547
1,0.202429,0.223178
1,0.201964,0.22379
1,0.201887,0.210145
1,0.201777,0.207724
1,0.200543,0.211162
1,0.199233,0.219095
1,0.197787,0.261474
1,0.19765,0.257314
1,0.1974,0.224611
1,0.197095,0.21354
1,0.19642,0.278937
1,0.195726,0.238381
1,0.194707,0.208297
1,0.194699,0.213658
1,0.194,0.1969
1,0.193307,0.198802
1,0.192623,0.213036
1,0.192182,0.195538
1,0.191793,0.19904
1,0.189904,0.248128
1,0.189669,0.201293
1,0.189162,0.198957
1,0.189159,0.197486
1,0.188901,0.293842
1,0.188738,0.19815
1,0.1881,0.212192
1,0.187502,0.199352
1,0.186695,0.199876
1,0.186216,0.219766
1,0.185373,0.209722
1,0.184608,0.218745
1,0.184438,0.213473
1,0.182655,0.214452
1,0.181377,0.19625
1,0.181265,0.233802
1,0.180749,0.229658
1,0.180096,0.217866
1,0.179934,0.237094
1,0.17977,0.195476
1,0.179212,0.25361
1,0.179051,0.23519
1,0.177577,0.234503
1,0.177455,0.181705
1,0.176137,0.180942
1,0.174607,0.270165
1,0.174458,0.176863
1,0.174433,0.194168
1,0.174381,0.179351
1,0.174093,0.184166
1,0.173578,0.219965
1,0.173505,0.175438
1,0.17294,0.183792
1,0.172653,0.206593
1,0.172544,0.231603
1,0.1719,0.238865
1,0.171643,0.174359
1,0.170963,0.185983
1,0.170866,0.190839
1,0.168934,0.221248
1,0.167017,0.169778
1,0.166096,0.195379
1,0.165776,0.200708
1,0.165572,0.169812
1,0.16533,0.247721
1,0.163828,0.166028
1,0.162914,0.247274
1,0.162486,0.169618
1,0.162277,0.231948
1,0.161803,0.196356
1,0.161107,0.166855
1,0.160836,0.162348
1,0.16067,0.170334
1,0.160254,0.16844
1,0.159618,0.189606
1,0.159097,0.190856
1,0.158803,0.174592
1,0.157979,0.165591
1,0.157912,0.208222
1,0.157053,0.169596
1,0.156654,0.176491
1,0.156641,0.164093
1,0.156124,0.157642
1,0.155664,0.16637
1,0.155537,0.167468
1,0.154599,0.191542
1,0.153932,0.16645
1,0.152818,0.178635
1,0.150422,0.210454
1,0.150044,0.162798
1,0.149844,0.174763
1,0.149659,0.156436
1,0.148731,0.175924
1,0.148598,0.165748
1,0.148429,0.206357
1,0.148152,0.15563
1,0.1476,0.155489
1,0.147463,0.167626
1,0.146933,0.204287
1,0.146645,0.18858
1,0.146598,0.179616
1,0.145856,0.149452
1,0.145083,0.184386
1,0.144519,0.187458
1,0.144221,0.196168
1,0.143816,0.145189
1,0.143594,0.149826
1,0.142421,0.178069
1,0.141604,0.150399
1,0.141599,0.145658
1,0.140603,0.141999
1,0.14049,0.159776
1,0.140164,0.20048
1,0.138879,0.147957
1,0.138725,0.140449
1,0.138505,0.145325
1,0.138178,0.14348
1,0.137962,0.158262
1,0.137898,0.138635
1,0.137418,0.141025
1,0.137347,0.150008
1,0.136767,0.159926
1,0.136383,0.195265
1,0.136077,0.146644
1,0.135513,0.142527
1,0.135088,0.167187
1,0.134305,0.227556
1,0.133941,0.168405
1,0.133769,0.15805
1,0.133435,0.148314
1,0.133214,0.163883
1,0.132557,0.132663
1,0.132327,0.151059
1,0.132286,0.155318
1,0.132273,0.141914
1,0.132043,0.146325
1,0.132026,0.178037
1,0.130459,0.136589
1,0.130038,0.165025
1,0.130022,0.175406
1,0.129775,0.132954
1,0.129239,0.185318
1,0.128477,0.134995
1,0.127966,0.138991
1,0.127848,0.165075
1,0.127699,0.14879
1,0.127471,0.147846
1,0.126574,0.13111
1,0.126322,0.166069
1,0.125903,0.160113
1,0.125701,0.147794
1,0.124756,0.182992
1,0.124371,0.126189
1,0.123641,0.129898
1,0.123383,0.145835
1,0.122786,0.144436
1,0.12193,0.126461
1,0.120807,0.172971
1,0.120279,0.150191
1,0.119943,0.121776
1,0.119684,0.125288
1,0.119162,0.168004
1,0.118904,0.171776
1,0.118853,0.122459
1,0.117998,0.194818
1,0.116575,0.138225
1,0.116355,0.133606
1,0.115558,0.123068
1,0.115493,0.153208
1,0.115325,0.11993
1,0.11522,0.162479
1,0.115147,0.125437
1,0.114836,0.1588
1,0.114739,0.184877
1,0.114639,0.186539
1,0.113923,0.118693
1,0.113212,0.114689
1,0.111755,0.116467
1,0.111604,0.117458
1,0.111343,0.137274
1,0.11118,0.134947
1,0.111147,0.130055
1,0.110348,0.136298
1,0.10849,0.110426
1,0.10825,0.131967
1,0.107667,0.112962
1,0.106951,0.110304
1,0.106569,0.148951
1,0.105264,0.144036
1,0.105249,0.121527
1,0.105054,0.142019
1,0.104612,0.10828
1,0.104244,0.123022
1,0.104243,0.107539
1,0.102767,0.160868
1,0.102435,0.106769
1,0.10124,0.113073
1,0.100711,0.126667
1,0.0987656,0.107106
1,0.0985332,0.10507
1,0.0983562,0.113456
1,0.0982334,0.109269
1,0.0977001,0.115384
1,0.0973504,0.104641
1,0.0970525,0.156483
1,0.0961857,0.118943
1,0.0956914,0.0965076
1,0.0956366,0.108473
1,0.0952545,0.1255
1,0.0949973,0.12792
1,0.0944797,0.104341
1,0.0942585,0.130652
1,0.0931432,0.102093
1,0.091522,0.109992
1,0.0909286,0.0949711
1,0.0907108,0.103185
1,0.0905866,0.10373
1,0.0905366,0.0975237
1,0.0899668,0.116795
1,0.0885563,0.108808
1,0.0884974,0.0893594
1,0.0877668,0.0921071
1,0.087659,0.117405
1,0.0872963,0.0975718
1,0.0866751,0.10381
1,0.0862107,0.104032
1,0.0859284,0.0906617
1,0.0857052,0.105013
1,0.0850318,0.0978446
1,0.0843842,0.0958211
1,0.08414,0.123448
1,0.0837218,0.0922977
1,0.0826893,0.0888927
1,0.0818582,0.0945835
1,0.0817701,0.0941635
1,0.0806352,0.0928913
1,0.080451,0.0962706
1,0.0796582,0.0960268
1,0.0795161,0.0842808
1,0.0793717,0.104887
1,0.0787091,0.0839452
1,0.0782874,0.0988834
1,0.0782555,0.0990112
1,0.0782281,0.115332
1,0.0781649,0.107306
1,0.0762147,0.0928549
1,0.0759917,0.076855
1,0.075273,0.0805601
1,0.0750562,0.0794311
1,0.0744567,0.0882916
1,0.0727826,0.0827736
1,0.0712037,0.0920713
1,0.0708519,0.0815411
1,0.0708005,0.076966
1,0.0693593,0.074043
1,0.068824,0.0694205
1,0.0677212,0.0712491
1,0.0663307,0.0717541
1,0.0634646,0.0714868
1,0.0627604,0.0695248
1,0.0586199,0.0702453
1,0.0567031,0.0594152
1,0.0399613,0.0412516
2,1.42572,1.45126
2,1.37571,1.40288
2,1.3649,1.40099
2,1.36427,1.44667
2,1.31429,1.40603
2,1.29064,1.29585
2,1.10765,1.17057
2,1.09353,1.15827
2,0.997634,1.00834
2,0.935412,0.946501
2,0.849395,0.851862
2,0.835003,0.845374
2,0.810624,0.871832
2,0.791684,0.83835
2,0.749275,0.767297
2,0.693023,0.705149
2,0.663302,0.667316
2,0.592858,0.605082
2,0.578484,0.601877
2,0.493147,0.520133
2,0.484363,0.513528
2,0.476086,0.493606
2,0.444209,0.47927
2,0.439974,0.465931
2,0.41672,0.434067
2,0.40669,0.415899
2,0.402911,0.442061
2,0.386889,0.389136
2,0.38476,0.403933
2,0.375506,0.379048
2,0.368633,0.373226
2,0.363862,0.371691
2,0.363223,0.423172
2,0.352493,0.363681
2,0.330922,0.341472
2,0.32744,0.338586
2,0.320386,0.321233
2,0.305977,0.306013
2,0.29826,0.346982
2,0.290434,0.294251
2,0.283991,0.289932
2,0.276387,0.295664
2,0.275766,0.29718
2,0.275766,0.2875
2,0.274711,0.306037
2,0.261034,0.266554
2,0.259561,0.280407
2,0.256877,0.258549
2,0.253474,0.276146
2,0.24928,0.258468
2,0.244779,0.265823
2,0.244592,0.254059
2,0.243504,0.252237
2,0.237951,0.240011
2,0.23216,0.238947
2,0.220961,0.229077
2,0.2163,0.235383
2,0.213172,0.226653
2,0.202598,0.205572
2,0.201706,0.240825
2,0.201116,0.223534
2,0.197537,0.202873
2,0.197353,0.198471
2,0.196567,0.205589
2,0.193993,0.211153
2,0.192726,0.196949
2,0.191151,0.194507
2,0.190824,0.191554
2,0.190446,0.198144
2,0.185718,0.195721
2,0.185238,0.187072
2,0.181288,0.182184
2,0.180022,0.211838
2,0.177045,0.193702
2,0.176292,0.177483
2,0.174902,0.179751
2,0.173254,0.173466
2,0.173188,0.181968
2,0.163584,0.182706
2,0.157696,0.159722
2,0.154514,0.163671
2,0.15157,0.171298
2,0.148972,0.149812
2,0.146929,0.150202
2,0.142646,0.15535
2,0.139182,0.148086
2,0.138423,0.146727
2,0.13828,0.149631
2,0.130848,0.132273
2,0.129789,0.131641
2,0.120859,0.125127
2,0.107539,0.117268
