point cloud with 2325 points in dimension 3
0,0,0.00836038
0,0,0.00843653
0,0,0.00917026
0,0,0.00989112
0,0,0.0108896
0,0,0.0124986
0,0,0.0128731
0,0,0.0131229
0,0,0.0134482
0,0,0.0135076
0,0,0.0140881
0,0,0.0142349
0,0,0.0143602
0,0,0.0143656
0,0,0.0143695
0,0,0.0147486
0,0,0.0150359
0,0,0.0150752
0,0,0.0151008
0,0,0.0155556
0,0,0.0166557
0,0,0.016929
0,0,0.0170574
0,0,0.0175966
0,0,0.017881
0,0,0.0181705
0,0,0.0182032
0,0,0.018398
0,0,0.0183984
0,0,0.0185936
0,0,0.0189863
0,0,0.0190511
0,0,0.019157
0,0,0.0197853
0,0,0.0198096
0,0,0.0206619
0,0,0.020754
0,0,0.0209094
0,0,0.0210639
0,0,0.0210903
0,0,0.0211351
0,0,0.0216809
0,0,0.0220784
0,0,0.0225277
0,0,0.0227111
0,0,0.0228296
0,0,0.0231972
0,0,0.0232953
0,0,0.0235644
0,0,0.0236785
0,0,0.0237146
0,0,0.0237171
0,0,0.0241578
0,0,0.0244121
0,0,0.0244122
0,0,0.0245491
0,0,0.0250348
0,0,0.0250373
0,0,0.0251697
0,0,0.0254488
0,0,0.0258657
0,0,0.0260713
0,0,0.0265749
0,0,0.0267037
0,0,0.026869
0,0,0.027123
0,0,0.0272467
0,0,0.0275179
0,0,0.0276375
0,0,0.0277225
0,0,0.0278174
0,0,0.0278257
0,0,0.0278312
0,0,0.0278701
0,0,0.0279281
0,0,0.0279415
0,0,0.0279608
0,0,0.0281515
0,0,0.0283863
0,0,0.028438
0,0,0.0284766
0,0,0.028592
0,0,0.0288169
0,0,0.0289747
0,0,0.0289787
0,0,0.0292085
0,0,0.029393
0,0,0.0294887
0,0,0.0295408
0,0,0.0296667
0,0,0.0300455
0,0,0.0302411
0,0,0.0303874
0,0,0.0304553
0,0,0.0304905
0,0,0.030543
0,0,0.0306668
0,0,0.0308738
0,0,0.0309419
0,0,0.0310841
0,0,0.0313291
0,0,0.0313615
0,0,0.0313917
0,0,0.0314693
0,0,0.0315464
0,0,0.0316863
0,0,0.0317042
0,0,0.031894
0,0,0.0321785
0,0,0.0322819
0,0,0.0327201
0,0,0.0330302
0,0,0.0333309
0,0,0.0335445
0,0,0.0335953
0,0,0.033733
0,0,0.0337706
0,0,0.0339756
0,0,0.0340121
0,0,0.0346877
0,0,0.0350951
0,0,0.0351556
0,0,0.0351556
0,0,0.0351719
0,0,0.0352082
0,0,0.0361595
0,0,0.0364949
0,0,0.0365963
0,0,0.0367712
0,0,0.0368086
0,0,0.0368536
0,0,0.037041
0,0,0.0371672
0,0,0.0371822
0,0,0.0372041
0,0,0.037293
0,0,0.037347
0,0,0.0374148
0,0,0.0377339
0,0,0.037828
0,0,0.0380337
0,0,0.0381601
0,0,0.0381735
0,0,0.0382514
0,0,0.0384475
0,0,0.038627
0,0,0.0386581
0,0,0.0389188
0,0,0.0390155
0,0,0.0390789
0,0,0.0390916
0,0,0.0393578
0,0,0.0394386
0,0,0.039583
0,0,0.0396213
0,0,0.0397591
0,0,0.0398169
0,0,0.0399643
0,0,0.039965
0,0,0.0403672
0,0,0.0404371
0,0,0.0404713
0,0,0.0405982
0,0,0.0406704
0,0,0.0406761
0,0,0.040778
0,0,0.0412378
0,0,0.0412918
0,0,0.0415806
0,0,0.0416776
0,0,0.0419756
0,0,0.042247
0,0,0.0423408
0,0,0.0423497
0,0,0.0425754
0,0,0.0425756
0,0,0.0427989
0,0,0.0429697
0,0,0.0431276
0,0,0.0431887
0,0,0.0433207
0,0,0.0433566
0,0,0.0435491
0,0,0.043603
0,0,0.0439308
0,0,0.0442793
0,0,0.0444841
0,0,0.0445293
0,0,0.0445414
0,0,0.0447484
0,0,0.04485
0,0,0.0448679
0,0,0.0451027
0,0,0.0451912
0,0,0.0452919
0,0,0.0453354
0,0,0.0454093
0,0,0.0454852
0,0,0.0455479
0,0,0.0455838
0,0,0.04564
0,0,0.0456462
0,0,0.0458192
0,0,0.0458244
0,0,0.0458846
0,0,0.0461192
0,0,0.0462628
0,0,0.04628
0,0,0.0462953
0,0,0.046324
0,0,0.0464432
0,0,0.0464455
0,0,0.0464682
0,0,0.0464869
0,0,0.0465003
0,0,0.046731
0,0,0.0467715
0,0,0.0468672
0,0,0.04693
0,0,0.0470222
0,0,0.0470701
0,0,0.0473522
0,0,0.0473963
0,0,0.0476765
0,0,0.047767
0,0,0.0478151
0,0,0.0478986
0,0,0.0479058
0,0,0.0480382
0,0,0.0481863
0,0,0.0482048
0,0,0.0484956
0,0,0.0485651
0,0,0.048655
0,0,0.0490209
0,0,0.049223
0,0,0.0493292
0,0,0.0494354
0,0,0.0495597
0,0,0.0495727
0,0,0.0497078
0,0,0.0499567
0,0,0.0499829
0,0,0.0501167
0,0,0.0502332
0,0,0.0503446
0,0,0.050456
0,0,0.0504604
0,0,0.0504815
0,0,0.0505115
0,0,0.0506388
0,0,0.050709
0,0,0.0507278
0,0,0.0507588
0,0,0.0508701
0,0,0.0510482
0,0,0.051127
0,0,0.0511451
0,0,0.0511482
0,0,0.0511987
0,0,0.051302
0,0,0.0513539
0,0,0.0515348
0,0,0.0517004
0,0,0.051709
0,0,0.0518283
0,0,0.0520141
0,0,0.052023
0,0,0.0520912
0,0,0.0521181
0,0,0.0523517
0,0,0.0523523
0,0,0.0525309
0,0,0.0527719
0,0,0.0528131
0,0,0.0528602
0,0,0.0529553
0,0,0.053044
0,0,0.0531057
0,0,0.0534125
0,0,0.0534506
0,0,0.0534514
0,0,0.0535426
0,0,0.0537953
0,0,0.0539408
0,0,0.0539819
0,0,0.0540597
0,0,0.0541036
0,0,0.0543269
0,0,0.0543674
0,0,0.0544589
0,0,0.0544904
0,0,0.0545685
0,0,0.0545694
0,0,0.0549163
0,0,0.0549214
0,0,0.0549689
0,0,0.0551008
0,0,0.0551649
0,0,0.0552564
0,0,0.0552812
0,0,0.055299
0,0,0.0554281
0,0,0.0558988
0,0,0.055906
0,0,0.0559331
0,0,0.0560373
0,0,0.0560384
0,0,0.0560506
0,0,0.0562962
0,0,0.0563127
0,0,0.0563177
0,0,0.0564517
0,0,0.0564758
0,0,0.0565529
0,0,0.0565902
0,0,0.0566066
0,0,0.057103
0,0,0.0571566
0,0,0.0572256
0,0,0.0572449
0,0,0.0572712
0,0,0.0572953
0,0,0.0573862
0,0,0.0573939
0,0,0.0576526
0,0,0.0577944
0,0,0.0578583
0,0,0.0581095
0,0,0.0581162
0,0,0.0582074
0,0,0.0583801
0,0,0.0583836
0,0,0.0583983
0,0,0.0585067
0,0,0.058568
0,0,0.0585828
0,0,0.0586053
0,0,0.0587053
0,0,0.0587424
0,0,0.0587618
0,0,0.058796
0,0,0.0588783
0,0,0.0589642
0,0,0.0590274
0,0,0.0590938
0,0,0.0591145
0,0,0.059207
0,0,0.059278
0,0,0.0592989
0,0,0.0594489
0,0,0.0595271
0,0,0.0595506
0,0,0.0596477
0,0,0.0596589
0,0,0.0598865
0,0,0.0600499
0,0,0.0602774
0,0,0.0604058
0,0,0.0604198
0,0,0.0606461
0,0,0.0607712
0,0,0.0608242
0,0,0.0608489
0,0,0.0608961
0,0,0.0609383
0,0,0.0610509
0,0,0.0610756
0,0,0.0610797
0,0,0.061601
0,0,0.0617758
0,0,0.0618427
0,0,0.0618531
0,0,0.0618897
0,0,0.0619293
0,0,0.0620079
0,0,0.0620757
0,0,0.0621614
0,0,0.0621923
0,0,0.0622326
0,0,0.0622862
0,0,0.0624219
0,0,0.0624648
0,0,0.0625693
0,0,0.0625892
0,0,0.0627035
0,0,0.0627322
0,0,0.0627688
0,0,0.0627934
0,0,0.0628686
0,0,0.0630787
0,0,0.0630963
0,0,0.0631052
0,0,0.0631673
0,0,0.0632351
0,0,0.06324
0,0,0.0632855
0,0,0.0633249
0,0,0.0633381
0,0,0.0633986
0,0,0.0634182
0,0,0.0634689
0,0,0.0635662
0,0,0.0636929
0,0,0.0637213
0,0,0.063786
0,0,0.0638169
0,0,0.0639264
0,0,0.0639991
0,0,0.0640433
0,0,0.0640946
0,0,0.0641606
0,0,0.0642252
0,0,0.0642329
0,0,0.0642419
0,0,0.0643715
0,0,0.064618
0,0,0.064645
0,0,0.0647861
0,0,0.0648098
0,0,0.0648588
0,0,0.0648653
0,0,0.0649247
0,0,0.0649728
0,0,0.0649862
0,0,0.0649877
0,0,0.0650805
0,0,0.0651267
0,0,0.0656208
0,0,0.065716
0,0,0.0657479
0,0,0.0658849
0,0,0.0659483
0,0,0.0660711
0,0,0.0660994
0,0,0.0661002
0,0,0.0662509
0,0,0.0663795
0,0,0.0663953
0,0,0.0664065
0,0,0.0666364
0,0,0.0669121
0,0,0.0669238
0,0,0.067021
0,0,0.0670902
0,0,0.0672156
0,0,0.0672352
0,0,0.0673533
0,0,0.0673706
0,0,0.0674645
0,0,0.067478
0,0,0.0676462
0,0,0.0678276
0,0,0.0678468
0,0,0.0679291
0,0,0.067945
0,0,0.0680281
0,0,0.0681327
0,0,0.0681613
0,0,0.0682739
0,0,0.068285
0,0,0.068296
0,0,0.0683111
0,0,0.0683983
0,0,0.0685174
0,0,0.0689193
0,0,0.0690298
0,0,0.0690647
0,0,0.0690703
0,0,0.0691034
0,0,0.0691064
0,0,0.069152
0,0,0.0692934
0,0,0.0693025
0,0,0.0693048
0,0,0.0693112
0,0,0.0693693
0,0,0.0693718
0,0,0.0694988
0,0,0.0696229
0,0,0.0696804
0,0,0.0697172
0,0,0.0699504
0,0,0.0700414
0,0,0.070099
0,0,0.0701713
0,0,0.0703912
0,0,0.0704319
0,0,0.0706805
0,0,0.0707118
0,0,0.0708647
0,0,0.0709711
0,0,0.0710489
0,0,0.0711221
0,0,0.0711241
0,0,0.0711547
0,0,0.0711867
0,0,0.0711891
0,0,0.071242
0,0,0.0712751
0,0,0.0712877
0,0,0.0713383
0,0,0.0714036
0,0,0.0714348
0,0,0.0715135
0,0,0.0715142
0,0,0.0715298
0,0,0.0716924
0,0,0.0717088
0,0,0.0717315
0,0,0.071781
0,0,0.0719665
0,0,0.0720121
0,0,0.0720533
0,0,0.0720652
0,0,0.072074
0,0,0.0720806
0,0,0.0721514
0,0,0.0722321
0,0,0.0722347
0,0,0.0723971
0,0,0.0724805
0,0,0.0725031
0,0,0.0726153
0,0,0.0726389
0,0,0.0727137
0,0,0.0727146
0,0,0.0727153
0,0,0.0728619
0,0,0.0728691
0,0,0.0730713
0,0,0.0730875
0,0,0.0730939
0,0,0.0730949
0,0,0.0731763
0,0,0.0733907
0,0,0.0734409
0,0,0.0737811
0,0,0.0737877
0,0,0.0738834
0,0,0.0741861
0,0,0.0742902
0,0,0.0745687
0,0,0.0745702
0,0,0.0746686
0,0,0.0747377
0,0,0.0747655
0,0,0.0747736
0,0,0.0747757
0,0,0.0748685
0,0,0.074996
0,0,0.0750054
0,0,0.0750805
0,0,0.0751166
0,0,0.0752626
0,0,0.0752674
0,0,0.0754543
0,0,0.0754846
0,0,0.0755541
0,0,0.0755657
0,0,0.0756063
0,0,0.0756934
0,0,0.0758491
0,0,0.0758652
0,0,0.0758683
0,0,0.0758805
0,0,0.0759631
0,0,0.0759806
0,0,0.0760291
0,0,0.076074
0,0,0.0760916
0,0,0.0761327
0,0,0.0762074
0,0,0.0762634
0,0,0.0763532
0,0,0.0764603
0,0,0.076547
0,0,0.0766461
0,0,0.0766536
0,0,0.0766772
0,0,0.0766778
0,0,0.0766871
0,0,0.0767369
0,0,0.0767673
0,0,0.0768025
0,0,0.0768391
0,0,0.0768508
0,0,0.076867
0,0,0.0769874
0,0,0.0770699
0,0,0.0771065
0,0,0.0772386
0,0,0.077267
0,0,0.0772773
0,0,0.0772907
0,0,0.0773942
0,0,0.0774183
0,0,0.0774454
0,0,0.0775545
0,0,0.0775783
0,0,0.0776939
0,0,0.0777014
0,0,0.0777387
0,0,0.0778251
0,0,0.0778419
0,0,0.0778597
0,0,0.0779011
0,0,0.0780199
0,0,0.0783628
0,0,0.0784219
0,0,0.0785335
0,0,0.0785859
0,0,0.0786274
0,0,0.0786289
0,0,0.0786581
0,0,0.0786942
0,0,0.0787129
0,0,0.0787631
0,0,0.0789435
0,0,0.0794074
0,0,0.0794535
0,0,0.0795293
0,0,0.0795419
0,0,0.0795463
0,0,0.0797087
0,0,0.0797555
0,0,0.0797565
0,0,0.0798035
0,0,0.0799208
0,0,0.0799895
0,0,0.0800132
0,0,0.0801547
0,0,0.080177
0,0,0.0804286
0,0,0.0804712
0,0,0.0805943
0,0,0.0806535
0,0,0.0806821
0,0,0.0807581
0,0,0.0808245
0,0,0.080899
0,0,0.0809376
0,0,0.0810349
0,0,0.0810457
0,0,0.081059
0,0,0.0810659
0,0,0.0811599
0,0,0.0812503
0,0,0.0812514
0,0,0.0812544
0,0,0.081427
0,0,0.0814312
0,0,0.0814752
0,0,0.0814765
0,0,0.0815298
0,0,0.0816377
0,0,0.081698
0,0,0.0818581
0,0,0.081898
0,0,0.0819034
0,0,0.0819345
0,0,0.0819737
0,0,0.0821125
0,0,0.0821439
0,0,0.0822069
0,0,0.0823039
0,0,0.0823325
0,0,0.0824775
0,0,0.0825076
0,0,0.0825592
0,0,0.0825864
0,0,0.0826934
0,0,0.0827634
0,0,0.0828151
0,0,0.082836
0,0,0.0828495
0,0,0.0829205
0,0,0.0830184
0,0,0.0830645
0,0,0.0830669
0,0,0.0831969
0,0,0.0832021
0,0,0.0832046
0,0,0.0832174
0,0,0.0832751
0,0,0.0833007
0,0,0.0833314
0,0,0.0834538
0,0,0.0835152
0,0,0.0835153
0,0,0.0835395
0,0,0.0836235
0,0,0.0838568
0,0,0.0838949
0,0,0.083951
0,0,0.0839712
0,0,0.0840748
0,0,0.084379
0,0,0.0843847
0,0,0.0844393
0,0,0.0844566
0,0,0.0844583
0,0,0.0844715
0,0,0.0845436
0,0,0.0845484
0,0,0.0845573
0,0,0.0847491
0,0,0.0848047
0,0,0.0848197
0,0,0.0848215
0,0,0.0848296
0,0,0.0848402
0,0,0.0848702
0,0,0.0848791
0,0,0.0850228
0,0,0.0850235
0,0,0.085036
0,0,0.0850621
0,0,0.0851467
0,0,0.0852155
0,0,0.0852233
0,0,0.085238
0,0,0.0854285
0,0,0.0854374
0,0,0.0854394
0,0,0.085475
0,0,0.0854878
0,0,0.0854904
0,0,0.0854907
0,0,0.0855629
0,0,0.085653
0,0,0.0858303
0,0,0.0859205
0,0,0.0861063
0,0,0.0861431
0,0,0.0861478
0,0,0.0861485
0,0,0.0861652
0,0,0.086234
0,0,0.0862436
0,0,0.0862797
0,0,0.0864324
0,0,0.0864647
0,0,0.0865341
0,0,0.0866723
0,0,0.0867137
0,0,0.0868106
0,0,0.086992
0,0,0.0871361
0,0,0.0871982
0,0,0.0871985
0,0,0.0872023
0,0,0.0873206
0,0,0.0875014
0,0,0.0877438
0,0,0.0879061
0,0,0.0879389
0,0,0.0879581
0,0,0.0879645
0,0,0.0879765
0,0,0.0879773
0,0,0.087986
0,0,0.0880037
0,0,0.0880593
0,0,0.0880877
0,0,0.0882299
0,0,0.0882561
0,0,0.0882772
0,0,0.0883223
0,0,0.0883429
0,0,0.0883715
0,0,0.0884028
0,0,0.0884285
0,0,0.088437
0,0,0.0887147
0,0,0.0887443
0,0,0.0887823
0,0,0.0888541
0,0,0.088914
0,0,0.0889623
0,0,0.0889915
0,0,0.0890081
0,0,0.0890534
0,0,0.0891023
0,0,0.0891165
0,0,0.0891233
0,0,0.0891989
0,0,0.0892006
0,0,0.0892098
0,0,0.0892562
0,0,0.0892639
0,0,0.0894801
0,0,0.0896238
0,0,0.0896525
0,0,0.0897062
0,0,0.08971
0,0,0.0897729
0,0,0.0898232
0,0,0.0898604
0,0,0.0898863
0,0,0.089888
0,0,0.0899105
0,0,0.0899198
0,0,0.0899514
0,0,0.0899626
0,0,0.0899866
0,0,0.0900377
0,0,0.0901448
0,0,0.0901895
0,0,0.0902737
0,0,0.0902862
0,0,0.0903195
0,0,0.090352
0,0,0.0903919
0,0,0.0904322
0,0,0.0908008
0,0,0.0908422
0,0,0.0908688
0,0,0.0909942
0,0,0.0910977
0,0,0.0911146
0,0,0.0912438
0,0,0.0913315
0,0,0.091446
0,0,0.0914563
0,0,0.091473
0,0,0.0915159
0,0,0.0917618
0,0,0.0918144
0,0,0.0918201
0,0,0.0918202
0,0,0.0918763
0,0,0.0918798
0,0,0.0918956
0,0,0.0918984
0,0,0.0921213
0,0,0.0922904
0,0,0.0922956
0,0,0.0923032
0,0,0.09233
0,0,0.0923916
0,0,0.0924651
0,0,0.0924697
0,0,0.0924745
0,0,0.0925195
0,0,0.0925472
0,0,0.0926466
0,0,0.0927124
0,0,0.0927308
0,0,0.0928049
0,0,0.0930078
0,0,0.09301
0,0,0.0930793
0,0,0.0932454
0,0,0.0933437
0,0,0.093353
0,0,0.0934703
0,0,0.0936083
0,0,0.0936146
0,0,0.0936446
0,0,0.0936756
0,0,0.0936929
0,0,0.0937578
0,0,0.0937723
0,0,0.093787
0,0,0.0939967
0,0,0.0941157
0,0,0.0943593
0,0,0.0944094
0,0,0.0944496
0,0,0.0945113
0,0,0.0948052
0,0,0.0948727
0,0,0.0948961
0,0,0.0951409
0,0,0.0953425
0,0,0.0954479
0,0,0.0954509
0,0,0.0954587
0,0,0.0956811
0,0,0.0957182
0,0,0.0958238
0,0,0.0958291
0,0,0.0958691
0,0,0.0959756
0,0,0.0960545
0,0,0.0961571
0,0,0.0963019
0,0,0.0963086
0,0,0.0963809
0,0,0.0964034
0,0,0.0964873
0,0,0.0965818
0,0,0.0965935
0,0,0.0965952
0,0,0.0966069
0,0,0.0966591
0,0,0.0966656
0,0,0.0966891
0,0,0.0968042
0,0,0.0968249
0,0,0.096875
0,0,0.0968796
0,0,0.0968856
0,0,0.0968992
0,0,0.0969305
0,0,0.0970497
0,0,0.097107
0,0,0.0971216
0,0,0.097162
0,0,0.0973438
0,0,0.0973997
0,0,0.0974157
0,0,0.0974901
0,0,0.0974916
0,0,0.0974997
0,0,0.097513
0,0,0.0977173
0,0,0.0977797
0,0,0.0978175
0,0,0.0978423
0,0,0.0978531
0,0,0.0978576
0,0,0.098099
0,0,0.0981891
0,0,0.098289
0,0,0.0983271
0,0,0.0983351
0,0,0.0983523
0,0,0.0983765
0,0,0.0984016
0,0,0.0985055
0,0,0.0986848
0,0,0.0987127
0,0,0.0987592
0,0,0.0988228
0,0,0.0988546
0,0,0.0988585
0,0,0.0989239
0,0,0.0989704
0,0,0.0990043
0,0,0.0990473
0,0,0.0990562
0,0,0.0992699
0,0,0.0992711
0,0,0.0992775
0,0,0.0993056
0,0,0.0993496
0,0,0.0993606
0,0,0.0993863
0,0,0.0994548
0,0,0.0995073
0,0,0.0996147
0,0,0.0997056
0,0,0.0997824
0,0,0.0998001
0,0,0.0998418
0,0,0.100132
0,0,0.100169
0,0,0.100187
0,0,0.100335
0,0,0.100416
0,0,0.100473
0,0,0.100506
0,0,0.100543
0,0,0.100592
0,0,0.100614
0,0,0.100723
0,0,0.100875
0,0,0.10093
0,0,0.100932
0,0,0.101078
0,0,0.101268
0,0,0.101271
0,0,0.101394
0,0,0.101483
0,0,0.101491
0,0,0.101536
0,0,0.101685
0,0,0.101718
0,0,0.101729
0,0,0.101762
0,0,0.101941
0,0,0.101947
0,0,0.102091
0,0,0.102129
0,0,0.102177
0,0,0.102205
0,0,0.102275
0,0,0.102295
0,0,0.102423
0,0,0.102505
0,0,0.102518
0,0,0.102527
0,0,0.102604
0,0,0.102631
0,0,0.102845
0,0,0.102947
0,0,0.102993
0,0,0.103033
0,0,0.103268
0,0,0.103339
0,0,0.103446
0,0,0.103472
0,0,0.103482
0,0,0.103577
0,0,0.103647
0,0,0.10386
0,0,0.103957
0,0,0.104131
0,0,0.104137
0,0,0.104145
0,0,0.104171
0,0,0.104199
0,0,0.10421
0,0,0.104369
0,0,0.104385
0,0,0.104386
0,0,0.104409
0,0,0.104454
0,0,0.104496
0,0,0.104514
0,0,0.104574
0,0,0.104627
0,0,0.104648
0,0,0.1048
0,0,0.104825
0,0,0.104942
0,0,0.105119
0,0,0.105289
0,0,0.105313
0,0,0.105355
0,0,0.105444
0,0,0.105651
0,0,0.105657
0,0,0.105707
0,0,0.105834
0,0,0.105848
0,0,0.1059
0,0,0.105965
0,0,0.105977
0,0,0.106152
0,0,0.106174
0,0,0.106247
0,0,0.106296
0,0,0.106315
0,0,0.106406
0,0,0.106419
0,0,0.106567
0,0,0.106602
0,0,0.106709
0,0,0.106714
0,0,0.106899
0,0,0.107126
0,0,0.107127
0,0,0.107135
0,0,0.107229
0,0,0.107256
0,0,0.107369
0,0,0.10738
0,0,0.107433
0,0,0.107572
0,0,0.107585
0,0,0.107586
0,0,0.107665
0,0,0.107701
0,0,0.107809
0,0,0.107825
0,0,0.107894
0,0,0.108052
0,0,0.108061
0,0,0.108066
0,0,0.108118
0,0,0.108153
0,0,0.108164
0,0,0.10817
0,0,0.108304
0,0,0.108356
0,0,0.108547
0,0,0.108623
0,0,0.10867
0,0,0.108738
0,0,0.10903
0,0,0.109095
0,0,0.109346
0,0,0.109474
0,0,0.109527
0,0,0.109529
0,0,0.109644
0,0,0.109682
0,0,0.109817
0,0,0.109832
0,0,0.110017
0,0,0.110165
0,0,0.110175
0,0,0.110297
0,0,0.110349
0,0,0.11037
0,0,0.110393
0,0,0.110496
0,0,0.110632
0,0,0.110866
0,0,0.110944
0,0,0.110985
0,0,0.111036
0,0,0.111062
0,0,0.111293
0,0,0.111344
0,0,0.111476
0,0,0.111478
0,0,0.111557
0,0,0.111591
0,0,0.111625
0,0,0.111705
0,0,0.111752
0,0,0.111813
0,0,0.111893
0,0,0.111903
0,0,0.111913
0,0,0.111916
0,0,0.111917
0,0,0.111996
0,0,0.112273
0,0,0.112316
0,0,0.11234
0,0,0.112435
0,0,0.112496
0,0,0.112664
0,0,0.112695
0,0,0.112725
0,0,0.112782
0,0,0.113027
0,0,0.113089
0,0,0.113092
0,0,0.113163
0,0,0.113329
0,0,0.113525
0,0,0.113641
0,0,0.113731
0,0,0.113826
0,0,0.113992
0,0,0.114002
0,0,0.114035
0,0,0.114111
0,0,0.114315
0,0,0.114334
0,0,0.114358
0,0,0.114439
0,0,0.114509
0,0,0.114519
0,0,0.114533
0,0,0.114697
0,0,0.114759
0,0,0.114811
0,0,0.114857
0,0,0.114974
0,0,0.114989
0,0,0.11501
0,0,0.11507
0,0,0.115232
0,0,0.115269
0,0,0.11533
0,0,0.115384
0,0,0.115385
0,0,0.115577
0,0,0.115604
0,0,0.115616
0,0,0.115688
0,0,0.115832
0,0,0.116006
0,0,0.116056
0,0,0.116203
0,0,0.116289
0,0,0.116369
0,0,0.116406
0,0,0.116588
0,0,0.1166
0,0,0.116678
0,0,0.116736
0,0,0.116774
0,0,0.11695
0,0,0.117038
0,0,0.117067
0,0,0.117178
0,0,0.117187
0,0,0.117215
0,0,0.11727
0,0,0.117277
0,0,0.117332
0,0,0.117496
0,0,0.117612
0,0,0.117676
0,0,0.117822
0,0,0.117842
0,0,0.117895
0,0,0.117962
0,0,0.118138
0,0,0.118238
0,0,0.118283
0,0,0.118338
0,0,0.118434
0,0,0.118612
0,0,0.11875
0,0,0.118884
0,0,0.118898
0,0,0.119156
0,0,0.119248
0,0,0.11931
0,0,0.119534
0,0,0.11955
0,0,0.119602
0,0,0.119627
0,0,0.119641
0,0,0.119738
0,0,0.119907
0,0,0.11992
0,0,0.119951
0,0,0.120028
0,0,0.120099
0,0,0.120136
0,0,0.120252
0,0,0.120305
0,0,0.120441
0,0,0.120479
0,0,0.120617
0,0,0.120728
0,0,0.120911
0,0,0.121001
0,0,0.121011
0,0,0.121041
0,0,0.121115
0,0,0.121322
0,0,0.121398
0,0,0.121485
0,0,0.121486
0,0,0.121818
0,0,0.121862
0,0,0.121881
0,0,0.121973
0,0,0.122004
0,0,0.122045
0,0,0.122185
0,0,0.122194
0,0,0.122284
0,0,0.122542
0,0,0.122644
0,0,0.122883
0,0,0.122899
0,0,0.123082
0,0,0.123179
0,0,0.123232
0,0,0.123293
0,0,0.123314
0,0,0.123331
0,0,0.123376
0,0,0.123399
0,0,0.123409
0,0,0.12345
0,0,0.123481
0,0,0.123662
0,0,0.123788
0,0,0.123794
0,0,0.123794
0,0,0.123848
0,0,0.124024
0,0,0.124067
0,0,0.124137
0,0,0.124442
0,0,0.124456
0,0,0.124702
0,0,0.12479
0,0,0.124867
0,0,0.124954
0,0,0.12504
0,0,0.125168
0,0,0.125169
0,0,0.125276
0,0,0.125291
0,0,0.125481
0,0,0.12553
0,0,0.125554
0,0,0.125631
0,0,0.125775
0,0,0.125928
0,0,0.126046
0,0,0.126061
0,0,0.126144
0,0,0.126294
0,0,0.126403
0,0,0.126609
0,0,0.126671
0,0,0.126883
0,0,0.126922
0,0,0.126972
0,0,0.127124
0,0,0.127207
0,0,0.127347
0,0,0.127397
0,0,0.127398
0,0,0.127532
0,0,0.127578
0,0,0.127655
0,0,0.12776
0,0,0.127901
0,0,0.127981
0,0,0.128013
0,0,0.128237
0,0,0.128249
0,0,0.128274
0,0,0.128331
0,0,0.128345
0,0,0.128432
0,0,0.128583
0,0,0.128608
0,0,0.128663
0,0,0.128685
0,0,0.128758
0,0,0.128819
0,0,0.128843
0,0,0.128881
0,0,0.128902
0,0,0.12902
0,0,0.129041
0,0,0.129171
0,0,0.129189
0,0,0.129233
0,0,0.129315
0,0,0.129608
0,0,0.12961
0,0,0.129624
0,0,0.129661
0,0,0.129741
0,0,0.129896
0,0,0.129939
0,0,0.129974
0,0,0.129983
0,0,0.130017
0,0,0.130028
0,0,0.130103
0,0,0.130175
0,0,0.130296
0,0,0.130391
0,0,0.130391
0,0,0.13056
0,0,0.130842
0,0,0.130893
0,0,0.130935
0,0,0.130982
0,0,0.130993
0,0,0.131066
0,0,0.131143
0,0,0.131172
0,0,0.131222
0,0,0.131226
0,0,0.131325
0,0,0.131411
0,0,0.131762
0,0,0.131849
0,0,0.131945
0,0,0.132132
0,0,0.132213
0,0,0.132214
0,0,0.132234
0,0,0.132267
0,0,0.132282
0,0,0.132346
0,0,0.132389
0,0,0.132426
0,0,0.132748
0,0,0.132758
0,0,0.132766
0,0,0.132822
0,0,0.132861
0,0,0.132903
0,0,0.133263
0,0,0.133293
0,0,0.133301
0,0,0.133547
0,0,0.133567
0,0,0.133624
0,0,0.133774
0,0,0.133915
0,0,0.133931
0,0,0.13396
0,0,0.133999
0,0,0.134081
0,0,0.134281
0,0,0.134303
0,0,0.134385
0,0,0.13445
0,0,0.134549
0,0,0.134568
0,0,0.134637
0,0,0.134719
0,0,0.134848
0,0,0.134911
0,0,0.135162
0,0,0.135275
0,0,0.135455
0,0,0.135473
0,0,0.135523
0,0,0.135722
0,0,0.135737
0,0,0.135749
0,0,0.135773
0,0,0.135976
0,0,0.136366
0,0,0.136397
0,0,0.136401
0,0,0.136438
0,0,0.13646
0,0,0.136822
0,0,0.136859
0,0,0.13694
0,0,0.136941
0,0,0.137142
0,0,0.137235
0,0,0.137251
0,0,0.137293
0,0,0.137314
0,0,0.137371
0,0,0.137571
0,0,0.137574
0,0,0.137849
0,0,0.138054
0,0,0.138139
0,0,0.13822
0,0,0.138472
0,0,0.138505
0,0,0.138571
0,0,0.138607
0,0,0.138676
0,0,0.138698
0,0,0.138767
0,0,0.138801
0,0,0.138878
0,0,0.138915
0,0,0.13894
0,0,0.139093
0,0,0.139096
0,0,0.139216
0,0,0.13938
0,0,0.139596
0,0,0.139701
0,0,0.139734
0,0,0.139972
0,0,0.140002
0,0,0.140112
0,0,0.140131
0,0,0.140157
0,0,0.140279
0,0,0.140335
0,0,0.140353
0,0,0.140452
0,0,0.140509
0,0,0.140591
0,0,0.140651
0,0,0.140725
0,0,0.140747
0,0,0.140786
0,0,0.141006
0,0,0.141064
0,0,0.141064
0,0,0.141135
0,0,0.141271
0,0,0.14128
0,0,0.141296
0,0,0.141372
0,0,0.141489
0,0,0.141607
0,0,0.141678
0,0,0.141721
0,0,0.141806
0,0,0.141875
0,0,0.141876
0,0,0.141882
0,0,0.141903
0,0,0.141921
0,0,0.142115
0,0,0.142128
0,0,0.14221
0,0,0.142236
0,0,0.142366
0,0,0.142669
0,0,0.142857
0,0,0.142863
0,0,0.142954
0,0,0.143036
0,0,0.143196
0,0,0.143235
0,0,0.143239
0,0,0.143305
0,0,0.143436
0,0,0.143813
0,0,0.143857
0,0,0.143859
0,0,0.144012
0,0,0.144029
0,0,0.144063
0,0,0.14409
0,0,0.144123
0,0,0.144447
0,0,0.144551
0,0,0.144577
0,0,0.144629
0,0,0.14463
0,0,0.144663
0,0,0.144792
0,0,0.144825
0,0,0.144831
0,0,0.144888
0,0,0.144999
0,0,0.145085
0,0,0.145124
0,0,0.145149
0,0,0.145239
0,0,0.145323
0,0,0.14535
0,0,0.145417
0,0,0.145513
0,0,0.145705
0,0,0.14593
0,0,0.146016
0,0,0.146067
0,0,0.146371
0,0,0.146436
0,0,0.146513
0,0,0.146544
0,0,0.146639
0,0,0.146768
0,0,0.146797
0,0,0.146805
0,0,0.14687
0,0,0.146967
0,0,0.146984
0,0,0.147057
0,0,0.147344
0,0,0.147379
0,0,0.14743
0,0,0.14746
0,0,0.147468
0,0,0.147468
0,0,0.147512
0,0,0.147836
0,0,0.147999
0,0,0.148295
0,0,0.148355
0,0,0.148442
0,0,0.148525
0,0,0.148547
0,0,0.148608
0,0,0.148742
0,0,0.148825
0,0,0.148968
0,0,0.148993
0,0,0.149052
0,0,0.149126
0,0,0.149145
0,0,0.149483
0,0,0.149697
0,0,0.149748
0,0,0.149872
0,0,0.149974
0,0,0.150002
0,0,0.15013
0,0,0.150158
0,0,0.150339
0,0,0.150522
0,0,0.150664
0,0,0.150697
0,0,0.150714
0,0,0.150756
0,0,0.15079
0,0,0.150842
0,0,0.15103
0,0,0.151192
0,0,0.151231
0,0,0.151238
0,0,0.151276
0,0,0.151634
0,0,0.151712
0,0,0.151723
0,0,0.151802
0,0,0.15191
0,0,0.151945
0,0,0.152031
0,0,0.152079
0,0,0.152127
0,0,0.152333
0,0,0.152371
0,0,0.152458
0,0,0.152592
0,0,0.152595
0,0,0.15268
0,0,0.152853
0,0,0.15291
0,0,0.153088
0,0,0.153138
0,0,0.153564
0,0,0.153919
0,0,0.154086
0,0,0.15409
0,0,0.154264
0,0,0.154296
0,0,0.154322
0,0,0.154322
0,0,0.154698
0,0,0.154729
0,0,0.154879
0,0,0.155012
0,0,0.155036
0,0,0.155413
0,0,0.155417
0,0,0.155434
0,0,0.155457
0,0,0.155499
0,0,0.155507
0,0,0.155606
0,0,0.155614
0,0,0.155728
0,0,0.155764
0,0,0.156003
0,0,0.156005
0,0,0.156133
0,0,0.156171
0,0,0.156195
0,0,0.156363
0,0,0.156766
0,0,0.156891
0,0,0.157008
0,0,0.157191
0,0,0.1572
0,0,0.157728
0,0,0.15784
0,0,0.157985
0,0,0.158175
0,0,0.158252
0,0,0.158263
0,0,0.158359
0,0,0.158731
0,0,0.158801
0,0,0.158966
0,0,0.159067
0,0,0.159147
0,0,0.159198
0,0,0.159377
0,0,0.159508
0,0,0.159548
0,0,0.159551
0,0,0.159641
0,0,0.159681
0,0,0.15971
0,0,0.159736
0,0,0.159775
0,0,0.159844
0,0,0.160065
0,0,0.160396
0,0,0.160528
0,0,0.160658
0,0,0.161076
0,0,0.161166
0,0,0.161201
0,0,0.16152
0,0,0.161758
0,0,0.161909
0,0,0.161992
0,0,0.16209
0,0,0.162178
0,0,0.162369
0,0,0.162421
0,0,0.162481
0,0,0.162527
0,0,0.162537
0,0,0.162605
0,0,0.162727
0,0,0.162776
0,0,0.162817
0,0,0.162835
0,0,0.162972
0,0,0.162976
0,0,0.163056
0,0,0.163131
0,0,0.163207
0,0,0.16323
0,0,0.163385
0,0,0.16339
0,0,0.163482
0,0,0.163488
0,0,0.163522
0,0,0.163679
0,0,0.163787
0,0,0.163868
0,0,0.163905
0,0,0.163969
0,0,0.164094
0,0,0.164151
0,0,0.164469
0,0,0.164768
0,0,0.164947
0,0,0.165093
0,0,0.165161
0,0,0.165283
0,0,0.165299
0,0,0.165488
0,0,0.165563
0,0,0.165752
0,0,0.165857
0,0,0.165881
0,0,0.165927
0,0,0.166055
0,0,0.166087
0,0,0.166271
0,0,0.166405
0,0,0.166453
0,0,0.166467
0,0,0.166574
0,0,0.166824
0,0,0.166828
0,0,0.166908
0,0,0.166922
0,0,0.167162
0,0,0.16746
0,0,0.167602
0,0,0.167662
0,0,0.167885
0,0,0.167953
0,0,0.168037
0,0,0.168095
0,0,0.168232
0,0,0.168277
0,0,0.168931
0,0,0.168947
0,0,0.168994
0,0,0.169206
0,0,0.169322
0,0,0.170104
0,0,0.170335
0,0,0.170815
0,0,0.170964
0,0,0.171299
0,0,0.171353
0,0,0.171521
0,0,0.17159
0,0,0.171766
0,0,0.171767
0,0,0.172459
0,0,0.172629
0,0,0.172829
0,0,0.173024
0,0,0.173182
0,0,0.173184
0,0,0.173429
0,0,0.17354
0,0,0.173608
0,0,0.173712
0,0,0.174022
0,0,0.174499
0,0,0.174652
0,0,0.174665
0,0,0.174689
0,0,0.174972
0,0,0.174983
0,0,0.17522
0,0,0.175338
0,0,0.175483
0,0,0.175788
0,0,0.176133
0,0,0.176323
0,0,0.176339
0,0,0.176399
0,0,0.176628
0,0,0.176767
0,0,0.176998
0,0,0.177081
0,0,0.177191
0,0,0.177761
0,0,0.177864
0,0,0.177865
0,0,0.177922
0,0,0.178574
0,0,0.178697
0,0,0.1788
0,0,0.178849
0,0,0.178854
0,0,0.178891
0,0,0.17918
0,0,0.179254
0,0,0.17929
0,0,0.179318
0,0,0.179478
0,0,0.179552
0,0,0.179596
0,0,0.179638
0,0,0.179875
0,0,0.179895
0,0,0.179922
0,0,0.180619
0,0,0.180789
0,0,0.180817
0,0,0.18101
0,0,0.181104
0,0,0.1813
0,0,0.181726
0,0,0.181729
0,0,0.18186
0,0,0.181938
0,0,0.181972
0,0,0.182021
0,0,0.18205
0,0,0.18206
0,0,0.182256
0,0,0.182885
0,0,0.183122
0,0,0.183339
0,0,0.183641
0,0,0.183912
0,0,0.184024
0,0,0.18407
0,0,0.184091
0,0,0.184193
0,0,0.184668
0,0,0.184761
0,0,0.184893
0,0,0.184905
0,0,0.185262
0,0,0.185668
0,0,0.185805
0,0,0.185829
0,0,0.185975
0,0,0.186056
0,0,0.186293
0,0,0.186389
0,0,0.186445
0,0,0.186475
0,0,0.186734
0,0,0.186832
0,0,0.187
0,0,0.18702
0,0,0.18853
0,0,0.188724
0,0,0.188841
0,0,0.188914
0,0,0.189005
0,0,0.18926
0,0,0.189504
0,0,0.189916
0,0,0.190321
0,0,0.190336
0,0,0.190375
0,0,0.19076
0,0,0.191063
0,0,0.191324
0,0,0.19148
0,0,0.191951
0,0,0.193034
0,0,0.19304
0,0,0.194079
0,0,0.194455
0,0,0.194525
0,0,0.194682
0,0,0.194746
0,0,0.194942
0,0,0.195657
0,0,0.196022
0,0,0.196199
0,0,0.197213
0,0,0.197354
0,0,0.197536
0,0,0.197613
0,0,0.197696
0,0,0.197734
0,0,0.197852
0,0,0.198136
0,0,0.19817
0,0,0.198203
0,0,0.198549
0,0,0.198752
0,0,0.198798
0,0,0.19941
0,0,0.199491
0,0,0.199621
0,0,0.199941
0,0,0.199979
0,0,0.200304
0,0,0.200554
0,0,0.200637
0,0,0.200784
0,0,0.20148
0,0,0.201923
0,0,0.202092
0,0,0.202336
0,0,0.202551
0,0,0.202772
0,0,0.20293
0,0,0.203131
0,0,0.203148
0,0,0.203542
0,0,0.203617
0,0,0.203634
0,0,0.204297
0,0,0.204546
0,0,0.204625
0,0,0.204632
0,0,0.20501
0,0,0.205093
0,0,0.205604
0,0,0.205787
0,0,0.20582
0,0,0.206378
0,0,0.206493
0,0,0.206521
0,0,0.206627
0,0,0.207304
0,0,0.207323
0,0,0.207679
0,0,0.20785
0,0,0.20814
0,0,0.20823
0,0,0.208408
0,0,0.208736
0,0,0.208756
0,0,0.208977
0,0,0.209004
0,0,0.209065
0,0,0.20914
0,0,0.209467
0,0,0.209491
0,0,0.209599
0,0,0.210012
0,0,0.21019
0,0,0.210455
0,0,0.210526
0,0,0.210811
0,0,0.210893
0,0,0.211184
0,0,0.211189
0,0,0.211258
0,0,0.211516
0,0,0.211917
0,0,0.212011
0,0,0.212601
0,0,0.212733
0,0,0.212898
0,0,0.213025
0,0,0.213229
0,0,0.21367
0,0,0.213751
0,0,0.214144
0,0,0.214242
0,0,0.214503
0,0,0.214622
0,0,0.214693
0,0,0.216592
0,0,0.217279
0,0,0.217365
0,0,0.217426
0,0,0.217572
0,0,0.217741
0,0,0.218588
0,0,0.218681
0,0,0.218825
0,0,0.219051
0,0,0.219205
0,0,0.219306
0,0,0.219364
0,0,0.219483
0,0,0.220011
0,0,0.220192
0,0,0.220649
0,0,0.220658
0,0,0.220977
0,0,0.221321
0,0,0.221345
0,0,0.221547
0,0,0.221681
0,0,0.221831
0,0,0.222139
0,0,0.222341
0,0,0.222439
0,0,0.222459
0,0,0.222618
0,0,0.222925
0,0,0.22295
0,0,0.223012
0,0,0.223043
0,0,0.223171
0,0,0.223181
0,0,0.223261
0,0,0.223322
0,0,0.223478
0,0,0.223714
0,0,0.223716
0,0,0.223897
0,0,0.223969
0,0,0.224041
0,0,0.225992
0,0,0.226164
0,0,0.227053
0,0,0.227271
0,0,0.227395
0,0,0.227798
0,0,0.227922
0,0,0.228127
0,0,0.228214
0,0,0.228341
0,0,0.228494
0,0,0.228585
0,0,0.228697
0,0,0.228994
0,0,0.229017
0,0,0.229265
0,0,0.229345
0,0,0.229359
0,0,0.230575
0,0,0.231471
0,0,0.231532
0,0,0.231665
0,0,0.232124
0,0,0.232277
0,0,0.23246
0,0,0.232716
0,0,0.232867
0,0,0.233762
0,0,0.233951
0,0,0.233991
0,0,0.234366
0,0,0.234425
0,0,0.234432
0,0,0.234683
0,0,0.23511
0,0,0.235717
0,0,0.235809
0,0,0.235837
0,0,0.236354
0,0,0.236553
0,0,0.236558
0,0,0.236694
0,0,0.237134
0,0,0.237838
0,0,0.237905
0,0,0.237975
0,0,0.237977
0,0,0.239015
0,0,0.239132
0,0,0.239277
0,0,0.239296
0,0,0.239427
0,0,0.239918
0,0,0.240161
0,0,0.242348
0,0,0.242529
0,0,0.243242
0,0,0.244013
0,0,0.244017
0,0,0.244027
0,0,0.244568
0,0,0.244635
0,0,0.245417
0,0,0.245524
0,0,0.245539
0,0,0.245666
0,0,0.245671
0,0,0.246132
0,0,0.246175
0,0,0.247006
0,0,0.248377
0,0,0.249346
0,0,0.249623
0,0,0.250524
0,0,0.251501
0,0,0.251643
0,0,0.251715
0,0,0.251775
0,0,0.251903
0,0,0.251977
0,0,0.252169
0,0,0.25221
0,0,0.25231
0,0,0.252417
0,0,0.252592
0,0,0.252755
0,0,0.252868
0,0,0.253197
0,0,0.25427
0,0,0.254552
0,0,0.255186
0,0,0.255492
0,0,0.256439
0,0,0.256726
0,0,0.257465
0,0,0.257523
0,0,0.257968
0,0,0.259647
0,0,0.259752
0,0,0.259944
0,0,0.259973
0,0,0.26002
0,0,0.260173
0,0,0.260497
0,0,0.260547
0,0,0.260624
0,0,0.260944
0,0,0.261507
0,0,0.261672
0,0,0.262007
0,0,0.262222
0,0,0.262654
0,0,0.262655
0,0,0.263471
0,0,0.263793
0,0,0.264456
0,0,0.264566
0,0,0.266889
0,0,0.267146
0,0,0.267431
0,0,0.268454
0,0,0.268649
0,0,0.269005
0,0,0.269243
0,0,0.26967
0,0,0.270053
0,0,0.27056
0,0,0.271919
0,0,0.272054
0,0,0.272282
0,0,0.272387
0,0,0.272648
0,0,0.272753
0,0,0.272794
0,0,0.273153
0,0,0.273636
0,0,0.274041
0,0,0.274605
0,0,0.275372
0,0,0.276466
0,0,0.276832
0,0,0.277164
0,0,0.277503
0,0,0.277539
0,0,0.277732
0,0,0.278327
0,0,0.278582
0,0,0.278595
0,0,0.278684
0,0,0.280346
0,0,0.280658
0,0,0.282394
0,0,0.282437
0,0,0.283157
0,0,0.283227
0,0,0.284273
0,0,0.284274
0,0,0.284989
0,0,0.285721
0,0,0.286961
0,0,0.287947
0,0,0.289238
0,0,0.291671
0,0,0.292726
0,0,0.293092
0,0,0.293292
0,0,0.293998
0,0,0.294262
0,0,0.294528
0,0,0.295083
0,0,0.295774
0,0,0.295999
0,0,0.296414
0,0,0.297221
0,0,0.297519
0,0,0.297861
0,0,0.299283
0,0,0.299931
0,0,0.300873
0,0,0.301298
0,0,0.301481
0,0,0.302139
0,0,0.302483
0,0,0.303658
0,0,0.304813
0,0,0.305704
0,0,0.306156
0,0,0.306873
0,0,0.307797
0,0,0.308369
0,0,0.308542
0,0,0.310306
0,0,0.311824
0,0,0.312394
0,0,0.312654
0,0,0.313243
0,0,0.313432
0,0,0.314108
0,0,0.314374
0,0,0.316792
0,0,0.318449
0,0,0.318624
0,0,0.319325
0,0,0.324207
0,0,0.326307
0,0,0.326498
0,0,0.331949
0,0,0.33252
0,0,0.334943
0,0,0.335024
0,0,0.335231
0,0,0.335825
0,0,0.336343
0,0,0.336933
0,0,0.338333
0,0,0.342493
0,0,0.343881
0,0,0.347958
0,0,0.351754
0,0,0.352701
0,0,0.355609
0,0,0.356983
0,0,0.35928
0,0,0.360452
0,0,0.362587
0,0,0.362613
0,0,0.363485
0,0,0.363726
0,0,0.364172
0,0,0.364321
0,0,0.364437
0,0,0.36501
0,0,0.365399
0,0,0.365743
0,0,0.367641
0,0,0.368192
0,0,0.368833
0,0,0.369403
0,0,0.370109
0,0,0.372113
0,0,0.372191
0,0,0.374611
0,0,0.376576
0,0,0.377869
0,0,0.378533
0,0,0.379628
0,0,0.381759
0,0,0.382004
0,0,0.382107
0,0,0.382633
0,0,0.382919
0,0,0.382963
0,0,0.383726
0,0,0.3875
0,0,0.388446
0,0,0.391823
0,0,0.39249
0,0,0.393188
0,0,0.394186
0,0,0.39593
0,0,0.399262
0,0,0.400404
0,0,0.400496
0,0,0.405698
0,0,0.407352
0,0,0.408754
0,0,0.409889
0,0,0.41074
0,0,0.412082
0,0,0.414842
0,0,0.416762
0,0,0.417761
0,0,0.417944
0,0,0.419951
0,0,0.421086
0,0,0.421635
0,0,0.437165
0,0,0.439864
0,0,0.444245
0,0,0.446098
0,0,0.448034
0,0,0.450552
0,0,0.452859
0,0,0.455587
0,0,0.461569
0,0,0.471814
0,0,0.473527
0,0,0.473599
0,0,0.479079
0,0,0.483888
0,0,0.484342
0,0,0.493215
0,0,0.496039
0,0,0.500073
0,0,0.501475
0,0,0.505796
0,0,0.506023
0,0,0.510194
0,0,0.514749
0,0,0.519699
0,0,0.526195
0,0,0.529568
0,0,0.537974
0,0,0.539238
0,0,0.540332
0,0,0.540818
0,0,0.543512
0,0,0.544866
0,0,0.551571
0,0,0.555386
0,0,0.56333
0,0,0.566702
0,0,0.575448
0,0,0.576013
0,0,0.576963
0,0,0.58682
0,0,0.598788
0,0,0.605479
0,0,0.607483
0,0,0.608939
0,0,0.615232
0,0,0.625609
0,0,0.625666
0,0,0.627252
0,0,0.632011
0,0,0.713605
0,0,0.801804
0,0,0.830525
0,0,0.962714
0,0,3
1,1.35651,1.42532
1,1.32391,1.39767
1,1.29863,1.29905
1,1.25196,1.26761
1,1.24954,1.31336
1,1.23264,1.37426
1,1.16929,1.22988
1,1.15059,1.16477
1,1.14836,1.16999
1,1.08297,1.18264
1,1.03683,1.37533
1,0.993611,1.00212
1,0.978399,1.05097
1,0.888336,1.0127
1,0.88738,1.10232
1,0.827911,0.893736
1,0.825742,0.907025
1,0.817613,0.908004
1,0.814939,0.837323
1,0.813314,0.92537
1,0.808422,0.879157
1,0.796299,0.867395
1,0.794379,0.817822
1,0.784987,0.823675
1,0.779591,0.820355
1,0.776698,0.781365
1,0.770894,0.802168
1,0.760881,0.940437
1,0.758241,0.769284
1,0.743004,0.785105
1,0.73452,0.793596
1,0.731426,0.746898
1,0.700448,0.708036
1,0.691388,0.709043
1,0.690239,0.852989
1,0.687586,0.932854
1,0.676762,0.743555
1,0.669167,0.743823
1,0.667794,0.743693
1,0.667421,0.742516
1,0.65581,0.924963
1,0.644306,0.693259
1,0.636874,0.97899
1,0.629744,0.757019
1,0.628213,0.687738
1,0.618666,0.688499
1,0.618588,1.19044
1,0.617204,0.729642
1,0.608165,0.667209
1,0.605637,0.759193
1,0.604884,0.759482
1,0.602366,0.621212
1,0.601956,0.665813
1,0.595761,0.660882
1,0.588574,0.599333
1,0.58517,0.748101
1,0.582222,0.629965
1,0.578467,0.862439
1,0.573955,0.862765
1,0.567139,0.578361
1,0.56347,0.592304
1,0.563351,0.590625
1,0.562071,0.906714
1,0.556548,0.662869
1,0.545407,0.557099
1,0.540081,0.882808
1,0.536401,1.05756
1,0.535385,0.598305
1,0.534327,0.540606
1,0.533596,0.742258
1,0.525972,0.6473
1,0.523498,0.591951
1,0.51961,0.541684
1,0.504874,0.506577
1,0.504049,0.540733
1,0.503148,0.555815
1,0.498091,0.595068
1,0.491631,0.54
1,0.488463,0.490366
1,0.486489,0.528507
1,0.479493,0.627554
1,0.475491,0.484381
1,0.474732,0.967804
1,0.470597,0.47328
1,0.46859,0.528033
1,0.467193,0.516744
1,0.46216,0.613614
1,0.459908,0.468787
1,0.449117,0.687254
1,0.448323,0.457619
1,0.444449,0.458303
1,0.443012,0.445853
1,0.439572,0.56304
1,0.439133,0.615695
1,0.437106,0.541276
1,0.434344,0.541227
1,0.432807,0.48137
1,0.430396,0.561152
1,0.430243,0.480851
1,0.426785,0.464552
1,0.423967,0.426828
1,0.418939,0.482609
1,0.417908,0.475774
1,0.416227,0.483079
1,0.415629,0.45852
1,0.415415,0.507014
1,0.414685,0.552113
1,0.414458,0.879284
1,0.412976,0.481364
1,0.411863,0.422738
1,0.410499,0.48261
1,0.408716,0.45459
1,0.407728,0.639442
1,0.40463,0.454593
1,0.402188,0.434427
1,0.398764,0.429019
1,0.398261,0.402931
1,0.396071,0.644963
1,0.396045,0.462128
1,0.395179,0.40835
1,0.394516,0.459678
1,0.390179,0.445383
1,0.38856,0.435445
1,0.388022,0.41533
1,0.387323,0.400601
1,0.386005,0.427261
1,0.385345,0.401507
1,0.383397,0.535898
1,0.383365,0.465569
1,0.380504,0.572998
1,0.379851,0.469162
1,0.378201,0.423362
1,0.377946,0.379075
1,0.374807,0.40299
1,0.373655,0.394477
1,0.370515,0.394301
1,0.370343,0.423641
1,0.367029,0.378125
1,0.366283,0.377945
1,0.364843,0.388496
1,0.364603,0.488691
1,0.363499,0.366324
1,0.357499,0.384868
1,0.35737,0.362633
1,0.355661,0.372548
1,0.354992,0.35691
1,0.354365,0.370495
1,0.353848,0.361075
1,0.351927,0.453204
1,0.349697,0.392728
1,0.346408,0.442997
1,0.345052,0.351018
1,0.341943,0.431548
1,0.341715,0.384071
1,0.340751,0.34307
1,0.340582,0.344101
1,0.338834,0.450738
1,0.338768,0.394087
1,0.337329,0.359345
1,0.336191,0.408972
1,0.335685,0.337492
1,0.332669,0.398554
1,0.332236,0.382335
1,0.329439,0.50103
1,0.328245,0.361758
1,0.327508,0.329356
1,0.327381,0.340356
1,0.32685,0.386642
1,0.326745,0.399996
1,0.326715,0.415076
1,0.326501,0.343156
1,0.325114,0.481867
1,0.324946,0.341543
1,0.324472,0.375554
1,0.323699,0.333336
1,0.323201,0.433922
1,0.322809,0.390448
1,0.322514,0.346019
1,0.32158,0.360441
1,0.321455,0.358323
1,0.321124,0.324073
1,0.320592,0.351701
1,0.320551,0.373034
1,0.319996,0.323228
1,0.319135,0.400905
1,0.318939,0.339103
1,0.318881,0.452122
1,0.318413,0.348315
1,0.317818,0.320614
1,0.317193,0.409293
1,0.317146,0.336609
1,0.316506,0.352366
1,0.316126,0.327565
1,0.315516,0.345354
1,0.31499,0.334083
1,0.313861,0.320819
1,0.312955,0.4249
1,0.312255,0.434671
1,0.311941,0.367838
1,0.311912,0.315387
1,0.311607,0.376235
1,0.311463,0.419555
1,0.311142,0.345984
1,0.310284,0.316814
1,0.310038,0.316184
1,0.309921,0.380083
1,0.308967,0.3424
1,0.307701,0.34584
1,0.307491,0.3307
1,0.307187,0.353869
1,0.307124,0.328874
1,0.306102,0.311865
1,0.305065,0.333468
1,0.303997,0.325871
1,0.303763,0.315081
1,0.303413,0.403824
1,0.303048,0.324894
1,0.302471,0.351427
1,0.302398,0.308566
1,0.302364,0.366129
1,0.302324,0.377035
1,0.301312,0.373547
1,0.300338,0.322112
1,0.299745,0.320146
1,0.29845,0.306594
1,0.297742,0.337004
1,0.296925,0.315604
1,0.296596,0.313281
1,0.296313,0.402117
1,0.294811,0.323451
1,0.294807,0.317866
1,0.293739,0.444097
1,0.293182,0.513399
1,0.292935,0.304218
1,0.292576,0.292958
1,0.291674,0.418672
1,0.291524,0.481373
1,0.29142,0.317158
1,0.290794,0.418115
1,0.29053,0.293817
1,0.290052,0.322027
1,0.289817,0.329977
1,0.289666,0.318195
1,0.289315,0.320153
1,0.289145,0.409293
1,0.288746,0.396539
1,0.287672,0.304268
1,0.287321,0.300809
1,0.286885,0.317158
1,0.286638,0.348272
1,0.285805,0.410592
1,0.285146,0.311242
1,0.28477,0.353674
1,0.284167,0.35047
1,0.283895,0.295253
1,0.282854,0.322955
1,0.282734,0.298947
1,0.282083,0.28887
1,0.281534,0.300219
1,0.281357,0.286286
1,0.28122,0.318456
1,0.279389,0.29592
1,0.278824,0.283763
1,0.278787,0.31698
1,0.277508,0.324875
1,0.277148,0.289321
1,0.276033,0.293106
1,0.2758,0.349231
1,0.275304,0.280036
1,0.27494,0.276922
1,0.274521,0.36591
1,0.274009,0.294608
1,0.273424,0.339584
1,0.272862,0.294242
1,0.271166,0.294486
1,0.270675,0.281165
1,0.270672,0.368117
1,0.270399,0.317753
1,0.269374,0.270413
1,0.269166,0.315603
1,0.269147,0.297728
1,0.268518,0.344701
1,0.268216,0.300482
1,0.267686,0.310549
1,0.267612,0.322592
1,0.265772,0.306455
1,0.265673,0.313503
1,0.265493,0.331112
1,0.265371,0.276734
1,0.265341,0.272979
1,0.265063,0.272588
1,0.264803,0.296153
1,0.264698,0.267025
1,0.263457,0.303085
1,0.262723,0.444231
1,0.262543,0.263638
1,0.261797,0.277523
1,0.261744,0.266628
1,0.261549,0.274272
1,0.261153,0.274549
1,0.260704,0.288839
1,0.260664,0.261188
1,0.260353,0.261529
1,0.260105,0.261992
1,0.259978,0.298337
1,0.259272,0.272227
1,0.259058,0.287999
1,0.258926,0.366552
1,0.258904,0.2714
1,0.258744,0.271952
1,0.258004,0.307949
1,0.257996,0.289183
1,0.257358,0.388132
1,0.25703,0.257907
1,0.256938,0.26313
1,0.255877,0.319833
1,0.255525,0.33469
1,0.255387,0.259844
1,0.254634,0.384564
1,0.254316,0.35011
1,0.253795,0.284731
1,0.252492,0.26265
1,0.252217,0.299981
1,0.251442,0.294339
1,0.250881,0.275579
1,0.250474,0.259732
1,0.249778,0.326858
1,0.249769,0.287018
1,0.249639,0.282828
1,0.249042,0.264716
1,0.249023,0.249279
1,0.248911,0.305249
1,0.248661,0.310444
1,0.248197,0.26929
1,0.24796,0.260556
1,0.247885,0.284995
1,0.247428,0.28357
1,0.247183,0.247764
1,0.247061,0.340153
1,0.245692,0.331156
1,0.244383,0.341113
1,0.244374,0.268232
1,0.243887,0.26827
1,0.243607,0.303395
1,0.243334,0.291784
1,0.242816,0.29496
1,0.242729,0.286939
1,0.24254,0.245519
1,0.241739,0.259115
1,0.241581,0.289178
1,0.241551,0.447814
1,0.24152,0.309712
1,0.241254,0.410565
1,0.241221,0.253761
1,0.241131,0.291585
1,0.241052,0.251783
1,0.23972,0.248474
1,0.23961,0.324414
1,0.239453,0.23958
1,0.23924,0.311424
1,0.238905,0.35921
1,0.238818,0.239906
1,0.238499,0.25986
1,0.238415,0.2436
1,0.237492,0.255366
1,0.237398,0.300165
1,0.237092,0.2841
1,0.236526,0.239153
1,0.235808,0.250495
1,0.235517,0.282992
1,0.235451,0.245093
1,0.234976,0.253471
1,0.234099,0.306119
1,0.233869,0.270705
1,0.233792,0.236299
1,0.233623,0.243463
1,0.23354,0.271582
1,0.233502,0.254134
1,0.233498,0.239573
1,0.232819,0.239263
1,0.232565,0.233677
1,0.231521,0.304634
1,0.231515,0.254264
1,0.231162,0.24234
1,0.231008,0.243817
1,0.230243,0.340345
1,0.229678,0.255448
1,0.228952,0.248499
1,0.227998,0.240305
1,0.227591,0.255813
1,0.226965,0.241603
1,0.225635,0.266587
1,0.225425,0.238587
1,0.224585,0.234464
1,0.223736,0.234262
1,0.223665,0.225042
1,0.223123,0.233515
1,0.22259,0.223259
1,0.22194,0.224722
1,0.221906,0.226806
1,0.221873,0.334867
1,0.221844,0.22505
1,0.221644,0.228787
1,0.221591,0.328569
1,0.221412,0.284685
1,0.221216,0.282914
1,0.220935,0.226888
1,0.220896,0.239345
1,0.220627,0.256194
1,0.220568,0.287547
1,0.220413,0.26954
1,0.21872,0.241277
1,0.218134,0.252921
1,0.217915,0.333777
1,0.217834,0.241064
1,0.217589,0.219391
1,0.217489,0.319831
1,0.216105,0.318242
1,0.214976,0.260979
1,0.214456,0.216162
1,0.214159,0.215714
1,0.21398,0.262986
1,0.213348,0.256442
1,0.213333,0.232561
1,0.213052,0.223683
1,0.212949,0.252561
1,0.212855,0.227857
1,0.212286,0.244976
1,0.211919,0.3039
1,0.211738,0.226435
1,0.211634,0.239807
1,0.211468,0.216362
1,0.211322,0.212526
1,0.211203,0.263076
1,0.2111,0.238171
1,0.210969,0.223783
1,0.209955,0.226541
1,0.209672,0.214082
1,0.208188,0.223528
1,0.207641,0.292729
1,0.207561,0.22811
1,0.206782,0.219308
1,0.206725,0.268526
1,0.206028,0.27149
1,0.205671,0.237279
1,0.20514,0.219866
1,0.204847,0.210189
1,0.204776,0.218445
1,0.204373,0.271237
1,0.203818,0.268358
1,0.203744,0.218438
1,0.203573,0.222823
1,0.2035,0.213461
1,0.203396,0.225433
1,0.202866,0.216745
1,0.202841,0.202964
1,0.202515,0.232939
1,0.202446,0.269416
1,0.201241,0.218244
1,0.201195,0.226734
1,0.200992,0.219311
1,0.200982,0.208569
1,0.200534,0.26303
1,0.200298,0.207738
1,0.200264,0.229974
1,0.200242,0.255701
1,0.199825,0.219541
1,0.199514,0.213562
1,0.198935,0.238172
1,0.198728,0.257425
1,0.197732,0.205958
1,0.197659,0.22144
1,0.197486,0.210432
1,0.197368,0.200705
1,0.197156,0.199973
1,0.196368,0.210428
1,0.196201,0.226748
1,0.195598,0.319315
1,0.194947,0.198969
1,0.194881,0.223197
1,0.194843,0.252939
1,0.194738,0.217882
1,0.194603,0.216876
1,0.194503,0.238554
1,0.194441,0.204565
1,0.193705,0.19585
1,0.193656,0.234154
1,0.193526,0.20154
1,0.193417,0.247677
1,0.193413,0.201445
1,0.193136,0.293038
1,0.192906,0.261395
1,0.19227,0.192752
1,0.191957,0.226156
1,0.191738,0.285303
1,0.191735,0.209065
1,0.191681,0.215067
1,0.191326,0.207845
1,0.191109,0.203994
1,0.190872,0.226121
1,0.190205,0.196507
1,0.189998,0.258092
1,0.189666,0.240393
1,0.189643,0.279083
1,0.189427,0.232447
1,0.189393,0.195504
1,0.1892,0.234345
1,0.188949,0.248149
1,0.188708,0.231956
1,0.188675,0.22473
1,0.188172,0.332387
1,0.188044,0.191582
1,0.187641,0.20052
1,0.187379,0.192994
1,0.187292,0.197862
1,0.187063,0.23567
1,0.187045,0.216454
1,0.187005,0.192484
1,0.186925,0.209997
1,0.186497,0.190526
1,0.18531,0.200521
1,0.185034,0.18558
1,0.185016,0.186059
1,0.184856,0.223346
1,0.184758,0.20389
1,0.184625,0.216847
1,0.184552,0.20563
1,0.184487,0.195333
1,0.184376,0.18558
1,0.184328,0.240012
1,0.184081,0.186244
1,0.183679,0.236189
1,0.183538,0.204565
1,0.183327,0.196322
1,0.183197,0.191086
1,0.183189,0.230235
1,0.183078,0.340131
1,0.182833,0.202539
1,0.182738,0.235896
1,0.182536,0.194175
1,0.182297,0.251824
1,0.181921,0.194948
1,0.181664,0.213626
1,0.181553,0.198637
1,0.181498,0.19651
1,0.181319,0.201373
1,0.181019,0.188455
1,0.180985,0.209189
1,0.180838,0.199785
1,0.180471,0.181388
1,0.179391,0.222719
1,0.179111,0.182148
1,0.1786,0.222272
1,0.178233,0.211482
1,0.177762,0.199173
1,0.177756,0.183966
1,0.177554,0.190734
1,0.177463,0.235201
1,0.176457,0.178646
1,0.176417,0.177553
1,0.175998,0.186281
1,0.175847,0.176303
1,0.175627,0.176615
1,0.175034,0.233651
1,0.174673,0.175432
1,0.174532,0.213741
1,0.174348,0.190535
1,0.174101,0.242287
1,0.17409,0.1909
1,0.174,0.227711
1,0.173875,0.176003
1,0.173835,0.213103
1,0.173689,0.202896
1,0.173608,0.202778
1,0.173575,0.191841
1,0.173537,0.178899
1,0.173458,0.227695
1,0.173137,0.18
1,0.172913,0.252559
1,0.172395,0.221041
1,0.171892,0.288945
1,0.171814,0.191874
1,0.171551,0.174336
1,0.171165,0.196996
1,0.170966,0.238176
1,0.170543,0.226236
1,0.170476,0.227492
1,0.170041,0.175587
1,0.169855,0.252444
1,0.168645,0.191973
1,0.168366,0.297653
1,0.16836,0.184561
1,0.168334,0.212672
1,0.168315,0.171602
1,0.168196,0.313793
1,0.168122,0.179954
1,0.167742,0.170934
1,0.1677,0.230556
1,0.167457,0.174659
1,0.167318,0.229653
1,0.166528,0.172146
1,0.166362,0.179127
1,0.166109,0.201828
1,0.166098,0.17362
1,0.165922,0.244122
1,0.165771,0.206177
1,0.165754,0.172255
1,0.165747,0.207464
1,0.165674,0.248149
1,0.165583,0.197857
1,0.165292,0.165968
1,0.165174,0.234346
1,0.16491,0.301295
1,0.164876,0.168319
1,0.164747,0.201543
1,0.164537,0.19281
1,0.164523,0.171898
1,0.16419,0.195884
1,0.163913,0.167559
1,0.16385,0.169224
1,0.163567,0.193027
1,0.163449,0.164104
1,0.163412,0.232087
1,0.163003,0.173835
1,0.16244,0.225232
1,0.161924,0.212106
1,0.161814,0.219585
1,0.161388,0.275994
1,0.161227,0.163786
1,0.161175,0.188474
1,0.161022,0.23923
1,0.160855,0.18814
1,0.160535,0.171248
1,0.160273,0.186311
1,0.160214,0.174868
1,0.16017,0.201373
1,0.159362,0.179804
1,0.159229,0.191487
1,0.158904,0.2779
1,0.158803,0.160012
1,0.15851,0.174512
1,0.158449,0.181147
1,0.158277,0.210414
1,0.158256,0.187787
1,0.157059,0.204568
1,0.156932,0.196791
1,0.156709,0.212587
1,0.156604,0.195618
1,0.155826,0.160455
1,0.155629,0.204238
1,0.155504,0.159986
1,0.155453,0.212477
1,0.155431,0.286999
1,0.155205,0.166456
1,0.155166,0.220156
1,0.15422,0.164045
1,0.154093,0.196453
1,0.153948,0.162067
1,0.153917,0.207668
1,0.153753,0.156152
1,0.153263,0.189947
1,0.152905,0.16538
1,0.152901,0.153231
1,0.152762,0.208863
1,0.152656,0.197854
1,0.152272,0.172997
1,0.152067,0.179016
1,0.151823,0.154729
1,0.15164,0.163351
1,0.151577,0.168731
1,0.151533,0.16538
1,0.151439,0.167744
1,0.151354,0.195174
1,0.151273,0.164961
1,0.151247,0.194727
1,0.150703,0.173893
1,0.150631,0.159331
1,0.150344,0.159806
1,0.149976,0.159028
1,0.149973,0.186345
1,0.149345,0.168971
1,0.149308,0.200854
1,0.148931,0.165912
1,0.148343,0.15056
1,0.148248,0.160225
1,0.147842,0.166035
1,0.147553,0.153058
1,0.147171,0.166049
1,0.147133,0.186094
1,0.147066,0.152268
1,0.147041,0.158489
1,0.146589,0.205253
1,0.146482,0.147985
1,0.146446,0.150492
1,0.146393,0.148097
1,0.145755,0.157846
1,0.145553,0.158662
1,0.145507,0.203349
1,0.145387,0.162229
1,0.145376,0.170464
1,0.145176,0.170691
1,0.145098,0.163271
1,0.145052,0.228933
1,0.144858,0.172095
1,0.144803,0.163191
1,0.144484,0.199776
1,0.144408,0.155707
1,0.144183,0.148692
1,0.14378,0.159938
1,0.143636,0.156169
1,0.143275,0.222475
1,0.143198,0.155614
1,0.14305,0.152211
1,0.142422,0.144285
1,0.142241,0.161231
1,0.142104,0.162412
1,0.142059,0.175828
1,0.141672,0.169359
1,0.141655,0.187618
1,0.141457,0.153728
1,0.141184,0.144353
1,0.140978,0.165708
1,0.140967,0.155576
1,0.140342,0.173127
1,0.140242,0.162957
1,0.140172,0.153291
1,0.139807,0.155136
1,0.139504,0.161327
1,0.139397,0.152055
1,0.138706,0.173846
1,0.138275,0.159205
1,0.137895,0.148938
1,0.137636,0.139183
1,0.13747,0.143823
1,0.136697,0.202939
1,0.136452,0.15626
1,0.136359,0.13764
1,0.135527,0.154049
1,0.135275,0.146565
1,0.135121,0.162628
1,0.135003,0.138836
1,0.134428,0.212585
1,0.134358,0.147459
1,0.134143,0.155811
1,0.134116,0.14425
1,0.133725,0.134643
1,0.133648,0.163522
1,0.13362,0.14756
1,0.133517,0.136755
1,0.133261,0.158375
1,0.132929,0.156088
1,0.132823,0.162933
1,0.132008,0.17015
1,0.131526,0.150479
1,0.131512,0.146717
1,0.131199,0.160024
1,0.130485,0.140549
1,0.130473,0.150602
1,0.130456,0.142136
1,0.129868,0.150075
1,0.129766,0.139474
1,0.129341,0.150492
1,0.128867,0.204406
1,0.127923,0.140765
1,0.127868,0.14883
1,0.127844,0.15979
1,0.126634,0.168347
1,0.126566,0.129728
1,0.125961,0.155959
1,0.125702,0.14143
1,0.125466,0.130561
1,0.124801,0.157956
1,0.124712,0.182422
1,0.12431,0.127501
1,0.124181,0.13222
1,0.123768,0.134925
1,0.123551,0.145241
1,0.123373,0.143084
1,0.123107,0.181697
1,0.122711,0.156028
1,0.122631,0.181921
1,0.122357,0.135585
1,0.122304,0.126203
1,0.121471,0.19376
1,0.12133,0.137179
1,0.121184,0.135419
1,0.121096,0.13693
1,0.12105,0.121252
1,0.121025,0.133899
1,0.12074,0.13315
1,0.120427,0.124577
1,0.11979,0.159274
1,0.119461,0.121252
1,0.119421,0.130757
1,0.119379,0.169342
1,0.119332,0.128012
1,0.119268,0.131678
1,0.119185,0.128557
1,0.118949,0.133448
1,0.118491,0.19252
1,0.118122,0.140746
1,0.117732,0.150688
1,0.117459,0.136018
1,0.116083,0.135297
1,0.115835,0.128336
1,0.115761,0.126154
1,0.115379,0.120425
1,0.115285,0.120435
1,0.115083,0.138639
1,0.114682,0.117998
1,0.114531,0.117895
1,0.114425,0.121298
1,0.114179,0.139401
1,0.114128,0.119092
1,0.114024,0.122184
1,0.113664,0.116482
1,0.113599,0.142194
1,0.112544,0.114861
1,0.112525,0.187858
1,0.112204,0.121884
1,0.111719,0.115947
1,0.111411,0.119016
1,0.109864,0.132214
1,0.109274,0.133107
1,0.109271,0.111283
1,0.109058,0.122913
1,0.10891,0.130656
1,0.108655,0.108802
1,0.108124,0.131824
1,0.108088,0.116163
1,0.107701,0.110586
1,0.107089,0.118791
1,0.106864,0.128277
1,0.106778,0.143299
1,0.106568,0.113662
1,0.106098,0.109164
1,0.105691,0.12683
1,0.105647,0.12415
1,0.105544,0.107949
1,0.105322,0.109459
1,0.105238,0.108274
1,0.105203,0.116771
1,0.104585,0.109916
1,0.10385,0.114462
1,0.103788,0.137714
1,0.103456,0.110045
1,0.102498,0.148198
1,0.101176,0.105714
1,0.101171,0.166035
1,0.100322,0.118833
1,0.099332,0.141647
1,0.0992751,0.104187
1,0.0984579,0.102108
1,0.098303,0.121172
1,0.0980436,0.0992418
1,0.097966,0.124678
1,0.0979087,0.106384
1,0.0965151,0.100359
1,0.0964199,0.149176
1,0.0943019,0.114143
1,0.0942919,0.120441
1,0.0931308,0.0954849
1,0.0927398,0.1077
1,0.0927096,0.129098
1,0.0926974,0.125853
1,0.0926105,0.10264
1,0.0921183,0.122232
1,0.0920822,0.135293
1,0.0920413,0.0978281
1,0.0916413,0.0936126
1,0.0911649,0.104835
1,0.0910136,0.128394
1,0.0909786,0.105184
1,0.0895938,0.0915105
1,0.089561,0.100875
1,0.0893721,0.104857
1,0.0892319,0.0975278
1,0.0884302,0.092598
1,0.0864298,0.0941568
1,0.0861339,0.0867794
1,0.0838841,0.0847399
1,0.0834664,0.0918459
1,0.0830205,0.0941568
1,0.0828157,0.0847545
1,0.0826467,0.124665
1,0.0820717,0.0855231
1,0.0816148,0.0999974
1,0.0788704,0.0865529
1,0.0770439,0.109177
1,0.0763908,0.0938665
1,0.0759481,0.0797863
1,0.0750715,0.0845391
1,0.0736501,0.0784286
1,0.0730013,0.0747489
1,0.0730004,0.0782341
1,0.0719013,0.091727
1,0.0711593,0.0786023
1,0.0657313,0.078645
1,0.0616944,0.079623
1,0.0602313,0.0629921
1,0.0595736,0.0712637
1,0.058216,0.0771597
1,0.0473215,0.0495449
2,1.69828,1.75573
2,1.44809,1.45082
2,1.35963,1.40779
2,1.18308,1.23763
2,1.16813,1.21425
2,1.11195,1.12435
2,1.10287,1.16171
2,1.04472,1.14391
2,1.02989,1.05202
2,1.02524,1.2337
2,0.90391,0.922367
2,0.730651,0.751929
2,0.635941,0.688718
2,0.608684,0.614121
2,0.605229,0.628289
2,0.57272,0.574114
2,0.550509,0.555388
2,0.545416,0.547167
2,0.538602,0.626088
2,0.513192,0.570173
2,0.510281,0.532815
2,0.496172,0.528724
2,0.493187,0.49972
2,0.493187,0.539671
2,0.475588,0.494345
2,0.475173,0.518639
2,0.472961,0.479721
2,0.470506,0.560395
2,0.450687,0.451319
2,0.447821,0.463643
2,0.447444,0.456187
2,0.432438,0.445799
2,0.432204,0.440737
2,0.429548,0.430479
2,0.421626,0.421825
2,0.417239,0.434752
2,0.406062,0.448411
2,0.396899,0.397373
2,0.391164,0.400756
2,0.386861,0.40442
2,0.384901,0.390021
2,0.384767,0.393419
2,0.380913,0.404418
2,0.376391,0.379279
2,0.375371,0.385699
2,0.372992,0.373394
2,0.372681,0.381479
2,0.360746,0.418311
2,0.360579,0.37665
2,0.353881,0.405948
2,0.352913,0.41243
2,0.344272,0.360481
2,0.344033,0.369833
2,0.339171,0.347045
2,0.339115,0.339856
2,0.338256,0.338673
2,0.337907,0.350183
2,0.33727,0.344969
2,0.331627,0.353728
2,0.325295,0.327773
2,0.321128,0.350252
2,0.319685,0.345055
2,0.316796,0.324879
2,0.312686,0.319424
2,0.308005,0.321301
2,0.307769,0.343752
2,0.305919,0.345617
2,0.303766,0.359758
2,0.303395,0.307545
2,0.301485,0.306147
2,0.301145,0.30211
2,0.298226,0.304356
2,0.297986,0.308447
2,0.294245,0.299152
2,0.285412,0.298096
2,0.284301,0.310323
2,0.282537,0.284173
2,0.280251,0.283185
2,0.279453,0.281666
2,0.278205,0.292995
2,0.272307,0.286341
2,0.271527,0.274021
2,0.271168,0.279549
2,0.268001,0.271099
2,0.2659,0.281035
2,0.264974,0.291243
2,0.262393,0.283582
2,0.259943,0.269343
2,0.256898,0.262062
2,0.256504,0.261858
2,0.256207,0.258357
2,0.253732,0.254403
2,0.25341,0.262428
2,0.243366,0.245745
2,0.242584,0.262768
2,0.241786,0.248231
2,0.239557,0.243248
2,0.237137,0.249544
2,0.236679,0.238713
2,0.23595,0.24385
2,0.235201,0.245129
2,0.234999,0.238865
2,0.23252,0.240614
2,0.230207,0.257663
2,0.228801,0.246557
2,0.224769,0.227458
2,0.22463,0.224909
2,0.221302,0.254621
2,0.220869,0.241457
2,0.219897,0.242406
2,0.216795,0.233329
2,0.216525,0.239036
2,0.215691,0.221915
2,0.214077,0.2179
2,0.21171,0.211986
2,0.210959,0.223998
2,0.210342,0.21482
2,0.208274,0.219632
2,0.208019,0.215054
2,0.207123,0.208925
2,0.206674,0.209952
2,0.20614,0.212038
2,0.205186,0.214927
2,0.202527,0.22837
2,0.20246,0.218002
2,0.198244,0.20201
2,0.195341,0.212516
2,0.187858,0.198613
2,0.184687,0.193468
2,0.182999,0.211035
2,0.174174,0.195187
2,0.172821,0.176216
2,0.172234,0.197691
2,0.16906,0.182363
2,0.159357,0.160121
2,0.156953,0.186113
2,0.154603,0.161114
2,0.150409,0.159345
2,0.146376,0.147398
2,0.146013,0.151584
2,0.143318,0.152145
2,0.141778,0.143103
2,0.139832,0.152356
2,0.136004,0.141287
2,0.115456,0.122074
