point cloud with 1334 points in dimension 3
0,0,0.0129624
0,0,0.0138641
0,0,0.0145293
0,0,0.014619
0,0,0.0163707
0,0,0.0164821
0,0,0.016709
0,0,0.0170853
0,0,0.0173241
0,0,0.018857
0,0,0.0190199
0,0,0.0192242
0,0,0.0194231
0,0,0.0196914
0,0,0.0200042
0,0,0.0203728
0,0,0.0204356
0,0,0.020985
0,0,0.0211915
0,0,0.0212775
0,0,0.0214151
0,0,0.0215546
0,0,0.02175
0,0,0.0219243
0,0,0.0223015
0,0,0.0230017
0,0,0.0230694
0,0,0.0237128
0,0,0.0237453
0,0,0.0238969
0,0,0.0246561
0,0,0.025286
0,0,0.0256924
0,0,0.0260949
0,0,0.0261582
0,0,0.0263053
0,0,0.0264888
0,0,0.027304
0,0,0.0273327
0,0,0.0276124
0,0,0.0287399
0,0,0.0288124
0,0,0.0288536
0,0,0.0288881
0,0,0.0290396
0,0,0.0290465
0,0,0.0291503
0,0,0.0308325
0,0,0.0310395
0,0,0.0311106
0,0,0.0319829
0,0,0.0325451
0,0,0.0325814
0,0,0.0329738
0,0,0.0331842
0,0,0.0337649
0,0,0.0354154
0,0,0.0356531
0,0,0.0357399
0,0,0.0358653
0,0,0.0360879
0,0,0.0361532
0,0,0.0369354
0,0,0.037042
0,0,0.037699
0,0,0.0379754
0,0,0.0380029
0,0,0.0380461
0,0,0.0382084
0,0,0.0385866
0,0,0.038669
0,0,0.038735
0,0,0.0390913
0,0,0.0391796
0,0,0.0393369
0,0,0.0393728
0,0,0.0397169
0,0,0.0399345
0,0,0.0405455
0,0,0.0406102
0,0,0.0408301
0,0,0.0411713
0,0,0.0413017
0,0,0.0413054
0,0,0.0413958
0,0,0.0418096
0,0,0.042046
0,0,0.0420627
0,0,0.0420998
0,0,0.0421028
0,0,0.0422179
0,0,0.0422416
0,0,0.0422621
0,0,0.0423124
0,0,0.0426275
0,0,0.0426412
0,0,0.0426425
0,0,0.0429608
0,0,0.0431243
0,0,0.043486
0,0,0.0434989
0,0,0.0435768
0,0,0.0436147
0,0,0.0436268
0,0,0.0438425
0,0,0.0440005
0,0,0.0441135
0,0,0.0441274
0,0,0.0441432
0,0,0.0444464
0,0,0.0445432
0,0,0.0447896
0,0,0.0451011
0,0,0.0452078
0,0,0.0455894
0,0,0.0456282
0,0,0.0465262
0,0,0.046823
0,0,0.0468296
0,0,0.0474667
0,0,0.0475502
0,0,0.0476608
0,0,0.0476879
0,0,0.0478237
0,0,0.0478611
0,0,0.0478784
0,0,0.0480108
0,0,0.0480121
0,0,0.0480288
0,0,0.0481125
0,0,0.0481594
0,0,0.0481909
0,0,0.0483693
0,0,0.048752
0,0,0.0488181
0,0,0.0488234
0,0,0.0497698
0,0,0.0497742
0,0,0.0501081
0,0,0.0504931
0,0,0.0505826
0,0,0.050691
0,0,0.0506956
0,0,0.0510376
0,0,0.0512827
0,0,0.0514515
0,0,0.0515855
0,0,0.0516534
0,0,0.0517537
0,0,0.051859
0,0,0.0521491
0,0,0.0521757
0,0,0.0521841
0,0,0.052235
0,0,0.0523493
0,0,0.0525482
0,0,0.052561
0,0,0.0534596
0,0,0.0535355
0,0,0.0535533
0,0,0.0535997
0,0,0.0538901
0,0,0.054092
0,0,0.0542272
0,0,0.0542939
0,0,0.0545564
0,0,0.0546703
0,0,0.0547979
0,0,0.0548465
0,0,0.0548529
0,0,0.0548988
0,0,0.0551035
0,0,0.05535
0,0,0.0553624
0,0,0.0555483
0,0,0.0556295
0,0,0.055764
0,0,0.0560563
0,0,0.056227
0,0,0.0563428
0,0,0.0564829
0,0,0.0565229
0,0,0.0566723
0,0,0.0567318
0,0,0.0568213
0,0,0.0568498
0,0,0.0568637
0,0,0.0569749
0,0,0.0570264
0,0,0.0572932
0,0,0.0573424
0,0,0.0574708
0,0,0.05757
0,0,0.057862
0,0,0.0579915
0,0,0.0580859
0,0,0.0584273
0,0,0.0584656
0,0,0.0585233
0,0,0.0587892
0,0,0.0588027
0,0,0.0589502
0,0,0.0590645
0,0,0.059302
0,0,0.0593604
0,0,0.0597875
0,0,0.0602532
0,0,0.0602815
0,0,0.0603816
0,0,0.0606315
0,0,0.0608249
0,0,0.0613948
0,0,0.0614529
0,0,0.061602
0,0,0.0622718
0,0,0.0624014
0,0,0.0624335
0,0,0.0625738
0,0,0.0626331
0,0,0.0628854
0,0,0.0629083
0,0,0.0634809
0,0,0.0635444
0,0,0.0635915
0,0,0.0635943
0,0,0.0637483
0,0,0.0640282
0,0,0.0644413
0,0,0.0648548
0,0,0.0651953
0,0,0.0652473
0,0,0.0653248
0,0,0.0653332
0,0,0.0654356
0,0,0.0657544
0,0,0.0657789
0,0,0.0658662
0,0,0.0659211
0,0,0.0659892
0,0,0.065994
0,0,0.0660868
0,0,0.066149
0,0,0.0662148
0,0,0.0662225
0,0,0.0662812
0,0,0.0664529
0,0,0.0667269
0,0,0.0667907
0,0,0.0668471
0,0,0.0669463
0,0,0.0671323
0,0,0.0671969
0,0,0.0672279
0,0,0.0672615
0,0,0.0675659
0,0,0.0676291
0,0,0.0676305
0,0,0.0676967
0,0,0.0677097
0,0,0.0681092
0,0,0.0682381
0,0,0.0682438
0,0,0.0683134
0,0,0.0683471
0,0,0.0684078
0,0,0.06867
0,0,0.0686846
0,0,0.0687447
0,0,0.06881
0,0,0.0689004
0,0,0.0691503
0,0,0.0692546
0,0,0.0693645
0,0,0.0695751
0,0,0.0697829
0,0,0.0698684
0,0,0.0698902
0,0,0.0700311
0,0,0.0702484
0,0,0.0702678
0,0,0.0702742
0,0,0.0703197
0,0,0.0703914
0,0,0.0704207
0,0,0.0706435
0,0,0.0709861
0,0,0.0710387
0,0,0.0711417
0,0,0.071199
0,0,0.0712787
0,0,0.0714256
0,0,0.0715997
0,0,0.0716063
0,0,0.071628
0,0,0.0716993
0,0,0.0717173
0,0,0.0720156
0,0,0.0721472
0,0,0.0722921
0,0,0.0727934
0,0,0.0728713
0,0,0.0734415
0,0,0.0738072
0,0,0.0738251
0,0,0.0738916
0,0,0.0740251
0,0,0.0740365
0,0,0.0745496
0,0,0.0747931
0,0,0.0748517
0,0,0.0750473
0,0,0.075064
0,0,0.0751262
0,0,0.0753112
0,0,0.0753362
0,0,0.0753784
0,0,0.0754462
0,0,0.0754825
0,0,0.0755348
0,0,0.0755763
0,0,0.0756007
0,0,0.0756022
0,0,0.0756245
0,0,0.0756935
0,0,0.0757311
0,0,0.0758258
0,0,0.0760534
0,0,0.0762467
0,0,0.0763343
0,0,0.076453
0,0,0.0767251
0,0,0.0770717
0,0,0.0771919
0,0,0.077225
0,0,0.0773437
0,0,0.0775017
0,0,0.0776113
0,0,0.0779028
0,0,0.0779841
0,0,0.0780046
0,0,0.0780224
0,0,0.0783731
0,0,0.0783884
0,0,0.0784066
0,0,0.0786711
0,0,0.0787257
0,0,0.0787752
0,0,0.0795405
0,0,0.079591
0,0,0.0798812
0,0,0.0799609
0,0,0.0801894
0,0,0.0802429
0,0,0.080246
0,0,0.0803506
0,0,0.0804472
0,0,0.0807936
0,0,0.0808322
0,0,0.0808816
0,0,0.0809072
0,0,0.08099
0,0,0.0814801
0,0,0.0819278
0,0,0.082068
0,0,0.0821224
0,0,0.0823294
0,0,0.082662
0,0,0.0827359
0,0,0.0829875
0,0,0.0830839
0,0,0.083099
0,0,0.0832696
0,0,0.0833887
0,0,0.0835284
0,0,0.0836095
0,0,0.0837361
0,0,0.0838439
0,0,0.0839451
0,0,0.0841556
0,0,0.0842477
0,0,0.0842568
0,0,0.0844218
0,0,0.0844344
0,0,0.0846134
0,0,0.0846584
0,0,0.0848662
0,0,0.0848882
0,0,0.0851164
0,0,0.0852453
0,0,0.0854055
0,0,0.0855201
0,0,0.0856587
0,0,0.0860704
0,0,0.0862139
0,0,0.086285
0,0,0.086421
0,0,0.0865847
0,0,0.0865878
0,0,0.0866213
0,0,0.086748
0,0,0.0867912
0,0,0.0871732
0,0,0.0873732
0,0,0.0874968
0,0,0.0878558
0,0,0.0879938
0,0,0.0880039
0,0,0.0881645
0,0,0.0885212
0,0,0.0886481
0,0,0.0887724
0,0,0.0888556
0,0,0.0889579
0,0,0.0889896
0,0,0.089028
0,0,0.0890818
0,0,0.0891407
0,0,0.0891645
0,0,0.0891899
0,0,0.0892683
0,0,0.0894042
0,0,0.0895852
0,0,0.0897583
0,0,0.0898912
0,0,0.0900057
0,0,0.0900708
0,0,0.0901995
0,0,0.090233
0,0,0.090393
0,0,0.0905713
0,0,0.0905889
0,0,0.0906231
0,0,0.090656
0,0,0.091212
0,0,0.091249
0,0,0.0912868
0,0,0.0913309
0,0,0.0914117
0,0,0.0914552
0,0,0.0917173
0,0,0.0918641
0,0,0.0919839
0,0,0.0919974
0,0,0.0920536
0,0,0.0920547
0,0,0.0921676
0,0,0.092488
0,0,0.092656
0,0,0.0926754
0,0,0.0926975
0,0,0.0927286
0,0,0.0927534
0,0,0.0927938
0,0,0.0929183
0,0,0.093942
0,0,0.0939868
0,0,0.0941107
0,0,0.094163
0,0,0.094221
0,0,0.094423
0,0,0.0946406
0,0,0.0946666
0,0,0.0948448
0,0,0.0951103
0,0,0.0951423
0,0,0.0954612
0,0,0.0955606
0,0,0.0956984
0,0,0.0958165
0,0,0.0959592
0,0,0.0959847
0,0,0.09601
0,0,0.0961816
0,0,0.0961994
0,0,0.0969459
0,0,0.0970163
0,0,0.0970836
0,0,0.0971459
0,0,0.0971779
0,0,0.0977068
0,0,0.0980424
0,0,0.0983389
0,0,0.098519
0,0,0.0986718
0,0,0.0986781
0,0,0.0986897
0,0,0.0992206
0,0,0.099289
0,0,0.0994485
0,0,0.0995091
0,0,0.0995269
0,0,0.0995921
0,0,0.0998553
0,0,0.100001
0,0,0.100031
0,0,0.100426
0,0,0.10055
0,0,0.100745
0,0,0.100905
0,0,0.101029
0,0,0.101341
0,0,0.101627
0,0,0.1017
0,0,0.101939
0,0,0.102233
0,0,0.102563
0,0,0.103028
0,0,0.103053
0,0,0.103074
0,0,0.103151
0,0,0.10328
0,0,0.103904
0,0,0.103952
0,0,0.103971
0,0,0.104126
0,0,0.104324
0,0,0.104342
0,0,0.104385
0,0,0.104562
0,0,0.104574
0,0,0.104585
0,0,0.104653
0,0,0.104734
0,0,0.104744
0,0,0.105083
0,0,0.105086
0,0,0.105202
0,0,0.105302
0,0,0.105318
0,0,0.105436
0,0,0.105758
0,0,0.105991
0,0,0.106106
0,0,0.106123
0,0,0.106179
0,0,0.106241
0,0,0.106331
0,0,0.106411
0,0,0.106602
0,0,0.106636
0,0,0.106809
0,0,0.106879
0,0,0.106881
0,0,0.106989
0,0,0.107225
0,0,0.107227
0,0,0.107239
0,0,0.107318
0,0,0.107357
0,0,0.107666
0,0,0.107985
0,0,0.108133
0,0,0.108197
0,0,0.10832
0,0,0.108415
0,0,0.108667
0,0,0.108881
0,0,0.109163
0,0,0.109316
0,0,0.109563
0,0,0.10961
0,0,0.10971
0,0,0.109769
0,0,0.109932
0,0,0.11015
0,0,0.110515
0,0,0.110617
0,0,0.110627
0,0,0.110711
0,0,0.110776
0,0,0.110984
0,0,0.111038
0,0,0.111079
0,0,0.111687
0,0,0.111725
0,0,0.111744
0,0,0.111837
0,0,0.111998
0,0,0.112
0,0,0.112008
0,0,0.112496
0,0,0.112834
0,0,0.112885
0,0,0.113423
0,0,0.113542
0,0,0.113563
0,0,0.113614
0,0,0.113639
0,0,0.113677
0,0,0.113788
0,0,0.114238
0,0,0.114281
0,0,0.114353
0,0,0.114671
0,0,0.115043
0,0,0.115263
0,0,0.115355
0,0,0.115567
0,0,0.11563
0,0,0.115745
0,0,0.115762
0,0,0.115839
0,0,0.115926
0,0,0.115995
0,0,0.116033
0,0,0.11626
0,0,0.116634
0,0,0.116818
0,0,0.116952
0,0,0.116993
0,0,0.117018
0,0,0.117054
0,0,0.117112
0,0,0.117118
0,0,0.11735
0,0,0.117363
0,0,0.117387
0,0,0.117772
0,0,0.117778
0,0,0.118025
0,0,0.118155
0,0,0.118359
0,0,0.118858
0,0,0.119109
0,0,0.11911
0,0,0.11935
0,0,0.119392
0,0,0.119431
0,0,0.11948
0,0,0.119575
0,0,0.119714
0,0,0.119886
0,0,0.119995
0,0,0.120007
0,0,0.120214
0,0,0.120449
0,0,0.120479
0,0,0.12068
0,0,0.120701
0,0,0.120909
0,0,0.121089
0,0,0.121391
0,0,0.121433
0,0,0.121905
0,0,0.122072
0,0,0.122177
0,0,0.122212
0,0,0.122325
0,0,0.122439
0,0,0.122469
0,0,0.122642
0,0,0.123047
0,0,0.12314
0,0,0.123698
0,0,0.123732
0,0,0.123742
0,0,0.12441
0,0,0.124601
0,0,0.124605
0,0,0.124912
0,0,0.125136
0,0,0.125516
0,0,0.125545
0,0,0.125737
0,0,0.126073
0,0,0.126138
0,0,0.12617
0,0,0.126245
0,0,0.126292
0,0,0.126299
0,0,0.126713
0,0,0.127184
0,0,0.127433
0,0,0.127831
0,0,0.12792
0,0,0.12807
0,0,0.128164
0,0,0.1285
0,0,0.128698
0,0,0.128713
0,0,0.128818
0,0,0.129087
0,0,0.12916
0,0,0.129173
0,0,0.129197
0,0,0.129273
0,0,0.129488
0,0,0.129704
0,0,0.129786
0,0,0.130454
0,0,0.130563
0,0,0.130635
0,0,0.13069
0,0,0.130714
0,0,0.130862
0,0,0.130865
0,0,0.130987
0,0,0.131066
0,0,0.131184
0,0,0.131208
0,0,0.131402
0,0,0.13169
0,0,0.132123
0,0,0.132244
0,0,0.132665
0,0,0.132876
0,0,0.132956
0,0,0.133074
0,0,0.133121
0,0,0.133147
0,0,0.133219
0,0,0.133298
0,0,0.133558
0,0,0.13383
0,0,0.134042
0,0,0.134169
0,0,0.134187
0,0,0.134596
0,0,0.134635
0,0,0.134644
0,0,0.134675
0,0,0.134677
0,0,0.134773
0,0,0.135093
0,0,0.13516
0,0,0.135387
0,0,0.135478
0,0,0.135557
0,0,0.135723
0,0,0.135807
0,0,0.136082
0,0,0.136105
0,0,0.136181
0,0,0.136218
0,0,0.136533
0,0,0.136937
0,0,0.137277
0,0,0.137326
0,0,0.137402
0,0,0.137647
0,0,0.137699
0,0,0.137903
0,0,0.138006
0,0,0.138593
0,0,0.138969
0,0,0.139074
0,0,0.139359
0,0,0.139499
0,0,0.13951
0,0,0.139656
0,0,0.13982
0,0,0.139892
0,0,0.140015
0,0,0.140187
0,0,0.140198
0,0,0.140298
0,0,0.14036
0,0,0.140676
0,0,0.140957
0,0,0.141046
0,0,0.141085
0,0,0.141181
0,0,0.141189
0,0,0.141334
0,0,0.141356
0,0,0.141512
0,0,0.141976
0,0,0.142002
0,0,0.142419
0,0,0.143045
0,0,0.143299
0,0,0.143317
0,0,0.143633
0,0,0.143665
0,0,0.143798
0,0,0.144139
0,0,0.144306
0,0,0.144914
0,0,0.144989
0,0,0.145112
0,0,0.1452
0,0,0.145237
0,0,0.145422
0,0,0.145441
0,0,0.14549
0,0,0.145725
0,0,0.145874
0,0,0.14629
0,0,0.146482
0,0,0.146493
0,0,0.146753
0,0,0.146787
0,0,0.146866
0,0,0.146994
0,0,0.147319
0,0,0.147437
0,0,0.147462
0,0,0.147692
0,0,0.147876
0,0,0.147968
0,0,0.148216
0,0,0.148322
0,0,0.148399
0,0,0.148862
0,0,0.14887
0,0,0.149162
0,0,0.149239
0,0,0.149641
0,0,0.149808
0,0,0.150066
0,0,0.150129
0,0,0.150133
0,0,0.150346
0,0,0.150497
0,0,0.150609
0,0,0.150744
0,0,0.150942
0,0,0.151131
0,0,0.151496
0,0,0.151755
0,0,0.151793
0,0,0.151897
0,0,0.151951
0,0,0.152253
0,0,0.152555
0,0,0.153301
0,0,0.153426
0,0,0.153588
0,0,0.153825
0,0,0.153919
0,0,0.153938
0,0,0.154024
0,0,0.15405
0,0,0.154114
0,0,0.154764
0,0,0.155017
0,0,0.155346
0,0,0.155618
0,0,0.155668
0,0,0.156167
0,0,0.156345
0,0,0.156485
0,0,0.157302
0,0,0.157365
0,0,0.157451
0,0,0.157454
0,0,0.157476
0,0,0.157788
0,0,0.158111
0,0,0.158553
0,0,0.158751
0,0,0.158829
0,0,0.158832
0,0,0.159645
0,0,0.159876
0,0,0.160042
0,0,0.160113
0,0,0.161083
0,0,0.161279
0,0,0.161757
0,0,0.161759
0,0,0.161829
0,0,0.162474
0,0,0.162519
0,0,0.163637
0,0,0.163959
0,0,0.164522
0,0,0.164729
0,0,0.164897
0,0,0.165088
0,0,0.165148
0,0,0.165207
0,0,0.165272
0,0,0.16563
0,0,0.165685
0,0,0.165904
0,0,0.166024
0,0,0.166398
0,0,0.166633
0,0,0.167249
0,0,0.167964
0,0,0.16808
0,0,0.168581
0,0,0.168681
0,0,0.168762
0,0,0.169137
0,0,0.169493
0,0,0.1695
0,0,0.169615
0,0,0.169985
0,0,0.170096
0,0,0.170229
0,0,0.170551
0,0,0.170991
0,0,0.171766
0,0,0.171924
0,0,0.172313
0,0,0.172366
0,0,0.17239
0,0,0.172529
0,0,0.172963
0,0,0.174155
0,0,0.17434
0,0,0.17452
0,0,0.17454
0,0,0.174787
0,0,0.174931
0,0,0.174998
0,0,0.175042
0,0,0.175289
0,0,0.175726
0,0,0.176085
0,0,0.176417
0,0,0.176565
0,0,0.176984
0,0,0.177485
0,0,0.177867
0,0,0.178175
0,0,0.178451
0,0,0.178755
0,0,0.179362
0,0,0.179654
0,0,0.179981
0,0,0.180319
0,0,0.180899
0,0,0.181121
0,0,0.18184
0,0,0.182267
0,0,0.18234
0,0,0.182553
0,0,0.182943
0,0,0.182954
0,0,0.183807
0,0,0.183808
0,0,0.183944
0,0,0.184002
0,0,0.184045
0,0,0.184441
0,0,0.185463
0,0,0.185473
0,0,0.185594
0,0,0.185624
0,0,0.185865
0,0,0.185915
0,0,0.186973
0,0,0.187547
0,0,0.187799
0,0,0.188548
0,0,0.188931
0,0,0.189021
0,0,0.189057
0,0,0.189197
0,0,0.189392
0,0,0.190097
0,0,0.190255
0,0,0.19042
0,0,0.191155
0,0,0.191162
0,0,0.191407
0,0,0.191938
0,0,0.192238
0,0,0.192474
0,0,0.192846
0,0,0.192871
0,0,0.192954
0,0,0.193483
0,0,0.193598
0,0,0.193911
0,0,0.194324
0,0,0.194439
0,0,0.194495
0,0,0.194834
0,0,0.194903
0,0,0.195607
0,0,0.196683
0,0,0.196763
0,0,0.197266
0,0,0.198437
0,0,0.199851
0,0,0.199993
0,0,0.20005
0,0,0.200203
0,0,0.200244
0,0,0.200557
0,0,0.20146
0,0,0.201721
0,0,0.201843
0,0,0.202199
0,0,0.20269
0,0,0.202703
0,0,0.203077
0,0,0.203427
0,0,0.203508
0,0,0.203617
0,0,0.20387
0,0,0.204393
0,0,0.204758
0,0,0.205523
0,0,0.205535
0,0,0.205941
0,0,0.206142
0,0,0.206183
0,0,0.207197
0,0,0.207278
0,0,0.207477
0,0,0.208052
0,0,0.208583
0,0,0.208792
0,0,0.209014
0,0,0.209131
0,0,0.209196
0,0,0.20958
0,0,0.210012
0,0,0.210792
0,0,0.211027
0,0,0.211167
0,0,0.212889
0,0,0.213347
0,0,0.213752
0,0,0.214354
0,0,0.216119
0,0,0.216551
0,0,0.21662
0,0,0.216832
0,0,0.217654
0,0,0.217714
0,0,0.218772
0,0,0.21937
0,0,0.219928
0,0,0.219994
0,0,0.220834
0,0,0.220993
0,0,0.221218
0,0,0.221298
0,0,0.223613
0,0,0.224097
0,0,0.22413
0,0,0.224216
0,0,0.224249
0,0,0.2246
0,0,0.224668
0,0,0.224813
0,0,0.225252
0,0,0.226525
0,0,0.227511
0,0,0.227588
0,0,0.227606
0,0,0.228538
0,0,0.228602
0,0,0.229189
0,0,0.229815
0,0,0.229825
0,0,0.229839
0,0,0.230102
0,0,0.23102
0,0,0.231332
0,0,0.231665
0,0,0.231786
0,0,0.232081
0,0,0.232539
0,0,0.232952
0,0,0.233333
0,0,0.233445
0,0,0.235111
0,0,0.235333
0,0,0.235367
0,0,0.236292
0,0,0.236379
0,0,0.236764
0,0,0.237122
0,0,0.238553
0,0,0.238999
0,0,0.239174
0,0,0.23965
0,0,0.240083
0,0,0.240448
0,0,0.240639
0,0,0.24064
0,0,0.240927
0,0,0.241446
0,0,0.241505
0,0,0.241579
0,0,0.242109
0,0,0.242839
0,0,0.243142
0,0,0.243788
0,0,0.243885
0,0,0.245062
0,0,0.246363
0,0,0.246526
0,0,0.246631
0,0,0.247282
0,0,0.248188
0,0,0.248589
0,0,0.249332
0,0,0.249846
0,0,0.25
0,0,0.250074
0,0,0.252003
0,0,0.252025
0,0,0.252636
0,0,0.25398
0,0,0.254665
0,0,0.255587
0,0,0.256097
0,0,0.257659
0,0,0.258114
0,0,0.258149
0,0,0.258374
0,0,0.258492
0,0,0.258602
0,0,0.259814
0,0,0.259895
0,0,0.260219
0,0,0.260684
0,0,0.260687
0,0,0.262215
0,0,0.262217
0,0,0.262664
0,0,0.263197
0,0,0.263247
0,0,0.263578
0,0,0.263653
0,0,0.26413
0,0,0.264522
0,0,0.264524
0,0,0.264566
0,0,0.264835
0,0,0.26539
0,0,0.265469
0,0,0.265486
0,0,0.265525
0,0,0.26611
0,0,0.266529
0,0,0.267093
0,0,0.267717
0,0,0.26864
0,0,0.268761
0,0,0.269187
0,0,0.269761
0,0,0.270064
0,0,0.27269
0,0,0.273521
0,0,0.27455
0,0,0.27456
0,0,0.275228
0,0,0.275841
0,0,0.27603
0,0,0.276298
0,0,0.276321
0,0,0.276668
0,0,0.276808
0,0,0.277053
0,0,0.277427
0,0,0.277934
0,0,0.279945
0,0,0.280795
0,0,0.280876
0,0,0.281057
0,0,0.281273
0,0,0.28143
0,0,0.281641
0,0,0.281927
0,0,0.281954
0,0,0.28249
0,0,0.282678
0,0,0.282778
0,0,0.283735
0,0,0.284718
0,0,0.284916
0,0,0.285991
0,0,0.287378
0,0,0.287609
0,0,0.292054
0,0,0.292259
0,0,0.292752
0,0,0.293315
0,0,0.293576
0,0,0.29426
0,0,0.294895
0,0,0.296125
0,0,0.296314
0,0,0.296831
0,0,0.298113
0,0,0.30034
0,0,0.301179
0,0,0.301235
0,0,0.301511
0,0,0.302897
0,0,0.304185
0,0,0.304318
0,0,0.304865
0,0,0.30529
0,0,0.306176
0,0,0.306589
0,0,0.306868
0,0,0.311211
0,0,0.312758
0,0,0.314801
0,0,0.316221
0,0,0.317605
0,0,0.317806
0,0,0.31832
0,0,0.318655
0,0,0.31962
0,0,0.319842
0,0,0.319916
0,0,0.320558
0,0,0.321235
0,0,0.323584
0,0,0.3246
0,0,0.325048
0,0,0.326659
0,0,0.326669
0,0,0.328269
0,0,0.328534
0,0,0.331186
0,0,0.331232
0,0,0.33227
0,0,0.332429
0,0,0.332977
0,0,0.333623
0,0,0.334082
0,0,0.334101
0,0,0.334882
0,0,0.336488
0,0,0.336567
0,0,0.336803
0,0,0.337341
0,0,0.338418
0,0,0.338865
0,0,0.340422
0,0,0.340631
0,0,0.341929
0,0,0.342131
0,0,0.342578
0,0,0.342583
0,0,0.344504
0,0,0.344992
0,0,0.345048
0,0,0.345222
0,0,0.350007
0,0,0.351303
0,0,0.351633
0,0,0.355377
0,0,0.35585
0,0,0.357492
0,0,0.357824
0,0,0.358651
0,0,0.359234
0,0,0.362536
0,0,0.367716
0,0,0.370364
0,0,0.370938
0,0,0.371053
0,0,0.373505
0,0,0.373937
0,0,0.375064
0,0,0.37643
0,0,0.378805
0,0,0.37962
0,0,0.379739
0,0,0.38115
0,0,0.384736
0,0,0.387612
0,0,0.387728
0,0,0.389362
0,0,0.393698
0,0,0.396133
0,0,0.404187
0,0,0.405762
0,0,0.405787
0,0,0.406917
0,0,0.408504
0,0,0.408819
0,0,0.412843
0,0,0.416863
0,0,0.420114
0,0,0.422883
0,0,0.42342
0,0,0.42624
0,0,0.428746
0,0,0.42884
0,0,0.433701
0,0,0.434381
0,0,0.440619
0,0,0.440947
0,0,0.443231
0,0,0.450031
0,0,0.452167
0,0,0.453421
0,0,0.463427
0,0,0.465405
0,0,0.466383
0,0,0.467483
0,0,0.469514
0,0,0.469962
0,0,0.476443
0,0,0.477762
0,0,0.477997
0,0,0.478849
0,0,0.480272
0,0,0.488271
0,0,0.494871
0,0,0.499945
0,0,0.503826
0,0,0.505916
0,0,0.506416
0,0,0.509978
0,0,0.524867
0,0,0.542892
0,0,0.543711
0,0,0.56166
0,0,0.566138
0,0,0.571371
0,0,0.571912
0,0,0.595586
0,0,0.603897
0,0,0.614657
0,0,0.631742
0,0,0.712817
0,0,0.714241
0,0,0.717835
0,0,0.729001
0,0,0.732569
0,0,0.73912
0,0,0.779471
0,0,0.782631
0,0,0.811614
0,0,0.814058
0,0,0.823491
0,0,0.891353
0,0,1.17717
0,0,3
1,1.24044,1.28937
1,1.19006,1.22176
1,1.10854,1.17354
1,1.08203,1.13761
1,1.04281,1.07378
1,1.03491,1.10765
1,1.01182,1.13882
1,1.00271,1.01523
1,1.00093,1.02184
1,0.997316,1.10934
1,0.973449,1.0338
1,0.961865,1.01976
1,0.946835,0.947402
1,0.906003,0.951991
1,0.888788,0.938217
1,0.869085,0.929105
1,0.869067,1.25979
1,0.861771,1.17315
1,0.844557,1.21134
1,0.758316,0.789356
1,0.74453,0.89702
1,0.743712,0.751668
1,0.742287,1.0036
1,0.733552,0.81868
1,0.720656,0.746145
1,0.709782,0.800425
1,0.708115,0.761671
1,0.671565,0.970391
1,0.67088,0.692712
1,0.669361,0.677557
1,0.668305,0.699595
1,0.660142,0.66522
1,0.635432,0.740143
1,0.632789,0.711254
1,0.629519,0.739067
1,0.622324,0.696193
1,0.619595,0.699522
1,0.605456,0.713693
1,0.601307,1.13327
1,0.601274,0.824583
1,0.591533,0.62595
1,0.584942,0.643046
1,0.575611,0.603241
1,0.571973,0.785342
1,0.566315,0.687285
1,0.564049,0.810333
1,0.562994,0.724094
1,0.541456,0.651937
1,0.536414,0.565227
1,0.536333,0.713372
1,0.5321,0.558522
1,0.522801,0.581245
1,0.516659,0.645693
1,0.515458,0.601836
1,0.514022,0.533903
1,0.51301,0.522165
1,0.512127,0.667098
1,0.510953,0.530627
1,0.510009,0.521867
1,0.494334,0.499803
1,0.490088,1.21933
1,0.488691,0.522605
1,0.486138,0.562834
1,0.483265,0.519826
1,0.479147,0.494533
1,0.4777,0.577979
1,0.476826,0.553241
1,0.476053,0.666763
1,0.475407,0.575931
1,0.475239,0.512476
1,0.474529,0.480094
1,0.473984,0.482483
1,0.471893,0.534608
1,0.468134,0.481696
1,0.467509,0.527457
1,0.466106,0.475346
1,0.465893,0.488224
1,0.465874,0.498067
1,0.460442,0.527954
1,0.459822,0.531677
1,0.458895,0.459644
1,0.453733,0.490064
1,0.450145,0.473753
1,0.448375,0.628556
1,0.445244,0.826996
1,0.442296,0.450746
1,0.44202,0.928651
1,0.441706,0.475481
1,0.438756,0.561481
1,0.434325,0.439714
1,0.430232,0.461582
1,0.425955,0.4332
1,0.42572,0.47003
1,0.424468,0.490417
1,0.423952,0.558124
1,0.423396,0.562593
1,0.41717,0.457001
1,0.415673,0.479959
1,0.413221,0.54019
1,0.409353,0.476196
1,0.408301,0.443866
1,0.407298,0.448785
1,0.405247,0.427105
1,0.402447,0.486371
1,0.399968,0.471614
1,0.398925,0.40432
1,0.397507,0.443167
1,0.397391,0.428305
1,0.396118,0.530829
1,0.393067,0.419149
1,0.391323,0.529324
1,0.390529,0.56731
1,0.389291,0.400522
1,0.388839,0.582714
1,0.388192,0.412089
1,0.385606,0.437428
1,0.382464,0.980378
1,0.38184,0.442364
1,0.379607,0.426456
1,0.378949,0.557712
1,0.37853,0.379638
1,0.378506,0.389731
1,0.377348,0.433235
1,0.374613,0.421007
1,0.373468,0.431737
1,0.369253,0.446703
1,0.368879,0.394758
1,0.367159,0.393601
1,0.366158,0.37749
1,0.365921,0.429454
1,0.365275,0.530852
1,0.364192,0.378302
1,0.360815,0.408642
1,0.359011,0.556553
1,0.358998,0.5025
1,0.354475,0.397859
1,0.352636,0.50969
1,0.348631,0.37062
1,0.346926,0.517235
1,0.345073,0.426212
1,0.343172,0.396768
1,0.340715,0.406648
1,0.340596,0.3543
1,0.340098,0.380658
1,0.339344,0.419285
1,0.338142,0.350208
1,0.337304,0.466908
1,0.336404,0.36084
1,0.336347,0.353535
1,0.334434,0.342046
1,0.334102,0.340242
1,0.325894,0.5653
1,0.325233,0.65091
1,0.325221,0.329527
1,0.324521,0.356061
1,0.323689,0.371336
1,0.322348,0.37672
1,0.318147,0.356962
1,0.317743,0.318918
1,0.317317,0.335617
1,0.315679,0.404403
1,0.309521,0.31284
1,0.308314,0.335455
1,0.305504,0.351903
1,0.304584,0.319552
1,0.302112,0.324045
1,0.296382,0.415062
1,0.295975,0.313879
1,0.29373,0.310135
1,0.292021,0.383807
1,0.291472,0.341635
1,0.289624,0.297391
1,0.286341,0.43385
1,0.286253,0.289235
1,0.285559,0.306971
1,0.285504,0.310536
1,0.284467,0.285153
1,0.283883,0.298729
1,0.282307,0.301602
1,0.281685,0.329715
1,0.281282,0.307583
1,0.278727,0.364159
1,0.278039,0.337825
1,0.277914,0.306375
1,0.275225,0.368341
1,0.273422,0.299082
1,0.272627,0.306377
1,0.27159,0.32661
1,0.270847,0.29271
1,0.269692,0.275185
1,0.267488,0.428071
1,0.266356,0.270118
1,0.265173,0.26875
1,0.264771,0.265908
1,0.26389,0.297366
1,0.263651,0.286066
1,0.26282,0.274708
1,0.262479,0.270917
1,0.26152,0.297815
1,0.261313,0.305924
1,0.259549,0.272058
1,0.256644,0.260921
1,0.256281,0.267015
1,0.256018,0.258651
1,0.255501,0.352472
1,0.252403,0.313168
1,0.251294,0.287822
1,0.249322,0.305748
1,0.248915,0.295204
1,0.247589,0.380645
1,0.244679,0.329945
1,0.244065,0.279968
1,0.243445,0.256939
1,0.243355,0.254733
1,0.241495,0.276978
1,0.241455,0.245894
1,0.241404,0.248935
1,0.241135,0.263841
1,0.240544,0.269488
1,0.240298,0.240442
1,0.239432,0.292904
1,0.238759,0.26086
1,0.23867,0.348136
1,0.238557,0.274025
1,0.238236,0.252258
1,0.237295,0.252741
1,0.237127,0.32527
1,0.229913,0.244266
1,0.228809,0.232814
1,0.225951,0.291429
1,0.225459,0.227262
1,0.224267,0.224922
1,0.22355,0.23007
1,0.220872,0.222048
1,0.220365,0.259942
1,0.219016,0.232022
1,0.218949,0.259848
1,0.218783,0.279506
1,0.214476,0.236082
1,0.214246,0.216214
1,0.214088,0.243514
1,0.213505,0.219387
1,0.21126,0.212798
1,0.211104,0.265018
1,0.210809,0.248413
1,0.209678,0.270904
1,0.209202,0.293899
1,0.208812,0.211607
1,0.207564,0.302374
1,0.206374,0.25206
1,0.2057,0.210723
1,0.205405,0.213991
1,0.204014,0.219809
1,0.200344,0.206549
1,0.197976,0.206983
1,0.19604,0.217747
1,0.195123,0.23007
1,0.194146,0.207378
1,0.193846,0.24212
1,0.193418,0.201678
1,0.191491,0.280185
1,0.191265,0.196598
1,0.191049,0.230239
1,0.190396,0.19991
1,0.189488,0.242383
1,0.188608,0.199614
1,0.187231,0.261953
1,0.18717,0.24291
1,0.186885,0.195806
1,0.186009,0.203171
1,0.185763,0.189709
1,0.185403,0.233889
1,0.184808,0.194278
1,0.183769,0.190457
1,0.183144,0.205073
1,0.182453,0.231919
1,0.180853,0.253298
1,0.180832,0.217051
1,0.180446,0.187073
1,0.179734,0.200485
1,0.178399,0.195739
1,0.177974,0.216598
1,0.177751,0.200144
1,0.176748,0.229223
1,0.175763,0.221413
1,0.175419,0.206749
1,0.174566,0.195393
1,0.173803,0.189078
1,0.173676,0.176574
1,0.17319,0.179989
1,0.172859,0.181155
1,0.1726,0.173383
1,0.172406,0.187156
1,0.17015,0.219981
1,0.16985,0.205886
1,0.168877,0.232835
1,0.168554,0.186083
1,0.168534,0.203916
1,0.168168,0.181066
1,0.167418,0.174427
1,0.16622,0.183896
1,0.166016,0.183285
1,0.165403,0.185964
1,0.164679,0.184558
1,0.164435,0.166509
1,0.163587,0.228124
1,0.161851,0.165014
1,0.161744,0.183063
1,0.161221,0.175668
1,0.160563,0.166009
1,0.159994,0.206279
1,0.159981,0.185183
1,0.159662,0.190043
1,0.15916,0.162298
1,0.158809,0.176803
1,0.157919,0.191002
1,0.157751,0.224354
1,0.157273,0.186783
1,0.156453,0.156989
1,0.156281,0.191438
1,0.155234,0.158066
1,0.154934,0.209928
1,0.153552,0.182823
1,0.152939,0.209885
1,0.152732,0.201317
1,0.152503,0.181006
1,0.152411,0.228279
1,0.152188,0.1532
1,0.151903,0.153715
1,0.151754,0.163341
1,0.151177,0.162639
1,0.149968,0.178151
1,0.149598,0.172487
1,0.148211,0.155317
1,0.147803,0.148731
1,0.147628,0.193639
1,0.147441,0.161098
1,0.147405,0.167523
1,0.147172,0.159298
1,0.147065,0.156462
1,0.146595,0.179842
1,0.145272,0.153101
1,0.144495,0.153021
1,0.143938,0.170286
1,0.143783,0.163885
1,0.141882,0.219016
1,0.141879,0.144997
1,0.141231,0.160244
1,0.139605,0.163175
1,0.139034,0.189673
1,0.138678,0.175059
1,0.138544,0.140087
1,0.138243,0.156488
1,0.137741,0.141962
1,0.136899,0.159622
1,0.136851,0.142717
1,0.136753,0.151134
1,0.136593,0.201313
1,0.136352,0.161458
1,0.1363,0.168842
1,0.136111,0.146461
1,0.135502,0.138523
1,0.134661,0.143023
1,0.133665,0.134146
1,0.133204,0.146686
1,0.132765,0.154842
1,0.132544,0.170483
1,0.132397,0.136519
1,0.132096,0.13999
1,0.131811,0.149385
1,0.130423,0.157636
1,0.130202,0.172879
1,0.129533,0.200882
1,0.129103,0.15745
1,0.128641,0.16431
1,0.127425,0.132768
1,0.12609,0.138503
1,0.125078,0.130928
1,0.124138,0.129941
1,0.124077,0.12698
1,0.123202,0.140925
1,0.12147,0.125325
1,0.121439,0.131292
1,0.120793,0.138371
1,0.120492,0.121582
1,0.120339,0.127438
1,0.120031,0.16412
1,0.119697,0.129432
1,0.118488,0.131525
1,0.118067,0.159728
1,0.117471,0.146625
1,0.116975,0.153715
1,0.114031,0.116667
1,0.113715,0.126888
1,0.113395,0.138965
1,0.112068,0.117748
1,0.111891,0.124355
1,0.111739,0.139869
1,0.110445,0.118361
1,0.106914,0.108365
1,0.105808,0.113783
1,0.103113,0.114998
1,0.102426,0.13291
1,0.101753,0.112325
1,0.100821,0.102446
1,0.0998644,0.127386
1,0.0990845,0.127527
1,0.0980716,0.101549
1,0.0980436,0.128657
1,0.0967775,0.145446
1,0.0962766,0.099751
1,0.0961069,0.128929
1,0.0953731,0.0957298
1,0.0947683,0.108289
1,0.0947329,0.0958323
1,0.0934772,0.110244
1,0.0921055,0.101063
1,0.0917917,0.112691
1,0.0916812,0.123718
1,0.0903647,0.0932962
1,0.0887635,0.0895487
1,0.0854664,0.0969775
1,0.0854411,0.0912661
1,0.0848564,0.0849104
1,0.0848498,0.0899036
1,0.0844692,0.0978805
1,0.0790022,0.123943
1,0.0772672,0.0822072
1,0.0719597,0.0826327
1,0.0657869,0.0660236
1,0.0592471,0.0713708
2,1.49454,1.49861
2,1.29698,1.32165
2,1.26679,1.38145
2,1.24406,1.25255
2,1.23911,1.25726
2,0.929578,0.946228
2,0.856432,0.909925
2,0.824991,0.848078
2,0.740975,0.754852
2,0.706771,0.735478
2,0.580662,0.582688
2,0.566336,0.58971
2,0.523186,0.523342
2,0.520823,0.521498
2,0.518453,0.556666
2,0.507375,0.525082
2,0.506837,0.508467
2,0.502391,0.521211
2,0.443602,0.520372
2,0.425669,0.432347
2,0.406285,0.428022
2,0.387366,0.393272
2,0.366341,0.384185
2,0.352458,0.411438
2,0.334587,0.352952
2,0.329877,0.335406
2,0.320752,0.323884
2,0.289483,0.289712
2,0.281131,0.307972
2,0.275648,0.291577
2,0.274536,0.306051
2,0.262813,0.265486
2,0.243384,0.244787
2,0.232953,0.237064
2,0.232683,0.236674
2,0.218892,0.227978
2,0.216681,0.234964
2,0.209905,0.214927
2,0.205845,0.214022
2,0.204589,0.207587
2,0.193672,0.202192
2,0.190552,0.216235
2,0.187271,0.192591
2,0.173482,0.176178
2,0.164914,0.175267
2,0.161999,0.163613
2,0.154573,0.161238
2,0.147677,0.157187
2,0.136556,0.146834
2,0.0928511,0.0966585
