point cloud with 2301 points in dimension 3
0,0,0.0097228
0,0,0.00994532
0,0,0.0110523
0,0,0.0117971
0,0,0.012712
0,0,0.0128189
0,0,0.0138375
0,0,0.0138673
0,0,0.0157647
0,0,0.0158718
0,0,0.0163036
0,0,0.016412
0,0,0.0164507
0,0,0.0170781
0,0,0.017295
0,0,0.0174238
0,0,0.0177801
0,0,0.0179288
0,0,0.0184143
0,0,0.0192214
0,0,0.0195397
0,0,0.0201323
0,0,0.0204016
0,0,0.0208076
0,0,0.0210264
0,0,0.0210992
0,0,0.0214426
0,0,0.0214511
0,0,0.0227838
0,0,0.0233106
0,0,0.0239035
0,0,0.0239348
0,0,0.0240801
0,0,0.0244931
0,0,0.0245224
0,0,0.0248228
0,0,0.025013
0,0,0.0250718
0,0,0.0252723
0,0,0.0253092
0,0,0.0258266
0,0,0.0259379
0,0,0.0259759
0,0,0.0260592
0,0,0.0261106
0,0,0.0261194
0,0,0.0261661
0,0,0.0261982
0,0,0.026334
0,0,0.0265443
0,0,0.026561
0,0,0.0266836
0,0,0.0269139
0,0,0.0271851
0,0,0.0273686
0,0,0.0274374
0,0,0.0275006
0,0,0.0275669
0,0,0.0278653
0,0,0.0285827
0,0,0.0285994
0,0,0.0287021
0,0,0.0288268
0,0,0.0290059
0,0,0.0290876
0,0,0.02926
0,0,0.0292837
0,0,0.0293894
0,0,0.0294442
0,0,0.0294613
0,0,0.0295169
0,0,0.0295221
0,0,0.0295347
0,0,0.0295475
0,0,0.029609
0,0,0.0296097
0,0,0.0297461
0,0,0.0297908
0,0,0.0301313
0,0,0.0307362
0,0,0.030747
0,0,0.0309347
0,0,0.0311171
0,0,0.0311635
0,0,0.0312356
0,0,0.0312357
0,0,0.0313169
0,0,0.0313736
0,0,0.0314145
0,0,0.0318482
0,0,0.0319905
0,0,0.0320931
0,0,0.0321881
0,0,0.032191
0,0,0.0325145
0,0,0.0325427
0,0,0.0325493
0,0,0.0325851
0,0,0.0326866
0,0,0.0327636
0,0,0.0328133
0,0,0.03295
0,0,0.0329555
0,0,0.0331517
0,0,0.0332599
0,0,0.0333971
0,0,0.0334625
0,0,0.0336567
0,0,0.0337327
0,0,0.0338736
0,0,0.0338954
0,0,0.0339127
0,0,0.0341598
0,0,0.0341931
0,0,0.0343048
0,0,0.0345014
0,0,0.0345356
0,0,0.0349652
0,0,0.0350547
0,0,0.0355281
0,0,0.0355655
0,0,0.0359561
0,0,0.0359781
0,0,0.0360513
0,0,0.0360803
0,0,0.0361749
0,0,0.0362643
0,0,0.0363058
0,0,0.0372094
0,0,0.037219
0,0,0.0372725
0,0,0.0373128
0,0,0.0374072
0,0,0.0374445
0,0,0.0375694
0,0,0.0375827
0,0,0.0379601
0,0,0.0379783
0,0,0.0383819
0,0,0.0386261
0,0,0.0387107
0,0,0.0387525
0,0,0.0388656
0,0,0.0391088
0,0,0.0397279
0,0,0.0401414
0,0,0.0402604
0,0,0.0402649
0,0,0.0402802
0,0,0.0403615
0,0,0.0405983
0,0,0.0406135
0,0,0.0406562
0,0,0.0407343
0,0,0.0408104
0,0,0.0410801
0,0,0.0411371
0,0,0.0411379
0,0,0.0412143
0,0,0.0412561
0,0,0.0413246
0,0,0.0413381
0,0,0.0414538
0,0,0.0414607
0,0,0.0414731
0,0,0.0416238
0,0,0.041703
0,0,0.0417059
0,0,0.0417656
0,0,0.0417731
0,0,0.0418537
0,0,0.0418766
0,0,0.0419569
0,0,0.0420677
0,0,0.0421733
0,0,0.0422805
0,0,0.0424879
0,0,0.0425162
0,0,0.042573
0,0,0.0425749
0,0,0.0425905
0,0,0.0426497
0,0,0.0426807
0,0,0.0426821
0,0,0.0427037
0,0,0.0431656
0,0,0.0432299
0,0,0.043254
0,0,0.0437508
0,0,0.0437553
0,0,0.0437583
0,0,0.0439017
0,0,0.0439504
0,0,0.0439985
0,0,0.044026
0,0,0.0440952
0,0,0.044166
0,0,0.0441676
0,0,0.0443145
0,0,0.0445597
0,0,0.0446188
0,0,0.0446742
0,0,0.0446966
0,0,0.0447121
0,0,0.044832
0,0,0.0449788
0,0,0.0450136
0,0,0.0450425
0,0,0.0451673
0,0,0.0451817
0,0,0.0453185
0,0,0.045417
0,0,0.0454184
0,0,0.0455317
0,0,0.0455685
0,0,0.0456129
0,0,0.0457779
0,0,0.0459265
0,0,0.0461897
0,0,0.0462961
0,0,0.0463256
0,0,0.0463376
0,0,0.0466131
0,0,0.046819
0,0,0.0469061
0,0,0.0469644
0,0,0.0469652
0,0,0.0470274
0,0,0.0472357
0,0,0.0472703
0,0,0.0473202
0,0,0.0474966
0,0,0.0475168
0,0,0.0477212
0,0,0.0477552
0,0,0.0477744
0,0,0.0479942
0,0,0.0480833
0,0,0.0484273
0,0,0.0484526
0,0,0.0485443
0,0,0.0486311
0,0,0.048638
0,0,0.0487308
0,0,0.0487597
0,0,0.0488225
0,0,0.0488261
0,0,0.0488633
0,0,0.0488868
0,0,0.0489588
0,0,0.0494901
0,0,0.0496304
0,0,0.0496966
0,0,0.0498148
0,0,0.0498275
0,0,0.0499863
0,0,0.0500067
0,0,0.0500177
0,0,0.0501987
0,0,0.0502405
0,0,0.0503548
0,0,0.0503627
0,0,0.0504852
0,0,0.0506114
0,0,0.0506213
0,0,0.0506291
0,0,0.0507107
0,0,0.0511568
0,0,0.0512318
0,0,0.0512494
0,0,0.0513135
0,0,0.0513161
0,0,0.0513778
0,0,0.0514446
0,0,0.0515375
0,0,0.0519147
0,0,0.0520454
0,0,0.0522314
0,0,0.0522505
0,0,0.0524055
0,0,0.0525059
0,0,0.0525638
0,0,0.0526229
0,0,0.052642
0,0,0.0528036
0,0,0.0528801
0,0,0.0529093
0,0,0.0529775
0,0,0.0530064
0,0,0.0530531
0,0,0.0532838
0,0,0.0532979
0,0,0.0533251
0,0,0.0533309
0,0,0.053404
0,0,0.0534825
0,0,0.0535073
0,0,0.0535157
0,0,0.0540185
0,0,0.0540401
0,0,0.0541471
0,0,0.0541841
0,0,0.0549265
0,0,0.0550381
0,0,0.0550449
0,0,0.0550537
0,0,0.0551166
0,0,0.0552262
0,0,0.0552799
0,0,0.0554247
0,0,0.0554317
0,0,0.055582
0,0,0.0556081
0,0,0.0556872
0,0,0.0558343
0,0,0.0559295
0,0,0.0559422
0,0,0.05598
0,0,0.0560299
0,0,0.0560674
0,0,0.0560757
0,0,0.0561094
0,0,0.0562496
0,0,0.0563889
0,0,0.0565139
0,0,0.0565904
0,0,0.0567455
0,0,0.0573023
0,0,0.0573044
0,0,0.0573552
0,0,0.0576021
0,0,0.057701
0,0,0.0577031
0,0,0.0580715
0,0,0.0580999
0,0,0.0582776
0,0,0.0582861
0,0,0.0585994
0,0,0.0586088
0,0,0.0587973
0,0,0.0588389
0,0,0.058889
0,0,0.0589183
0,0,0.0590162
0,0,0.0591339
0,0,0.0591405
0,0,0.0592066
0,0,0.0592742
0,0,0.0593167
0,0,0.0593711
0,0,0.0594005
0,0,0.0594152
0,0,0.0596088
0,0,0.059746
0,0,0.0600345
0,0,0.060043
0,0,0.0600763
0,0,0.0600955
0,0,0.0601759
0,0,0.0602729
0,0,0.0604308
0,0,0.060548
0,0,0.0605904
0,0,0.0606027
0,0,0.0606091
0,0,0.0606416
0,0,0.0606987
0,0,0.0607874
0,0,0.0610164
0,0,0.0610199
0,0,0.0612382
0,0,0.0614322
0,0,0.0614338
0,0,0.0615656
0,0,0.0615813
0,0,0.0616497
0,0,0.061701
0,0,0.0617129
0,0,0.0617815
0,0,0.0618132
0,0,0.0618179
0,0,0.0619025
0,0,0.062203
0,0,0.0622181
0,0,0.0622745
0,0,0.0623705
0,0,0.0624696
0,0,0.0624799
0,0,0.0625457
0,0,0.0625467
0,0,0.0626563
0,0,0.0627066
0,0,0.0628407
0,0,0.062853
0,0,0.0629196
0,0,0.0629361
0,0,0.062939
0,0,0.0629645
0,0,0.0630057
0,0,0.0630247
0,0,0.0630578
0,0,0.0630666
0,0,0.0630797
0,0,0.06315
0,0,0.0632444
0,0,0.0635429
0,0,0.0635712
0,0,0.0636107
0,0,0.0636551
0,0,0.0639101
0,0,0.0640054
0,0,0.0640939
0,0,0.0641156
0,0,0.0641881
0,0,0.0642326
0,0,0.0642946
0,0,0.0643485
0,0,0.0643524
0,0,0.0643993
0,0,0.0646564
0,0,0.0648105
0,0,0.0648906
0,0,0.064931
0,0,0.0650675
0,0,0.0651395
0,0,0.0652108
0,0,0.0653058
0,0,0.065581
0,0,0.0656277
0,0,0.0656677
0,0,0.0657179
0,0,0.0657262
0,0,0.0657854
0,0,0.0659133
0,0,0.0660453
0,0,0.0661058
0,0,0.0661473
0,0,0.0661758
0,0,0.0662011
0,0,0.0663014
0,0,0.0663157
0,0,0.0663372
0,0,0.0663647
0,0,0.0663826
0,0,0.0665515
0,0,0.0666109
0,0,0.0667106
0,0,0.0668176
0,0,0.0668845
0,0,0.0670636
0,0,0.0671351
0,0,0.0673321
0,0,0.0673473
0,0,0.0675152
0,0,0.0675488
0,0,0.0675603
0,0,0.0676412
0,0,0.0676601
0,0,0.067693
0,0,0.0677025
0,0,0.067709
0,0,0.067742
0,0,0.0679366
0,0,0.0680662
0,0,0.0681664
0,0,0.0684691
0,0,0.0684789
0,0,0.068502
0,0,0.0685903
0,0,0.0686963
0,0,0.0687628
0,0,0.0689146
0,0,0.068988
0,0,0.0690259
0,0,0.0690302
0,0,0.0690418
0,0,0.0692914
0,0,0.0693212
0,0,0.069377
0,0,0.0694055
0,0,0.0694276
0,0,0.0694993
0,0,0.0695551
0,0,0.069764
0,0,0.0697835
0,0,0.069789
0,0,0.0698005
0,0,0.0698876
0,0,0.069941
0,0,0.0699981
0,0,0.0699997
0,0,0.0703455
0,0,0.0704104
0,0,0.0704371
0,0,0.0704379
0,0,0.0704676
0,0,0.0705327
0,0,0.0705611
0,0,0.0706703
0,0,0.0708055
0,0,0.0708142
0,0,0.0708184
0,0,0.0708951
0,0,0.0709328
0,0,0.0709403
0,0,0.0709621
0,0,0.0710102
0,0,0.0713375
0,0,0.0713988
0,0,0.0714106
0,0,0.0714253
0,0,0.0714343
0,0,0.0715318
0,0,0.0715476
0,0,0.0715527
0,0,0.0716015
0,0,0.0717061
0,0,0.0717695
0,0,0.0718583
0,0,0.0719404
0,0,0.0720519
0,0,0.0720761
0,0,0.0721422
0,0,0.072166
0,0,0.0722805
0,0,0.0723777
0,0,0.0723778
0,0,0.0724515
0,0,0.0724598
0,0,0.0724719
0,0,0.0725263
0,0,0.0725782
0,0,0.0726078
0,0,0.0726564
0,0,0.0726801
0,0,0.072773
0,0,0.0727747
0,0,0.0729277
0,0,0.0731196
0,0,0.0731412
0,0,0.0732723
0,0,0.0735935
0,0,0.0736984
0,0,0.0737318
0,0,0.0738775
0,0,0.0738906
0,0,0.0740655
0,0,0.0741135
0,0,0.0741271
0,0,0.0741519
0,0,0.0741876
0,0,0.0743186
0,0,0.07438
0,0,0.0744446
0,0,0.0744496
0,0,0.0744621
0,0,0.0746249
0,0,0.0746939
0,0,0.0747107
0,0,0.0747115
0,0,0.0747658
0,0,0.0748336
0,0,0.0748703
0,0,0.0749243
0,0,0.0749525
0,0,0.0750368
0,0,0.0750492
0,0,0.0751072
0,0,0.075166
0,0,0.0752451
0,0,0.0756272
0,0,0.0757017
0,0,0.075771
0,0,0.0758441
0,0,0.0758559
0,0,0.0759866
0,0,0.0761371
0,0,0.0761883
0,0,0.0761885
0,0,0.0762326
0,0,0.0763386
0,0,0.0763426
0,0,0.0764075
0,0,0.0766523
0,0,0.0766924
0,0,0.0767082
0,0,0.0767502
0,0,0.0768107
0,0,0.0770836
0,0,0.077111
0,0,0.0773142
0,0,0.0773527
0,0,0.0773904
0,0,0.0774148
0,0,0.0774491
0,0,0.0774555
0,0,0.0774744
0,0,0.0775338
0,0,0.0776245
0,0,0.077806
0,0,0.077893
0,0,0.077923
0,0,0.0779534
0,0,0.0780141
0,0,0.0780508
0,0,0.0780669
0,0,0.0781249
0,0,0.0782035
0,0,0.0782383
0,0,0.0782545
0,0,0.078278
0,0,0.0782898
0,0,0.078347
0,0,0.0784285
0,0,0.0784375
0,0,0.0784769
0,0,0.0785027
0,0,0.0787299
0,0,0.0789457
0,0,0.0789564
0,0,0.0789828
0,0,0.0790846
0,0,0.0792827
0,0,0.079351
0,0,0.0794199
0,0,0.0794656
0,0,0.0795131
0,0,0.0795192
0,0,0.0796822
0,0,0.0797401
0,0,0.07978
0,0,0.0798575
0,0,0.0799539
0,0,0.0800063
0,0,0.0800223
0,0,0.0803974
0,0,0.0805952
0,0,0.0806974
0,0,0.0807025
0,0,0.0807487
0,0,0.080763
0,0,0.0808514
0,0,0.0808773
0,0,0.0809393
0,0,0.0809949
0,0,0.0810856
0,0,0.0811939
0,0,0.0812008
0,0,0.0812543
0,0,0.0813364
0,0,0.0813613
0,0,0.0814059
0,0,0.0815697
0,0,0.081584
0,0,0.0817233
0,0,0.0819143
0,0,0.0819395
0,0,0.0819506
0,0,0.0821219
0,0,0.0821341
0,0,0.0822662
0,0,0.0822946
0,0,0.0824102
0,0,0.0824211
0,0,0.0825879
0,0,0.0826228
0,0,0.0826391
0,0,0.0826875
0,0,0.082731
0,0,0.0828238
0,0,0.0829607
0,0,0.0830305
0,0,0.0830541
0,0,0.0830591
0,0,0.083203
0,0,0.0832963
0,0,0.0833795
0,0,0.0834107
0,0,0.0836774
0,0,0.0837087
0,0,0.0837732
0,0,0.0837763
0,0,0.0839551
0,0,0.0840168
0,0,0.0840301
0,0,0.0842043
0,0,0.084333
0,0,0.0843739
0,0,0.0844328
0,0,0.0845606
0,0,0.0845699
0,0,0.0849565
0,0,0.0849707
0,0,0.0850107
0,0,0.0850695
0,0,0.0850713
0,0,0.085248
0,0,0.0853616
0,0,0.0853997
0,0,0.0854828
0,0,0.0855415
0,0,0.0856074
0,0,0.085638
0,0,0.0857327
0,0,0.0857911
0,0,0.0860223
0,0,0.0860247
0,0,0.0861269
0,0,0.0861532
0,0,0.0861633
0,0,0.0862177
0,0,0.086374
0,0,0.086443
0,0,0.0865574
0,0,0.0866038
0,0,0.0866234
0,0,0.0866358
0,0,0.0866533
0,0,0.0867233
0,0,0.0867437
0,0,0.0867876
0,0,0.0869327
0,0,0.0869474
0,0,0.0869554
0,0,0.0869613
0,0,0.086976
0,0,0.0869874
0,0,0.0870103
0,0,0.087037
0,0,0.0870468
0,0,0.0871851
0,0,0.0871883
0,0,0.0872574
0,0,0.0872806
0,0,0.0873087
0,0,0.0873794
0,0,0.0874563
0,0,0.0876036
0,0,0.0876224
0,0,0.0877575
0,0,0.0880805
0,0,0.0881104
0,0,0.0881474
0,0,0.0882515
0,0,0.0882696
0,0,0.0883211
0,0,0.0884329
0,0,0.0884998
0,0,0.0885305
0,0,0.0886326
0,0,0.0886561
0,0,0.0887934
0,0,0.0891219
0,0,0.0892851
0,0,0.089341
0,0,0.0895589
0,0,0.0895603
0,0,0.0895685
0,0,0.0897607
0,0,0.0898332
0,0,0.089852
0,0,0.08994
0,0,0.0899458
0,0,0.0899774
0,0,0.0901472
0,0,0.0902554
0,0,0.0903508
0,0,0.0903837
0,0,0.0905362
0,0,0.090783
0,0,0.0908367
0,0,0.0908801
0,0,0.0910529
0,0,0.0911636
0,0,0.0912686
0,0,0.0912957
0,0,0.0913005
0,0,0.0913509
0,0,0.0914148
0,0,0.0914705
0,0,0.0915908
0,0,0.0920125
0,0,0.0920669
0,0,0.092156
0,0,0.0921778
0,0,0.0921955
0,0,0.0922012
0,0,0.0923687
0,0,0.0924674
0,0,0.0925334
0,0,0.0925894
0,0,0.0926152
0,0,0.0926534
0,0,0.0928375
0,0,0.0928382
0,0,0.0929352
0,0,0.09301
0,0,0.0931084
0,0,0.093122
0,0,0.0931282
0,0,0.0931482
0,0,0.0931583
0,0,0.0931797
0,0,0.093274
0,0,0.0932905
0,0,0.093458
0,0,0.0935963
0,0,0.0935972
0,0,0.0936831
0,0,0.093714
0,0,0.0938114
0,0,0.0940292
0,0,0.0940318
0,0,0.0940508
0,0,0.0941342
0,0,0.0941359
0,0,0.0941629
0,0,0.094165
0,0,0.094174
0,0,0.0942257
0,0,0.0944476
0,0,0.0945764
0,0,0.0948115
0,0,0.0949276
0,0,0.0949586
0,0,0.0949685
0,0,0.095101
0,0,0.0951217
0,0,0.0952746
0,0,0.095684
0,0,0.0956904
0,0,0.0958218
0,0,0.0959552
0,0,0.096203
0,0,0.0962327
0,0,0.0963063
0,0,0.096325
0,0,0.0965129
0,0,0.0965238
0,0,0.0965666
0,0,0.09658
0,0,0.0967461
0,0,0.0967493
0,0,0.0968777
0,0,0.0970312
0,0,0.0971795
0,0,0.0972153
0,0,0.0972267
0,0,0.0972886
0,0,0.0973119
0,0,0.0973282
0,0,0.0973632
0,0,0.0973713
0,0,0.097511
0,0,0.097517
0,0,0.0975634
0,0,0.0976373
0,0,0.097661
0,0,0.0977025
0,0,0.0978861
0,0,0.0979883
0,0,0.0981196
0,0,0.0982297
0,0,0.0984964
0,0,0.0985509
0,0,0.0985731
0,0,0.0987167
0,0,0.0987183
0,0,0.0990003
0,0,0.0990194
0,0,0.0993885
0,0,0.0994569
0,0,0.0995204
0,0,0.099571
0,0,0.0996285
0,0,0.0996513
0,0,0.0999596
0,0,0.0999751
0,0,0.100003
0,0,0.100089
0,0,0.100188
0,0,0.100213
0,0,0.100277
0,0,0.100338
0,0,0.100419
0,0,0.100424
0,0,0.100544
0,0,0.100626
0,0,0.10066
0,0,0.10068
0,0,0.100704
0,0,0.100858
0,0,0.101033
0,0,0.101036
0,0,0.101089
0,0,0.10118
0,0,0.101192
0,0,0.101233
0,0,0.10131
0,0,0.101328
0,0,0.101469
0,0,0.101578
0,0,0.101582
0,0,0.101641
0,0,0.101647
0,0,0.101723
0,0,0.10174
0,0,0.10182
0,0,0.101826
0,0,0.101857
0,0,0.102162
0,0,0.102194
0,0,0.102264
0,0,0.102282
0,0,0.10235
0,0,0.102409
0,0,0.102456
0,0,0.102587
0,0,0.102674
0,0,0.102751
0,0,0.102836
0,0,0.102859
0,0,0.103134
0,0,0.103143
0,0,0.103169
0,0,0.10331
0,0,0.103342
0,0,0.103354
0,0,0.103425
0,0,0.103468
0,0,0.103608
0,0,0.103631
0,0,0.103667
0,0,0.103851
0,0,0.103997
0,0,0.104009
0,0,0.104195
0,0,0.104195
0,0,0.104368
0,0,0.104554
0,0,0.104591
0,0,0.104807
0,0,0.104888
0,0,0.104981
0,0,0.105008
0,0,0.105082
0,0,0.105112
0,0,0.105187
0,0,0.105254
0,0,0.105258
0,0,0.10528
0,0,0.105314
0,0,0.105452
0,0,0.105546
0,0,0.105659
0,0,0.105674
0,0,0.105762
0,0,0.105804
0,0,0.105818
0,0,0.10595
0,0,0.105978
0,0,0.106048
0,0,0.106256
0,0,0.106328
0,0,0.106406
0,0,0.106415
0,0,0.106477
0,0,0.106663
0,0,0.106812
0,0,0.106942
0,0,0.106988
0,0,0.106997
0,0,0.107017
0,0,0.107145
0,0,0.107204
0,0,0.107225
0,0,0.107302
0,0,0.107304
0,0,0.107324
0,0,0.107537
0,0,0.107648
0,0,0.107671
0,0,0.107685
0,0,0.107716
0,0,0.10773
0,0,0.107753
0,0,0.107828
0,0,0.10788
0,0,0.10789
0,0,0.107934
0,0,0.108102
0,0,0.108268
0,0,0.108295
0,0,0.108551
0,0,0.108742
0,0,0.108801
0,0,0.108874
0,0,0.109237
0,0,0.109312
0,0,0.109341
0,0,0.10938
0,0,0.109451
0,0,0.109472
0,0,0.109492
0,0,0.109761
0,0,0.109796
0,0,0.109821
0,0,0.109913
0,0,0.110458
0,0,0.110553
0,0,0.110597
0,0,0.110631
0,0,0.110738
0,0,0.11078
0,0,0.11087
0,0,0.110916
0,0,0.111027
0,0,0.111048
0,0,0.111089
0,0,0.111335
0,0,0.111497
0,0,0.111522
0,0,0.111729
0,0,0.111768
0,0,0.112182
0,0,0.112197
0,0,0.112293
0,0,0.112317
0,0,0.112508
0,0,0.112666
0,0,0.113005
0,0,0.113032
0,0,0.113059
0,0,0.113268
0,0,0.113303
0,0,0.113375
0,0,0.11344
0,0,0.113528
0,0,0.113537
0,0,0.113612
0,0,0.113683
0,0,0.113691
0,0,0.11373
0,0,0.113745
0,0,0.113958
0,0,0.114124
0,0,0.114162
0,0,0.114286
0,0,0.114418
0,0,0.11448
0,0,0.114519
0,0,0.114823
0,0,0.114834
0,0,0.114878
0,0,0.114887
0,0,0.114887
0,0,0.115142
0,0,0.115167
0,0,0.115349
0,0,0.115358
0,0,0.115442
0,0,0.115517
0,0,0.11557
0,0,0.115609
0,0,0.115693
0,0,0.11573
0,0,0.115753
0,0,0.115762
0,0,0.115797
0,0,0.115837
0,0,0.115926
0,0,0.115945
0,0,0.115993
0,0,0.116077
0,0,0.116102
0,0,0.116109
0,0,0.116367
0,0,0.116389
0,0,0.116437
0,0,0.116476
0,0,0.116528
0,0,0.116702
0,0,0.116809
0,0,0.116825
0,0,0.116865
0,0,0.116867
0,0,0.116921
0,0,0.117029
0,0,0.117035
0,0,0.117196
0,0,0.117224
0,0,0.117274
0,0,0.117384
0,0,0.117445
0,0,0.117549
0,0,0.117598
0,0,0.117613
0,0,0.117708
0,0,0.117923
0,0,0.11801
0,0,0.118322
0,0,0.118363
0,0,0.118583
0,0,0.118621
0,0,0.118632
0,0,0.118797
0,0,0.118883
0,0,0.118934
0,0,0.119043
0,0,0.119048
0,0,0.119184
0,0,0.119252
0,0,0.119287
0,0,0.119352
0,0,0.119401
0,0,0.119616
0,0,0.119685
0,0,0.119686
0,0,0.119769
0,0,0.119933
0,0,0.11995
0,0,0.120073
0,0,0.120252
0,0,0.120462
0,0,0.120512
0,0,0.120686
0,0,0.120932
0,0,0.121052
0,0,0.12129
0,0,0.121466
0,0,0.121513
0,0,0.121585
0,0,0.121617
0,0,0.121627
0,0,0.121785
0,0,0.121843
0,0,0.121923
0,0,0.122176
0,0,0.122213
0,0,0.122226
0,0,0.122344
0,0,0.122508
0,0,0.122508
0,0,0.122641
0,0,0.122649
0,0,0.122692
0,0,0.122829
0,0,0.122848
0,0,0.122867
0,0,0.12292
0,0,0.122962
0,0,0.123034
0,0,0.123043
0,0,0.123161
0,0,0.123331
0,0,0.123478
0,0,0.123576
0,0,0.123902
0,0,0.124178
0,0,0.124207
0,0,0.124261
0,0,0.124385
0,0,0.12444
0,0,0.124602
0,0,0.124668
0,0,0.124847
0,0,0.124959
0,0,0.124963
0,0,0.125394
0,0,0.125622
0,0,0.125643
0,0,0.125782
0,0,0.125787
0,0,0.125904
0,0,0.125961
0,0,0.12602
0,0,0.126083
0,0,0.126299
0,0,0.126324
0,0,0.126368
0,0,0.126545
0,0,0.126586
0,0,0.126637
0,0,0.126712
0,0,0.12689
0,0,0.12706
0,0,0.127216
0,0,0.127253
0,0,0.127274
0,0,0.127526
0,0,0.127531
0,0,0.127883
0,0,0.127966
0,0,0.128061
0,0,0.128163
0,0,0.128183
0,0,0.128315
0,0,0.128528
0,0,0.12879
0,0,0.129068
0,0,0.12916
0,0,0.129224
0,0,0.129316
0,0,0.129347
0,0,0.129531
0,0,0.129679
0,0,0.129722
0,0,0.129752
0,0,0.129831
0,0,0.130462
0,0,0.130473
0,0,0.130707
0,0,0.130767
0,0,0.130773
0,0,0.130809
0,0,0.130909
0,0,0.130945
0,0,0.131
0,0,0.131017
0,0,0.131335
0,0,0.131626
0,0,0.131862
0,0,0.131934
0,0,0.131961
0,0,0.131994
0,0,0.132028
0,0,0.132065
0,0,0.13265
0,0,0.132732
0,0,0.132767
0,0,0.132779
0,0,0.132791
0,0,0.132904
0,0,0.132929
0,0,0.132936
0,0,0.133061
0,0,0.13307
0,0,0.133108
0,0,0.133444
0,0,0.133497
0,0,0.133593
0,0,0.133819
0,0,0.133978
0,0,0.134028
0,0,0.134083
0,0,0.134142
0,0,0.134172
0,0,0.134186
0,0,0.134222
0,0,0.134272
0,0,0.134391
0,0,0.13449
0,0,0.134586
0,0,0.134799
0,0,0.134875
0,0,0.134957
0,0,0.135117
0,0,0.135201
0,0,0.135383
0,0,0.135464
0,0,0.135565
0,0,0.135589
0,0,0.135596
0,0,0.135628
0,0,0.135815
0,0,0.135826
0,0,0.135908
0,0,0.135985
0,0,0.136008
0,0,0.136183
0,0,0.136473
0,0,0.136511
0,0,0.136964
0,0,0.136994
0,0,0.137015
0,0,0.137114
0,0,0.137143
0,0,0.137151
0,0,0.137226
0,0,0.137773
0,0,0.137825
0,0,0.138063
0,0,0.138092
0,0,0.138198
0,0,0.138262
0,0,0.138313
0,0,0.138489
0,0,0.138553
0,0,0.138587
0,0,0.138765
0,0,0.138795
0,0,0.139032
0,0,0.139061
0,0,0.139334
0,0,0.139499
0,0,0.139665
0,0,0.139706
0,0,0.139758
0,0,0.139794
0,0,0.139867
0,0,0.139877
0,0,0.139886
0,0,0.13995
0,0,0.140054
0,0,0.140071
0,0,0.140088
0,0,0.140093
0,0,0.140202
0,0,0.140244
0,0,0.140285
0,0,0.140447
0,0,0.140473
0,0,0.140502
0,0,0.140548
0,0,0.140719
0,0,0.140908
0,0,0.141057
0,0,0.141557
0,0,0.141764
0,0,0.141842
0,0,0.142016
0,0,0.142176
0,0,0.142225
0,0,0.142296
0,0,0.142338
0,0,0.142429
0,0,0.142439
0,0,0.142666
0,0,0.142739
0,0,0.142748
0,0,0.143028
0,0,0.143134
0,0,0.143144
0,0,0.143209
0,0,0.143265
0,0,0.143273
0,0,0.143304
0,0,0.143318
0,0,0.143516
0,0,0.143873
0,0,0.144018
0,0,0.144106
0,0,0.144176
0,0,0.144232
0,0,0.144534
0,0,0.144633
0,0,0.144649
0,0,0.144687
0,0,0.144826
0,0,0.145006
0,0,0.145107
0,0,0.145164
0,0,0.145299
0,0,0.145313
0,0,0.145399
0,0,0.145465
0,0,0.145514
0,0,0.145563
0,0,0.145573
0,0,0.145815
0,0,0.145897
0,0,0.145925
0,0,0.145929
0,0,0.145975
0,0,0.146133
0,0,0.146177
0,0,0.146195
0,0,0.146369
0,0,0.146403
0,0,0.146754
0,0,0.146762
0,0,0.146836
0,0,0.146843
0,0,0.146856
0,0,0.146917
0,0,0.146929
0,0,0.147015
0,0,0.147302
0,0,0.147309
0,0,0.147314
0,0,0.147428
0,0,0.147543
0,0,0.147714
0,0,0.147721
0,0,0.147823
0,0,0.147827
0,0,0.147837
0,0,0.147912
0,0,0.148108
0,0,0.148159
0,0,0.148285
0,0,0.148285
0,0,0.148301
0,0,0.148365
0,0,0.148412
0,0,0.148482
0,0,0.148872
0,0,0.149103
0,0,0.149121
0,0,0.149122
0,0,0.149136
0,0,0.149314
0,0,0.149357
0,0,0.149563
0,0,0.149589
0,0,0.149625
0,0,0.149852
0,0,0.149977
0,0,0.149991
0,0,0.150242
0,0,0.150336
0,0,0.150443
0,0,0.150534
0,0,0.150799
0,0,0.15083
0,0,0.150836
0,0,0.151197
0,0,0.15121
0,0,0.151607
0,0,0.151708
0,0,0.151824
0,0,0.151908
0,0,0.15201
0,0,0.152168
0,0,0.152237
0,0,0.152287
0,0,0.152348
0,0,0.152406
0,0,0.152478
0,0,0.152484
0,0,0.152546
0,0,0.15262
0,0,0.15265
0,0,0.15312
0,0,0.153123
0,0,0.153179
0,0,0.153388
0,0,0.15341
0,0,0.153425
0,0,0.153778
0,0,0.153878
0,0,0.153987
0,0,0.154075
0,0,0.154132
0,0,0.154348
0,0,0.154467
0,0,0.15468
0,0,0.15507
0,0,0.155341
0,0,0.155513
0,0,0.155542
0,0,0.15571
0,0,0.155754
0,0,0.156138
0,0,0.156155
0,0,0.156387
0,0,0.156521
0,0,0.156573
0,0,0.156704
0,0,0.156782
0,0,0.156808
0,0,0.156862
0,0,0.156872
0,0,0.156984
0,0,0.15701
0,0,0.157059
0,0,0.157062
0,0,0.157199
0,0,0.157367
0,0,0.15745
0,0,0.157484
0,0,0.157529
0,0,0.157566
0,0,0.157904
0,0,0.15796
0,0,0.15797
0,0,0.157985
0,0,0.158089
0,0,0.158177
0,0,0.158256
0,0,0.158345
0,0,0.158354
0,0,0.158529
0,0,0.158537
0,0,0.158957
0,0,0.159275
0,0,0.159349
0,0,0.159404
0,0,0.159732
0,0,0.160349
0,0,0.160434
0,0,0.160461
0,0,0.160529
0,0,0.160564
0,0,0.160678
0,0,0.160877
0,0,0.161145
0,0,0.161261
0,0,0.1613
0,0,0.161346
0,0,0.161404
0,0,0.161436
0,0,0.161558
0,0,0.161626
0,0,0.161849
0,0,0.162241
0,0,0.162429
0,0,0.162598
0,0,0.162684
0,0,0.162893
0,0,0.162963
0,0,0.162979
0,0,0.163109
0,0,0.163173
0,0,0.163175
0,0,0.163181
0,0,0.163298
0,0,0.163585
0,0,0.163604
0,0,0.163613
0,0,0.163672
0,0,0.163763
0,0,0.163797
0,0,0.163967
0,0,0.163976
0,0,0.164111
0,0,0.164145
0,0,0.164218
0,0,0.164264
0,0,0.164463
0,0,0.164526
0,0,0.164559
0,0,0.165017
0,0,0.165093
0,0,0.165168
0,0,0.165285
0,0,0.165529
0,0,0.16554
0,0,0.165672
0,0,0.165717
0,0,0.166056
0,0,0.166132
0,0,0.166529
0,0,0.166552
0,0,0.166599
0,0,0.166642
0,0,0.166679
0,0,0.166725
0,0,0.16676
0,0,0.167084
0,0,0.167167
0,0,0.167443
0,0,0.167502
0,0,0.167626
0,0,0.167644
0,0,0.167728
0,0,0.167848
0,0,0.168208
0,0,0.168262
0,0,0.168393
0,0,0.168574
0,0,0.168596
0,0,0.168993
0,0,0.169147
0,0,0.169259
0,0,0.169442
0,0,0.169753
0,0,0.170036
0,0,0.17015
0,0,0.170196
0,0,0.170393
0,0,0.170398
0,0,0.170529
0,0,0.170876
0,0,0.170884
0,0,0.170885
0,0,0.170904
0,0,0.170969
0,0,0.171084
0,0,0.171211
0,0,0.171246
0,0,0.171288
0,0,0.17144
0,0,0.171493
0,0,0.171739
0,0,0.171916
0,0,0.172054
0,0,0.172214
0,0,0.172517
0,0,0.172672
0,0,0.172708
0,0,0.172737
0,0,0.173487
0,0,0.17354
0,0,0.173781
0,0,0.173834
0,0,0.174115
0,0,0.17417
0,0,0.174402
0,0,0.174601
0,0,0.174693
0,0,0.174714
0,0,0.174719
0,0,0.174839
0,0,0.175105
0,0,0.175264
0,0,0.17528
0,0,0.17593
0,0,0.175997
0,0,0.176135
0,0,0.17625
0,0,0.176319
0,0,0.176355
0,0,0.17647
0,0,0.176503
0,0,0.176543
0,0,0.176729
0,0,0.177011
0,0,0.177051
0,0,0.177683
0,0,0.177779
0,0,0.177794
0,0,0.177956
0,0,0.177965
0,0,0.17802
0,0,0.178078
0,0,0.17815
0,0,0.178164
0,0,0.178959
0,0,0.179044
0,0,0.179055
0,0,0.179096
0,0,0.179176
0,0,0.179282
0,0,0.179394
0,0,0.179443
0,0,0.179464
0,0,0.179558
0,0,0.179681
0,0,0.179752
0,0,0.179979
0,0,0.180532
0,0,0.180615
0,0,0.180644
0,0,0.180673
0,0,0.180795
0,0,0.18107
0,0,0.181202
0,0,0.181216
0,0,0.181333
0,0,0.181334
0,0,0.18147
0,0,0.181945
0,0,0.182159
0,0,0.1824
0,0,0.182744
0,0,0.182745
0,0,0.182838
0,0,0.182946
0,0,0.182988
0,0,0.183395
0,0,0.18386
0,0,0.183979
0,0,0.184052
0,0,0.184133
0,0,0.184204
0,0,0.184258
0,0,0.184284
0,0,0.184391
0,0,0.184585
0,0,0.18489
0,0,0.185031
0,0,0.185213
0,0,0.185219
0,0,0.185281
0,0,0.18533
0,0,0.185348
0,0,0.18549
0,0,0.185737
0,0,0.185833
0,0,0.18595
0,0,0.186421
0,0,0.18652
0,0,0.186648
0,0,0.186818
0,0,0.187177
0,0,0.187446
0,0,0.187693
0,0,0.18771
0,0,0.187789
0,0,0.187933
0,0,0.187944
0,0,0.187979
0,0,0.188321
0,0,0.188409
0,0,0.188532
0,0,0.188597
0,0,0.188612
0,0,0.188654
0,0,0.188725
0,0,0.188759
0,0,0.189253
0,0,0.189292
0,0,0.18933
0,0,0.189408
0,0,0.189633
0,0,0.189693
0,0,0.189711
0,0,0.189879
0,0,0.189914
0,0,0.189936
0,0,0.189979
0,0,0.190002
0,0,0.190161
0,0,0.190766
0,0,0.190915
0,0,0.191159
0,0,0.191327
0,0,0.191343
0,0,0.191653
0,0,0.19169
0,0,0.1917
0,0,0.191801
0,0,0.192198
0,0,0.192282
0,0,0.192335
0,0,0.192573
0,0,0.192669
0,0,0.192987
0,0,0.193046
0,0,0.193213
0,0,0.19328
0,0,0.193303
0,0,0.193509
0,0,0.193589
0,0,0.193636
0,0,0.193957
0,0,0.194115
0,0,0.194232
0,0,0.19433
0,0,0.194603
0,0,0.194707
0,0,0.194807
0,0,0.194817
0,0,0.194832
0,0,0.194905
0,0,0.194953
0,0,0.195326
0,0,0.195485
0,0,0.195669
0,0,0.195864
0,0,0.195942
0,0,0.196001
0,0,0.196114
0,0,0.196264
0,0,0.19627
0,0,0.19629
0,0,0.196302
0,0,0.196656
0,0,0.196827
0,0,0.196957
0,0,0.197215
0,0,0.198011
0,0,0.198138
0,0,0.198324
0,0,0.198344
0,0,0.198842
0,0,0.19902
0,0,0.19905
0,0,0.199243
0,0,0.199343
0,0,0.199492
0,0,0.199586
0,0,0.199775
0,0,0.199851
0,0,0.19986
0,0,0.200158
0,0,0.200201
0,0,0.20033
0,0,0.200472
0,0,0.200681
0,0,0.200892
0,0,0.20106
0,0,0.201407
0,0,0.201576
0,0,0.201641
0,0,0.201757
0,0,0.201799
0,0,0.202035
0,0,0.202115
0,0,0.202365
0,0,0.202702
0,0,0.202815
0,0,0.203
0,0,0.203162
0,0,0.203214
0,0,0.203655
0,0,0.203673
0,0,0.203825
0,0,0.203868
0,0,0.203976
0,0,0.20399
0,0,0.204078
0,0,0.204178
0,0,0.204641
0,0,0.204945
0,0,0.204954
0,0,0.205119
0,0,0.205239
0,0,0.205687
0,0,0.205821
0,0,0.206095
0,0,0.206097
0,0,0.206176
0,0,0.206352
0,0,0.206387
0,0,0.206405
0,0,0.206434
0,0,0.206994
0,0,0.207113
0,0,0.207549
0,0,0.207632
0,0,0.208229
0,0,0.208554
0,0,0.208689
0,0,0.208928
0,0,0.209626
0,0,0.209686
0,0,0.209896
0,0,0.210186
0,0,0.210417
0,0,0.210628
0,0,0.211057
0,0,0.211064
0,0,0.211147
0,0,0.211316
0,0,0.211422
0,0,0.211424
0,0,0.211793
0,0,0.211831
0,0,0.21199
0,0,0.212152
0,0,0.212173
0,0,0.212326
0,0,0.212461
0,0,0.212565
0,0,0.212586
0,0,0.213605
0,0,0.213894
0,0,0.213972
0,0,0.21413
0,0,0.214322
0,0,0.214388
0,0,0.214524
0,0,0.214606
0,0,0.215108
0,0,0.215116
0,0,0.21515
0,0,0.215361
0,0,0.215504
0,0,0.21583
0,0,0.216404
0,0,0.216657
0,0,0.216801
0,0,0.217334
0,0,0.217493
0,0,0.217522
0,0,0.21786
0,0,0.217932
0,0,0.218008
0,0,0.218013
0,0,0.21808
0,0,0.218146
0,0,0.218427
0,0,0.21858
0,0,0.219038
0,0,0.21908
0,0,0.219103
0,0,0.219415
0,0,0.219421
0,0,0.219595
0,0,0.219728
0,0,0.219863
0,0,0.219878
0,0,0.22032
0,0,0.220372
0,0,0.220557
0,0,0.220627
0,0,0.220631
0,0,0.220659
0,0,0.220763
0,0,0.220898
0,0,0.221118
0,0,0.221145
0,0,0.221315
0,0,0.221514
0,0,0.22156
0,0,0.22202
0,0,0.2224
0,0,0.222559
0,0,0.222841
0,0,0.223125
0,0,0.223238
0,0,0.223344
0,0,0.223425
0,0,0.224161
0,0,0.224343
0,0,0.224512
0,0,0.224582
0,0,0.224768
0,0,0.224803
0,0,0.22549
0,0,0.225745
0,0,0.225746
0,0,0.226174
0,0,0.226255
0,0,0.226283
0,0,0.22633
0,0,0.22681
0,0,0.226824
0,0,0.227116
0,0,0.227303
0,0,0.227658
0,0,0.228045
0,0,0.228073
0,0,0.228177
0,0,0.228714
0,0,0.228931
0,0,0.229075
0,0,0.229558
0,0,0.229984
0,0,0.230073
0,0,0.230387
0,0,0.230408
0,0,0.230434
0,0,0.230843
0,0,0.231846
0,0,0.232599
0,0,0.232723
0,0,0.232818
0,0,0.23292
0,0,0.233169
0,0,0.233219
0,0,0.233407
0,0,0.233449
0,0,0.233529
0,0,0.233632
0,0,0.233632
0,0,0.234145
0,0,0.23422
0,0,0.235366
0,0,0.235472
0,0,0.235476
0,0,0.235494
0,0,0.235555
0,0,0.23561
0,0,0.235979
0,0,0.236013
0,0,0.236057
0,0,0.236402
0,0,0.236531
0,0,0.236588
0,0,0.236601
0,0,0.236968
0,0,0.237059
0,0,0.238292
0,0,0.238446
0,0,0.23874
0,0,0.239433
0,0,0.239515
0,0,0.239709
0,0,0.239752
0,0,0.239978
0,0,0.240004
0,0,0.240225
0,0,0.240357
0,0,0.240396
0,0,0.240726
0,0,0.241317
0,0,0.242042
0,0,0.242224
0,0,0.242367
0,0,0.242406
0,0,0.242535
0,0,0.243071
0,0,0.24342
0,0,0.243749
0,0,0.244337
0,0,0.244495
0,0,0.244553
0,0,0.245114
0,0,0.245136
0,0,0.245498
0,0,0.24555
0,0,0.245599
0,0,0.245639
0,0,0.245745
0,0,0.245792
0,0,0.245795
0,0,0.246256
0,0,0.246366
0,0,0.246956
0,0,0.247003
0,0,0.247204
0,0,0.247255
0,0,0.248117
0,0,0.248216
0,0,0.248393
0,0,0.248699
0,0,0.249605
0,0,0.249614
0,0,0.249959
0,0,0.249974
0,0,0.250128
0,0,0.250168
0,0,0.250284
0,0,0.250315
0,0,0.251709
0,0,0.252313
0,0,0.252456
0,0,0.25254
0,0,0.252679
0,0,0.252832
0,0,0.253002
0,0,0.25313
0,0,0.253737
0,0,0.25379
0,0,0.253948
0,0,0.254222
0,0,0.255002
0,0,0.255513
0,0,0.255605
0,0,0.255621
0,0,0.255635
0,0,0.256131
0,0,0.258121
0,0,0.258825
0,0,0.258866
0,0,0.258939
0,0,0.259116
0,0,0.25967
0,0,0.259772
0,0,0.259896
0,0,0.260544
0,0,0.26055
0,0,0.260721
0,0,0.260729
0,0,0.261698
0,0,0.262736
0,0,0.263129
0,0,0.264027
0,0,0.264072
0,0,0.264245
0,0,0.264786
0,0,0.264799
0,0,0.265024
0,0,0.265522
0,0,0.266187
0,0,0.26665
0,0,0.266828
0,0,0.267087
0,0,0.267109
0,0,0.267349
0,0,0.267353
0,0,0.267504
0,0,0.267903
0,0,0.269098
0,0,0.269309
0,0,0.269894
0,0,0.270099
0,0,0.270626
0,0,0.27106
0,0,0.271648
0,0,0.271886
0,0,0.27226
0,0,0.272906
0,0,0.273138
0,0,0.273586
0,0,0.273697
0,0,0.274218
0,0,0.274942
0,0,0.27496
0,0,0.275551
0,0,0.275688
0,0,0.276301
0,0,0.277042
0,0,0.277048
0,0,0.277452
0,0,0.277638
0,0,0.277812
0,0,0.27856
0,0,0.278683
0,0,0.278731
0,0,0.2789
0,0,0.278907
0,0,0.27949
0,0,0.279531
0,0,0.280105
0,0,0.280739
0,0,0.281174
0,0,0.281544
0,0,0.284105
0,0,0.284317
0,0,0.284706
0,0,0.284857
0,0,0.285414
0,0,0.285669
0,0,0.286137
0,0,0.286168
0,0,0.286172
0,0,0.286525
0,0,0.287151
0,0,0.287402
0,0,0.287896
0,0,0.287959
0,0,0.288333
0,0,0.288682
0,0,0.288889
0,0,0.289265
0,0,0.2899
0,0,0.290309
0,0,0.290331
0,0,0.290412
0,0,0.290667
0,0,0.290954
0,0,0.291314
0,0,0.291418
0,0,0.29233
0,0,0.292748
0,0,0.293615
0,0,0.293771
0,0,0.29475
0,0,0.294905
0,0,0.294912
0,0,0.295073
0,0,0.295962
0,0,0.296864
0,0,0.296994
0,0,0.297034
0,0,0.297106
0,0,0.297312
0,0,0.298584
0,0,0.301665
0,0,0.301851
0,0,0.302093
0,0,0.302738
0,0,0.303837
0,0,0.304127
0,0,0.304544
0,0,0.305214
0,0,0.305328
0,0,0.305405
0,0,0.307307
0,0,0.308675
0,0,0.309708
0,0,0.311387
0,0,0.312998
0,0,0.313859
0,0,0.314461
0,0,0.317507
0,0,0.317914
0,0,0.318376
0,0,0.318682
0,0,0.31899
0,0,0.319984
0,0,0.320669
0,0,0.322246
0,0,0.322989
0,0,0.323057
0,0,0.323623
0,0,0.323879
0,0,0.325466
0,0,0.326087
0,0,0.326736
0,0,0.328573
0,0,0.328702
0,0,0.330767
0,0,0.332529
0,0,0.332687
0,0,0.333577
0,0,0.333852
0,0,0.334432
0,0,0.334743
0,0,0.334753
0,0,0.335503
0,0,0.335924
0,0,0.335965
0,0,0.33669
0,0,0.337469
0,0,0.338865
0,0,0.339554
0,0,0.342148
0,0,0.342171
0,0,0.342214
0,0,0.343228
0,0,0.34381
0,0,0.344041
0,0,0.344525
0,0,0.344573
0,0,0.344616
0,0,0.344892
0,0,0.344953
0,0,0.345047
0,0,0.345633
0,0,0.347612
0,0,0.348723
0,0,0.353889
0,0,0.354501
0,0,0.354519
0,0,0.356094
0,0,0.356605
0,0,0.357892
0,0,0.362101
0,0,0.362314
0,0,0.36242
0,0,0.364366
0,0,0.367065
0,0,0.367864
0,0,0.372342
0,0,0.373135
0,0,0.374023
0,0,0.375627
0,0,0.376559
0,0,0.381824
0,0,0.382216
0,0,0.383519
0,0,0.385576
0,0,0.387178
0,0,0.388517
0,0,0.388864
0,0,0.390016
0,0,0.391722
0,0,0.392527
0,0,0.393436
0,0,0.394194
0,0,0.395139
0,0,0.39656
0,0,0.397207
0,0,0.397713
0,0,0.400449
0,0,0.401106
0,0,0.403129
0,0,0.404657
0,0,0.405879
0,0,0.409963
0,0,0.411123
0,0,0.41318
0,0,0.413231
0,0,0.413472
0,0,0.416023
0,0,0.417541
0,0,0.418325
0,0,0.418641
0,0,0.424621
0,0,0.427898
0,0,0.430832
0,0,0.432458
0,0,0.433895
0,0,0.435744
0,0,0.436329
0,0,0.436403
0,0,0.441681
0,0,0.444838
0,0,0.445122
0,0,0.44625
0,0,0.450096
0,0,0.451183
0,0,0.457669
0,0,0.460937
0,0,0.461147
0,0,0.46988
0,0,0.475393
0,0,0.486357
0,0,0.495425
0,0,0.500738
0,0,0.503416
0,0,0.506459
0,0,0.507745
0,0,0.508094
0,0,0.510246
0,0,0.511863
0,0,0.519611
0,0,0.519735
0,0,0.526422
0,0,0.532556
0,0,0.534543
0,0,0.540322
0,0,0.546948
0,0,0.557311
0,0,0.565422
0,0,0.573477
0,0,0.601205
0,0,0.606113
0,0,0.627026
0,0,0.627765
0,0,0.652523
0,0,0.711386
0,0,0.735807
0,0,0.884742
0,0,0.909133
0,0,3
1,1.04256,1.04885
1,0.982859,1.00727
1,0.967043,1.00994
1,0.87961,0.888368
1,0.845349,0.852061
1,0.83557,0.882242
1,0.821518,0.879315
1,0.787685,0.901834
1,0.763452,0.843528
1,0.752621,0.759316
1,0.75091,0.831493
1,0.750565,0.801072
1,0.749443,0.846454
1,0.742035,0.905557
1,0.715857,0.744979
1,0.71578,0.761159
1,0.707755,0.740878
1,0.703472,0.711479
1,0.699331,0.760787
1,0.699306,0.755653
1,0.698313,0.803044
1,0.683532,0.69448
1,0.672816,0.889564
1,0.660185,0.755511
1,0.657925,0.689229
1,0.65569,0.664139
1,0.643273,0.843212
1,0.63549,0.64387
1,0.631537,0.725932
1,0.630874,0.732929
1,0.629074,0.629909
1,0.619261,0.830938
1,0.608869,0.68169
1,0.606522,0.608226
1,0.602455,0.653906
1,0.600185,0.630136
1,0.598568,0.908146
1,0.597238,1.10758
1,0.596599,0.624431
1,0.594354,0.675696
1,0.59204,0.594087
1,0.59003,0.615136
1,0.587805,0.620366
1,0.586875,0.681855
1,0.585117,0.671481
1,0.584937,1.03995
1,0.584775,0.651903
1,0.583201,0.629784
1,0.583049,0.614915
1,0.582159,0.83608
1,0.582045,0.628142
1,0.577833,0.647172
1,0.574461,0.580349
1,0.572911,0.591682
1,0.565058,0.767328
1,0.563506,0.567547
1,0.559403,0.799304
1,0.556114,0.59718
1,0.554582,0.577585
1,0.553786,0.845478
1,0.551539,0.556998
1,0.549248,0.644124
1,0.54778,0.549879
1,0.547397,0.56672
1,0.544088,0.624163
1,0.54338,0.54857
1,0.543275,0.589237
1,0.541863,0.63528
1,0.540786,0.572042
1,0.537958,0.746193
1,0.537757,0.56099
1,0.537613,0.567836
1,0.535853,0.584176
1,0.535267,0.561424
1,0.53331,0.680039
1,0.532194,0.802012
1,0.531695,0.576215
1,0.529143,0.530246
1,0.52796,0.646752
1,0.527124,0.576405
1,0.523142,0.603269
1,0.522622,1.00727
1,0.49896,0.525933
1,0.498091,0.847191
1,0.495689,0.570466
1,0.49293,0.909152
1,0.492918,0.504952
1,0.492648,0.662102
1,0.491124,0.537588
1,0.489038,0.608272
1,0.483176,0.571136
1,0.482513,0.498084
1,0.482008,0.502634
1,0.480442,0.506022
1,0.479602,0.691366
1,0.477446,0.58149
1,0.477264,0.551151
1,0.472617,0.482317
1,0.472501,0.517311
1,0.470915,0.484817
1,0.468648,0.572091
1,0.467995,0.503378
1,0.46711,0.529772
1,0.466714,0.48465
1,0.466021,0.470757
1,0.463251,0.484925
1,0.463246,0.521422
1,0.461284,0.553301
1,0.461197,0.473402
1,0.453446,0.545862
1,0.451118,0.46811
1,0.449399,0.452653
1,0.449302,0.794219
1,0.447577,0.469108
1,0.44728,0.517238
1,0.445971,0.51102
1,0.444632,0.467804
1,0.443133,0.476343
1,0.441092,0.741336
1,0.440869,0.450336
1,0.439958,0.482413
1,0.439099,0.85933
1,0.436553,0.478784
1,0.432259,0.47289
1,0.431909,0.572131
1,0.428052,0.436169
1,0.427379,0.463355
1,0.425913,0.444287
1,0.423999,0.47782
1,0.422732,0.485369
1,0.422588,0.530126
1,0.420504,0.567973
1,0.420152,0.430268
1,0.420035,0.585898
1,0.419689,0.429159
1,0.419489,0.471406
1,0.417981,0.421296
1,0.41797,0.467124
1,0.417591,0.419242
1,0.417429,0.538243
1,0.416567,0.569332
1,0.410186,0.477977
1,0.407994,0.416624
1,0.407183,0.412151
1,0.406694,0.497957
1,0.406609,0.427679
1,0.404939,0.546241
1,0.403665,0.568129
1,0.403462,0.406986
1,0.403301,0.456533
1,0.402565,0.475196
1,0.402404,0.425923
1,0.399286,0.455795
1,0.398394,0.400874
1,0.397738,0.427475
1,0.397229,0.419152
1,0.396375,0.431992
1,0.396334,0.525716
1,0.391891,0.447776
1,0.391677,0.449194
1,0.390133,0.432112
1,0.389308,0.537088
1,0.38707,0.40151
1,0.386903,0.421331
1,0.384163,0.446188
1,0.380165,0.394818
1,0.374642,0.386781
1,0.373346,0.40439
1,0.37182,0.418703
1,0.371568,0.372548
1,0.369049,0.388746
1,0.367586,0.406345
1,0.366197,0.394434
1,0.364875,0.647673
1,0.364568,0.397468
1,0.363211,0.388441
1,0.363071,0.366746
1,0.362946,0.379406
1,0.362803,0.367078
1,0.362589,0.364739
1,0.36165,0.497644
1,0.360619,0.450175
1,0.360155,0.373414
1,0.359869,0.474919
1,0.35967,0.398043
1,0.358661,0.401593
1,0.358061,0.42252
1,0.358041,0.430109
1,0.356878,0.412288
1,0.356338,0.424395
1,0.356333,0.37339
1,0.355669,0.404023
1,0.353779,0.423329
1,0.352181,0.477991
1,0.352174,0.368815
1,0.351533,0.423732
1,0.351527,0.455034
1,0.351112,0.386919
1,0.350856,0.493814
1,0.350711,0.369754
1,0.350057,0.365854
1,0.349101,0.354613
1,0.348966,0.401293
1,0.348945,0.520311
1,0.348852,0.381296
1,0.348597,0.406272
1,0.347687,0.356134
1,0.34628,0.414912
1,0.344719,0.365758
1,0.344291,0.365108
1,0.343939,0.404594
1,0.343888,1.06592
1,0.343746,0.403713
1,0.342452,0.444134
1,0.341724,0.350953
1,0.339891,0.342478
1,0.338786,0.574328
1,0.338766,0.371512
1,0.338235,0.365655
1,0.337692,0.359454
1,0.33704,0.349443
1,0.333522,0.391551
1,0.332994,0.435505
1,0.331949,0.368186
1,0.331327,0.372927
1,0.331057,0.33482
1,0.329918,0.338968
1,0.326298,0.341617
1,0.324617,0.387735
1,0.322381,0.326076
1,0.321035,0.373469
1,0.320523,0.479365
1,0.319633,0.342673
1,0.318008,0.485895
1,0.316478,0.456732
1,0.316364,0.348886
1,0.316334,0.329649
1,0.315631,0.320886
1,0.31546,0.321796
1,0.314317,0.39216
1,0.313528,0.350562
1,0.31343,0.343598
1,0.313363,0.408576
1,0.312804,0.329835
1,0.311718,0.328198
1,0.311714,0.37752
1,0.311399,0.323149
1,0.310519,0.37901
1,0.310144,0.322211
1,0.309721,0.356531
1,0.309612,0.325975
1,0.307948,0.317781
1,0.307512,0.327114
1,0.306613,0.371346
1,0.306386,0.33535
1,0.30591,0.370066
1,0.305517,0.308255
1,0.305087,0.317313
1,0.304827,0.361214
1,0.304529,0.346632
1,0.304528,0.312829
1,0.304493,0.405001
1,0.302802,0.406178
1,0.302445,0.383579
1,0.302258,0.393572
1,0.301931,0.329152
1,0.301697,0.307662
1,0.300318,0.392872
1,0.300299,0.316123
1,0.299828,0.312761
1,0.299313,0.305537
1,0.298784,0.389369
1,0.298723,0.345179
1,0.298165,0.336854
1,0.296464,0.297726
1,0.295915,0.453066
1,0.295807,0.341164
1,0.29577,0.30252
1,0.29488,0.31914
1,0.294577,0.466791
1,0.294199,0.41703
1,0.293777,0.294008
1,0.293653,0.322714
1,0.293086,0.460706
1,0.292826,0.379933
1,0.292686,0.305431
1,0.292618,0.341879
1,0.291033,0.318483
1,0.290908,0.34055
1,0.290228,0.329385
1,0.289528,0.451918
1,0.289446,0.302608
1,0.288374,0.288519
1,0.288369,0.323148
1,0.288264,0.421153
1,0.288048,0.338584
1,0.287617,0.433374
1,0.287105,0.321636
1,0.286934,0.297628
1,0.286646,0.288543
1,0.286127,0.387655
1,0.285845,0.348634
1,0.285293,0.294379
1,0.284212,0.353423
1,0.283205,0.304283
1,0.282778,0.304623
1,0.282369,0.320581
1,0.282141,0.310703
1,0.282135,0.296252
1,0.281503,0.289562
1,0.281125,0.296598
1,0.281014,0.283867
1,0.280908,0.313084
1,0.28073,0.356805
1,0.280505,0.303045
1,0.279538,0.319046
1,0.279455,0.344509
1,0.279339,0.343316
1,0.279137,0.296736
1,0.279037,0.347131
1,0.278886,0.291776
1,0.278736,0.326414
1,0.278356,0.326335
1,0.278066,0.320546
1,0.27785,0.288956
1,0.276828,0.298999
1,0.275703,0.323588
1,0.275628,0.322348
1,0.274359,0.340053
1,0.273841,0.314211
1,0.273486,0.30933
1,0.273311,0.285184
1,0.272265,0.288107
1,0.271954,0.291836
1,0.271764,0.42523
1,0.271704,0.322391
1,0.270368,0.29467
1,0.269556,0.28207
1,0.269434,0.270144
1,0.269291,0.30322
1,0.269109,0.28781
1,0.268064,0.268786
1,0.267477,0.357146
1,0.26599,0.329198
1,0.265608,0.343269
1,0.265404,0.27593
1,0.264971,0.328573
1,0.264417,0.268206
1,0.264068,0.314499
1,0.263626,0.317914
1,0.263434,0.417213
1,0.263201,0.269276
1,0.263091,0.270367
1,0.26229,0.463466
1,0.262017,0.300674
1,0.261705,0.317526
1,0.261616,0.289784
1,0.261257,0.270066
1,0.260479,0.261779
1,0.260178,0.310974
1,0.260081,0.326072
1,0.259368,0.262634
1,0.258838,0.341734
1,0.258648,0.276914
1,0.258579,0.286823
1,0.257761,0.323102
1,0.25747,0.258912
1,0.257333,0.323148
1,0.256786,0.469341
1,0.256383,0.271777
1,0.256098,0.571538
1,0.254444,0.279252
1,0.253896,0.287003
1,0.253748,0.343267
1,0.253041,0.307966
1,0.252765,0.302554
1,0.252295,0.304922
1,0.251839,0.301736
1,0.251781,0.324671
1,0.251703,0.305571
1,0.250947,0.343605
1,0.249879,0.316608
1,0.24953,0.384152
1,0.248424,0.337848
1,0.248384,0.251319
1,0.247875,0.435019
1,0.24759,0.258436
1,0.247289,0.318134
1,0.246781,0.304102
1,0.246696,0.303223
1,0.246571,0.297544
1,0.246009,0.284694
1,0.244822,0.307064
1,0.244316,0.250239
1,0.244146,0.26779
1,0.24408,0.258818
1,0.244026,0.328984
1,0.243711,0.265353
1,0.242537,0.353445
1,0.242406,0.267394
1,0.241557,0.256256
1,0.241515,0.280401
1,0.241371,0.303698
1,0.241324,0.383328
1,0.240249,0.355129
1,0.240193,0.241148
1,0.239918,0.317474
1,0.239792,0.257247
1,0.238962,0.251239
1,0.23793,0.393373
1,0.237561,0.259821
1,0.237156,0.240956
1,0.236846,0.242097
1,0.236291,0.272366
1,0.236244,0.263446
1,0.235404,0.288798
1,0.23532,0.25187
1,0.234013,0.2345
1,0.233879,0.251906
1,0.233755,0.248907
1,0.230718,0.286158
1,0.230581,0.258912
1,0.229418,0.341148
1,0.229322,0.236467
1,0.229028,0.233166
1,0.228599,0.289605
1,0.226866,0.277212
1,0.226519,0.280019
1,0.226468,0.329298
1,0.226238,0.250666
1,0.225311,0.227951
1,0.22531,0.268419
1,0.224414,0.235446
1,0.221763,0.271158
1,0.221361,0.239142
1,0.221281,0.229344
1,0.220874,0.270722
1,0.220849,0.290289
1,0.220669,0.243173
1,0.220283,0.220781
1,0.219821,0.230468
1,0.219427,0.256789
1,0.219262,0.229632
1,0.218266,0.287738
1,0.217323,0.358737
1,0.21694,0.224827
1,0.216538,0.239106
1,0.215647,0.258912
1,0.214546,0.273608
1,0.214526,0.254626
1,0.213448,0.243494
1,0.213055,0.220746
1,0.212815,0.241106
1,0.211828,0.418249
1,0.211569,0.237369
1,0.210914,0.227644
1,0.210796,0.227142
1,0.210594,0.342633
1,0.21053,0.290926
1,0.209945,0.22881
1,0.209526,0.210082
1,0.209202,0.227463
1,0.208882,0.347386
1,0.208739,0.239416
1,0.207735,0.221429
1,0.207624,0.210449
1,0.207096,0.217969
1,0.207046,0.211363
1,0.206585,0.235772
1,0.206454,0.306006
1,0.206134,0.291163
1,0.205257,0.220504
1,0.204303,0.207185
1,0.204167,0.236806
1,0.204066,0.215985
1,0.203418,0.219615
1,0.203188,0.219627
1,0.202943,0.278408
1,0.202587,0.25602
1,0.202203,0.261206
1,0.201458,0.207882
1,0.201411,0.215279
1,0.201353,0.212716
1,0.201312,0.22564
1,0.201245,0.273107
1,0.200683,0.258165
1,0.200638,0.213499
1,0.20056,0.223834
1,0.199264,0.205144
1,0.198616,0.22864
1,0.19817,0.226006
1,0.198036,0.290237
1,0.197873,0.344879
1,0.197872,0.238277
1,0.197832,0.248814
1,0.197715,0.254703
1,0.197066,0.201478
1,0.196719,0.301475
1,0.195754,0.246472
1,0.195661,0.217263
1,0.194384,0.200793
1,0.193902,0.246759
1,0.193639,0.20109
1,0.193601,0.239383
1,0.193473,0.193844
1,0.193418,0.197246
1,0.193059,0.203814
1,0.192872,0.208143
1,0.19254,0.226243
1,0.192483,0.256265
1,0.192305,0.271433
1,0.192278,0.197119
1,0.191943,0.238167
1,0.191598,0.228529
1,0.191445,0.24256
1,0.190977,0.207055
1,0.190735,0.256183
1,0.19037,0.238813
1,0.189719,0.253602
1,0.18943,0.267879
1,0.189274,0.20438
1,0.189012,0.303276
1,0.188758,0.200034
1,0.188615,0.250982
1,0.188526,0.23225
1,0.188504,0.208152
1,0.188195,0.20884
1,0.188122,0.199952
1,0.187416,0.232063
1,0.18724,0.205637
1,0.187127,0.217319
1,0.1867,0.198401
1,0.185628,0.279557
1,0.184837,0.219028
1,0.184046,0.239411
1,0.184037,0.236355
1,0.183784,0.196536
1,0.183494,0.190204
1,0.183451,0.291276
1,0.183353,0.222082
1,0.183296,0.196364
1,0.182941,0.190589
1,0.181855,0.201137
1,0.181139,0.193826
1,0.181051,0.193299
1,0.180773,0.189152
1,0.180713,0.191578
1,0.180708,0.182737
1,0.180684,0.198976
1,0.179889,0.189286
1,0.178824,0.202825
1,0.178195,0.240038
1,0.178151,0.20235
1,0.177594,0.178119
1,0.177459,0.17934
1,0.177385,0.20155
1,0.176679,0.233268
1,0.176249,0.217308
1,0.17473,0.211787
1,0.17471,0.182494
1,0.174547,0.175477
1,0.174531,0.213697
1,0.174313,0.200793
1,0.174034,0.213928
1,0.173818,0.189226
1,0.173558,0.227774
1,0.173379,0.176266
1,0.173011,0.227414
1,0.172524,0.220261
1,0.172072,0.181136
1,0.171587,0.208023
1,0.171477,0.189386
1,0.171175,0.231709
1,0.170983,0.20881
1,0.170867,0.218443
1,0.170832,0.171338
1,0.170585,0.223059
1,0.170423,0.193308
1,0.170219,0.176655
1,0.17001,0.215976
1,0.169788,0.176991
1,0.169694,0.188308
1,0.169689,0.227773
1,0.169622,0.174468
1,0.169297,0.177537
1,0.169241,0.211225
1,0.16871,0.17843
1,0.167574,0.191341
1,0.167181,0.206925
1,0.166527,0.167865
1,0.166509,0.18229
1,0.166453,0.203113
1,0.166366,0.219274
1,0.165975,0.218198
1,0.164717,0.218967
1,0.164254,0.26014
1,0.164179,0.17934
1,0.164105,0.189082
1,0.164058,0.166916
1,0.163658,0.188515
1,0.163152,0.195619
1,0.16296,0.172978
1,0.162864,0.230458
1,0.161853,0.173449
1,0.16139,0.19874
1,0.16137,0.188483
1,0.161051,0.1983
1,0.160689,0.224627
1,0.159801,0.172988
1,0.159058,0.185964
1,0.157078,0.176108
1,0.156784,0.162581
1,0.15584,0.179167
1,0.155243,0.191206
1,0.15474,0.157543
1,0.154621,0.172467
1,0.154323,0.183225
1,0.154281,0.179949
1,0.154233,0.20593
1,0.153541,0.155777
1,0.153078,0.153569
1,0.152023,0.265136
1,0.151165,0.157664
1,0.151162,0.164117
1,0.150748,0.168837
1,0.150174,0.202527
1,0.149854,0.161706
1,0.149466,0.222368
1,0.149451,0.198897
1,0.149092,0.168306
1,0.148724,0.150063
1,0.148435,0.201164
1,0.147776,0.152596
1,0.147712,0.149028
1,0.147253,0.170151
1,0.147173,0.173216
1,0.147087,0.171357
1,0.146619,0.20601
1,0.146557,0.184959
1,0.146486,0.215445
1,0.146028,0.186825
1,0.145488,0.190237
1,0.145459,0.14618
1,0.145412,0.15891
1,0.145255,0.180861
1,0.144871,0.17013
1,0.144587,0.200035
1,0.143659,0.186176
1,0.142658,0.176829
1,0.142638,0.148663
1,0.142058,0.170799
1,0.141017,0.202491
1,0.140837,0.154288
1,0.140823,0.151566
1,0.140815,0.162026
1,0.140567,0.158579
1,0.14049,0.14123
1,0.140375,0.173984
1,0.139975,0.147726
1,0.139432,0.164132
1,0.13906,0.157075
1,0.138903,0.141675
1,0.138667,0.139021
1,0.138145,0.143255
1,0.13794,0.144807
1,0.137691,0.148485
1,0.137181,0.144791
1,0.137161,0.220125
1,0.136739,0.149178
1,0.13613,0.170883
1,0.1361,0.147096
1,0.135839,0.141161
1,0.134876,0.159643
1,0.134247,0.156539
1,0.134171,0.137302
1,0.133106,0.135187
1,0.132682,0.145934
1,0.132617,0.157595
1,0.132057,0.136131
1,0.131825,0.143474
1,0.130465,0.145627
1,0.129815,0.145818
1,0.129591,0.140964
1,0.128974,0.133329
1,0.128512,0.133287
1,0.126768,0.139578
1,0.126451,0.137904
1,0.126199,0.126897
1,0.126005,0.172209
1,0.125233,0.12612
1,0.125012,0.14017
1,0.124241,0.165365
1,0.123712,0.129678
1,0.123599,0.140807
1,0.12335,0.148348
1,0.122778,0.123729
1,0.122547,0.125412
1,0.122465,0.160506
1,0.122406,0.156003
1,0.12205,0.125458
1,0.121517,0.146344
1,0.120734,0.161718
1,0.120346,0.137654
1,0.119742,0.130532
1,0.119336,0.136218
1,0.119132,0.12257
1,0.119011,0.133314
1,0.118054,0.142017
1,0.117945,0.142183
1,0.117321,0.143
1,0.117288,0.138578
1,0.117204,0.140608
1,0.117152,0.123534
1,0.117118,0.12211
1,0.117071,0.196373
1,0.116616,0.157371
1,0.116052,0.176708
1,0.115821,0.129056
1,0.1155,0.13236
1,0.114793,0.131064
1,0.114243,0.127056
1,0.114196,0.136983
1,0.113896,0.130013
1,0.113815,0.122804
1,0.113352,0.139989
1,0.113025,0.168933
1,0.112954,0.139904
1,0.112818,0.115816
1,0.112807,0.113482
1,0.111501,0.113257
1,0.110823,0.120774
1,0.1105,0.136903
1,0.109982,0.11118
1,0.108864,0.121267
1,0.108576,0.109749
1,0.10841,0.114937
1,0.107826,0.140447
1,0.106771,0.14609
1,0.106624,0.12078
1,0.106544,0.107948
1,0.106461,0.137619
1,0.105586,0.123213
1,0.105312,0.146026
1,0.105253,0.129402
1,0.1051,0.10938
1,0.104945,0.118385
1,0.103023,0.107973
1,0.102848,0.13191
1,0.102297,0.117089
1,0.102153,0.113931
1,0.101637,0.106677
1,0.100999,0.103363
1,0.100901,0.105677
1,0.100708,0.10388
1,0.100531,0.104199
1,0.100339,0.123213
1,0.10022,0.115816
1,0.0990616,0.107148
1,0.0966013,0.113868
1,0.0953077,0.116497
1,0.0950454,0.124057
1,0.0947972,0.0981324
1,0.0945538,0.0946236
1,0.0945366,0.110698
1,0.0930929,0.0979866
1,0.0925883,0.0953276
1,0.0921245,0.0998891
1,0.0906412,0.0935963
1,0.0894694,0.104223
1,0.0892707,0.111435
1,0.0887118,0.094238
1,0.0876508,0.0890386
1,0.0868788,0.13098
1,0.08648,0.108295
1,0.0864281,0.0939288
1,0.0859658,0.115651
1,0.0850918,0.0946821
1,0.0850679,0.0991678
1,0.0847164,0.0850871
1,0.0844053,0.107728
1,0.0844021,0.106044
1,0.0843171,0.091642
1,0.0836778,0.0848925
1,0.0819625,0.106071
1,0.0810982,0.0838434
1,0.0805589,0.11047
1,0.0803497,0.107739
1,0.0796562,0.0815447
1,0.0796478,0.0847193
1,0.0795552,0.0912437
1,0.0792562,0.0881867
1,0.0784389,0.0806112
1,0.0782466,0.0906201
1,0.0782258,0.0832652
1,0.0774422,0.0800001
1,0.07693,0.0794888
1,0.0764509,0.0844827
1,0.0760225,0.0776933
1,0.0759805,0.0937127
1,0.0738737,0.0776409
1,0.0737463,0.0967417
1,0.073564,0.0789527
1,0.0734192,0.0808665
1,0.0727256,0.0743763
1,0.0695975,0.0743763
1,0.067353,0.0864776
1,0.0668944,0.0789865
1,0.0658336,0.0700475
1,0.0653835,0.0728088
1,0.0625058,0.0749327
1,0.0603441,0.0607709
1,0.0579522,0.0617075
1,0.0578402,0.0632319
1,0.0558791,0.0569991
1,0.0551105,0.0595552
1,0.0500493,0.0556256
2,1.11307,1.17203
2,1.0165,1.04859
2,0.971851,1.05688
2,0.971621,1.12608
2,0.93009,0.947398
2,0.864846,0.87337
2,0.838369,0.894866
2,0.826962,0.854369
2,0.806131,0.834103
2,0.799304,0.803698
2,0.757695,0.807016
2,0.726428,0.746782
2,0.69429,0.702892
2,0.673157,0.679293
2,0.650694,0.679849
2,0.646092,0.657138
2,0.644828,0.730253
2,0.644464,0.646902
2,0.642815,0.647817
2,0.617603,0.63186
2,0.61553,0.639591
2,0.605589,0.606128
2,0.599033,0.649942
2,0.591154,0.606371
2,0.591134,0.633108
2,0.576808,0.637373
2,0.574871,0.576192
2,0.553024,0.557947
2,0.525631,0.559461
2,0.521572,0.531656
2,0.519513,0.545603
2,0.516397,0.556008
2,0.499091,0.520033
2,0.488589,0.557335
2,0.48734,0.48877
2,0.486891,0.492105
2,0.483998,0.530378
2,0.471813,0.498902
2,0.467804,0.471423
2,0.463992,0.47081
2,0.45979,0.4781
2,0.459392,0.463076
2,0.455291,0.49251
2,0.445697,0.481759
2,0.444725,0.461372
2,0.440213,0.443088
2,0.435221,0.440353
2,0.431185,0.432195
2,0.426008,0.484691
2,0.415307,0.428029
2,0.405086,0.40626
2,0.401805,0.424009
2,0.396385,0.407275
2,0.38731,0.412508
2,0.385603,0.38827
2,0.383609,0.407582
2,0.373469,0.37798
2,0.368979,0.407457
2,0.366755,0.383811
2,0.366452,0.378535
2,0.355737,0.365325
2,0.353183,0.374703
2,0.350706,0.384453
2,0.350665,0.379766
2,0.350435,0.378208
2,0.349836,0.370156
2,0.347728,0.357508
2,0.347209,0.357384
2,0.344413,0.361566
2,0.342713,0.352615
2,0.33747,0.341133
2,0.329961,0.331375
2,0.327906,0.340365
2,0.321172,0.322325
2,0.316354,0.333903
2,0.314768,0.319504
2,0.314277,0.328434
2,0.31061,0.310871
2,0.307964,0.339174
2,0.304102,0.318741
2,0.303586,0.312877
2,0.295963,0.309333
2,0.295332,0.299636
2,0.293118,0.341975
2,0.291727,0.29966
2,0.287546,0.289816
2,0.283398,0.312848
2,0.278988,0.307535
2,0.266765,0.28087
2,0.266448,0.270207
2,0.261091,0.265057
2,0.252013,0.255387
2,0.248815,0.251064
2,0.241517,0.249627
2,0.241185,0.2598
2,0.239142,0.241981
2,0.235828,0.237309
2,0.227857,0.228614
2,0.226228,0.236476
2,0.22564,0.22892
2,0.218189,0.22257
2,0.217986,0.25269
2,0.217886,0.236575
2,0.216503,0.223588
2,0.216423,0.221826
2,0.216321,0.225327
2,0.215039,0.218886
2,0.212752,0.216412
2,0.20672,0.207726
2,0.20109,0.201492
2,0.199923,0.203544
2,0.196634,0.222793
2,0.188452,0.203821
2,0.176166,0.183334
2,0.16951,0.184952
2,0.169118,0.192853
2,0.163715,0.172571
2,0.147775,0.152753
2,0.144453,0.151107
2,0.140608,0.1478
2,0.136163,0.137694
2,0.135093,0.150048
2,0.124261,0.128716
2,0.116634,0.11702
2,0.109679,0.112499
