point cloud with 3618 points in dimension 3
0,0,0.00719461
0,0,0.00778993
0,0,0.00988945
0,0,0.00996808
0,0,0.0101799
0,0,0.0106276
0,0,0.0106764
0,0,0.0114631
0,0,0.0116649
0,0,0.0117211
0,0,0.011939
0,0,0.0120935
0,0,0.0120964
0,0,0.0121469
0,0,0.0123032
0,0,0.0128758
0,0,0.0129126
0,0,0.0129294
0,0,0.0135314
0,0,0.0137082
0,0,0.0138898
0,0,0.013899
0,0,0.0139974
0,0,0.0141811
0,0,0.0148389
0,0,0.014912
0,0,0.0150519
0,0,0.015497
0,0,0.0154977
0,0,0.0155293
0,0,0.0155854
0,0,0.0155924
0,0,0.0160024
0,0,0.0162932
0,0,0.0164904
0,0,0.0167537
0,0,0.0167947
0,0,0.0168087
0,0,0.0169635
0,0,0.0175803
0,0,0.017616
0,0,0.0178252
0,0,0.017986
0,0,0.017996
0,0,0.0180486
0,0,0.018215
0,0,0.0183578
0,0,0.0185112
0,0,0.0186143
0,0,0.0190478
0,0,0.0190563
0,0,0.0191914
0,0,0.0192574
0,0,0.0194748
0,0,0.0195271
0,0,0.0195452
0,0,0.0196988
0,0,0.0197113
0,0,0.0197232
0,0,0.020013
0,0,0.0200626
0,0,0.0200728
0,0,0.0201063
0,0,0.020107
0,0,0.0202532
0,0,0.0202975
0,0,0.0203094
0,0,0.0203151
0,0,0.0204001
0,0,0.0204351
0,0,0.0205064
0,0,0.0205131
0,0,0.0207783
0,0,0.0208325
0,0,0.0209856
0,0,0.0209932
0,0,0.0210386
0,0,0.0211136
0,0,0.021123
0,0,0.0212158
0,0,0.0213386
0,0,0.0213682
0,0,0.0213954
0,0,0.0216657
0,0,0.0219626
0,0,0.0221109
0,0,0.022192
0,0,0.0222579
0,0,0.0223396
0,0,0.0223565
0,0,0.0225059
0,0,0.0225893
0,0,0.0226705
0,0,0.0228714
0,0,0.02288
0,0,0.0229004
0,0,0.02293
0,0,0.022958
0,0,0.0230722
0,0,0.0230804
0,0,0.0230949
0,0,0.0231011
0,0,0.0233936
0,0,0.0234078
0,0,0.0234233
0,0,0.0234389
0,0,0.0234612
0,0,0.0235511
0,0,0.0235761
0,0,0.0235831
0,0,0.0236427
0,0,0.0237845
0,0,0.0239509
0,0,0.0239956
0,0,0.0240603
0,0,0.0240991
0,0,0.0241565
0,0,0.024202
0,0,0.0243017
0,0,0.0243264
0,0,0.0243792
0,0,0.0243822
0,0,0.0243941
0,0,0.0244783
0,0,0.0244823
0,0,0.0245619
0,0,0.0246462
0,0,0.0246666
0,0,0.0247213
0,0,0.0248618
0,0,0.0250098
0,0,0.0250354
0,0,0.0251117
0,0,0.0252621
0,0,0.0254081
0,0,0.0254681
0,0,0.025532
0,0,0.0255323
0,0,0.0256679
0,0,0.0257789
0,0,0.0258345
0,0,0.0258914
0,0,0.0259003
0,0,0.0259426
0,0,0.0259484
0,0,0.0259498
0,0,0.0259537
0,0,0.0260054
0,0,0.0260376
0,0,0.0260984
0,0,0.0261058
0,0,0.0261951
0,0,0.0262608
0,0,0.0263078
0,0,0.0264711
0,0,0.0264885
0,0,0.0266264
0,0,0.0266725
0,0,0.0267995
0,0,0.0268452
0,0,0.0268571
0,0,0.026887
0,0,0.0269145
0,0,0.0269233
0,0,0.0269936
0,0,0.0270064
0,0,0.0271243
0,0,0.0271474
0,0,0.0271718
0,0,0.0271792
0,0,0.0271827
0,0,0.0273024
0,0,0.0273173
0,0,0.0273721
0,0,0.0273772
0,0,0.0273856
0,0,0.0273947
0,0,0.0274415
0,0,0.0274732
0,0,0.0275213
0,0,0.027532
0,0,0.0275339
0,0,0.0275467
0,0,0.0275774
0,0,0.0276257
0,0,0.0277163
0,0,0.0278699
0,0,0.0279965
0,0,0.0280221
0,0,0.0280295
0,0,0.0280944
0,0,0.0281007
0,0,0.0282096
0,0,0.0282407
0,0,0.0283418
0,0,0.0283814
0,0,0.0283819
0,0,0.028397
0,0,0.0284201
0,0,0.0284912
0,0,0.0285617
0,0,0.0285778
0,0,0.0285818
0,0,0.0286082
0,0,0.0286307
0,0,0.0286501
0,0,0.0286695
0,0,0.0287484
0,0,0.0287657
0,0,0.0288266
0,0,0.0288815
0,0,0.0289292
0,0,0.0289368
0,0,0.0289683
0,0,0.0290028
0,0,0.0290427
0,0,0.0290489
0,0,0.0290924
0,0,0.0291138
0,0,0.0291279
0,0,0.0291778
0,0,0.0291801
0,0,0.0291826
0,0,0.029219
0,0,0.0292455
0,0,0.0292504
0,0,0.0292909
0,0,0.0293584
0,0,0.0294186
0,0,0.0294268
0,0,0.0295989
0,0,0.0296058
0,0,0.0296222
0,0,0.0296239
0,0,0.0296674
0,0,0.029734
0,0,0.0297362
0,0,0.0297618
0,0,0.0297648
0,0,0.0298035
0,0,0.0298527
0,0,0.0300064
0,0,0.0300345
0,0,0.0300482
0,0,0.0300662
0,0,0.0300741
0,0,0.0300753
0,0,0.0301404
0,0,0.0301892
0,0,0.030208
0,0,0.0302688
0,0,0.0302801
0,0,0.0305204
0,0,0.0305289
0,0,0.0305457
0,0,0.0305628
0,0,0.0305791
0,0,0.0305876
0,0,0.0306435
0,0,0.0306492
0,0,0.0307395
0,0,0.030783
0,0,0.0308209
0,0,0.0309095
0,0,0.0309473
0,0,0.0309692
0,0,0.0309736
0,0,0.0311116
0,0,0.0312033
0,0,0.0312596
0,0,0.0312621
0,0,0.0312926
0,0,0.0313435
0,0,0.0313449
0,0,0.0313645
0,0,0.0314357
0,0,0.0314381
0,0,0.0314396
0,0,0.0315809
0,0,0.0316018
0,0,0.0316077
0,0,0.0316391
0,0,0.0316592
0,0,0.0318781
0,0,0.0318831
0,0,0.0318966
0,0,0.0319006
0,0,0.0319029
0,0,0.0319091
0,0,0.0319689
0,0,0.0319961
0,0,0.0320302
0,0,0.0320652
0,0,0.0320809
0,0,0.0320853
0,0,0.0321293
0,0,0.0321643
0,0,0.0321771
0,0,0.032184
0,0,0.0322093
0,0,0.0322337
0,0,0.0322432
0,0,0.0322652
0,0,0.0323435
0,0,0.0324383
0,0,0.0324452
0,0,0.0324876
0,0,0.0325221
0,0,0.0325305
0,0,0.0325515
0,0,0.0326071
0,0,0.0327062
0,0,0.0327276
0,0,0.0327421
0,0,0.0327671
0,0,0.0327712
0,0,0.0328168
0,0,0.0328346
0,0,0.0328928
0,0,0.0328968
0,0,0.0329205
0,0,0.0329219
0,0,0.0330093
0,0,0.033049
0,0,0.0330617
0,0,0.0330694
0,0,0.0330796
0,0,0.0331078
0,0,0.0331101
0,0,0.0331377
0,0,0.0331778
0,0,0.0333404
0,0,0.0333409
0,0,0.0333768
0,0,0.0334156
0,0,0.0334815
0,0,0.033517
0,0,0.0336046
0,0,0.0336389
0,0,0.033664
0,0,0.0336828
0,0,0.0336983
0,0,0.0337975
0,0,0.0338035
0,0,0.0338043
0,0,0.0338265
0,0,0.033843
0,0,0.0338484
0,0,0.0338733
0,0,0.0339307
0,0,0.0339395
0,0,0.0339624
0,0,0.0340188
0,0,0.0340815
0,0,0.0341368
0,0,0.0341727
0,0,0.0341745
0,0,0.0342089
0,0,0.0343334
0,0,0.0343411
0,0,0.0343526
0,0,0.0343741
0,0,0.0343922
0,0,0.034404
0,0,0.0344055
0,0,0.0344138
0,0,0.0344294
0,0,0.0344582
0,0,0.0345194
0,0,0.034582
0,0,0.0347702
0,0,0.0347936
0,0,0.0348046
0,0,0.0348631
0,0,0.0348659
0,0,0.0348829
0,0,0.0349327
0,0,0.035092
0,0,0.035097
0,0,0.0351102
0,0,0.035127
0,0,0.0351656
0,0,0.0352169
0,0,0.0352498
0,0,0.0352503
0,0,0.0352701
0,0,0.0354059
0,0,0.0354108
0,0,0.035505
0,0,0.0355644
0,0,0.0355725
0,0,0.035631
0,0,0.035687
0,0,0.0357193
0,0,0.0357487
0,0,0.0357965
0,0,0.0358088
0,0,0.0358453
0,0,0.0358549
0,0,0.0358586
0,0,0.0358834
0,0,0.0359084
0,0,0.0359145
0,0,0.0359611
0,0,0.0361333
0,0,0.0361741
0,0,0.0361757
0,0,0.0362493
0,0,0.0362935
0,0,0.0363423
0,0,0.0365245
0,0,0.0366394
0,0,0.0367655
0,0,0.0367672
0,0,0.0367706
0,0,0.0367833
0,0,0.0368091
0,0,0.0368133
0,0,0.0368303
0,0,0.036833
0,0,0.0368862
0,0,0.0368889
0,0,0.0368954
0,0,0.036913
0,0,0.0369326
0,0,0.0370318
0,0,0.0370501
0,0,0.0370552
0,0,0.0370656
0,0,0.037102
0,0,0.0372165
0,0,0.0372591
0,0,0.0372805
0,0,0.0373116
0,0,0.0373274
0,0,0.0373551
0,0,0.037356
0,0,0.0373576
0,0,0.0374407
0,0,0.0374675
0,0,0.0374703
0,0,0.0376024
0,0,0.0376151
0,0,0.0376738
0,0,0.0377648
0,0,0.0377813
0,0,0.0378108
0,0,0.0379452
0,0,0.0379581
0,0,0.0379726
0,0,0.0379928
0,0,0.0379998
0,0,0.0380323
0,0,0.0381547
0,0,0.0381591
0,0,0.0381673
0,0,0.038251
0,0,0.0382522
0,0,0.0382687
0,0,0.0382881
0,0,0.0383045
0,0,0.0383401
0,0,0.0383951
0,0,0.0385178
0,0,0.0385192
0,0,0.038619
0,0,0.0386238
0,0,0.0387098
0,0,0.0387133
0,0,0.0387631
0,0,0.0387785
0,0,0.0387814
0,0,0.0387982
0,0,0.0388244
0,0,0.0389635
0,0,0.0390162
0,0,0.0390476
0,0,0.0390668
0,0,0.0390776
0,0,0.039135
0,0,0.0391903
0,0,0.0392459
0,0,0.0392645
0,0,0.0393164
0,0,0.0393286
0,0,0.0393336
0,0,0.0393523
0,0,0.0393969
0,0,0.0394371
0,0,0.0394734
0,0,0.0395282
0,0,0.0395782
0,0,0.0396041
0,0,0.0396184
0,0,0.0396412
0,0,0.0396481
0,0,0.0396519
0,0,0.0396651
0,0,0.0396655
0,0,0.0396853
0,0,0.0397488
0,0,0.0397529
0,0,0.0397803
0,0,0.0397851
0,0,0.0397865
0,0,0.0398188
0,0,0.0398301
0,0,0.039872
0,0,0.0398727
0,0,0.0399159
0,0,0.039916
0,0,0.0399603
0,0,0.0399752
0,0,0.0399885
0,0,0.0400163
0,0,0.0400354
0,0,0.0400417
0,0,0.0401089
0,0,0.0401217
0,0,0.0402121
0,0,0.0402177
0,0,0.0402518
0,0,0.0402525
0,0,0.0402552
0,0,0.0402553
0,0,0.040283
0,0,0.0402834
0,0,0.0403048
0,0,0.0403867
0,0,0.0404325
0,0,0.0404406
0,0,0.0405271
0,0,0.0405348
0,0,0.0406423
0,0,0.040655
0,0,0.0406772
0,0,0.0406962
0,0,0.040743
0,0,0.0407628
0,0,0.0407819
0,0,0.0407925
0,0,0.0408192
0,0,0.0409072
0,0,0.0409109
0,0,0.0409243
0,0,0.0409346
0,0,0.040949
0,0,0.0409866
0,0,0.040991
0,0,0.0409926
0,0,0.0410998
0,0,0.0411057
0,0,0.0411111
0,0,0.0411111
0,0,0.041118
0,0,0.0411198
0,0,0.0411908
0,0,0.0411952
0,0,0.0412079
0,0,0.0412597
0,0,0.0412752
0,0,0.0413088
0,0,0.0413728
0,0,0.0413813
0,0,0.0414705
0,0,0.0414983
0,0,0.0415179
0,0,0.0415696
0,0,0.0416174
0,0,0.0416799
0,0,0.0417089
0,0,0.0417302
0,0,0.0417436
0,0,0.041856
0,0,0.0418731
0,0,0.0418744
0,0,0.0418789
0,0,0.0418791
0,0,0.0418963
0,0,0.0419279
0,0,0.0420204
0,0,0.0420613
0,0,0.0420909
0,0,0.0421122
0,0,0.0421435
0,0,0.0421649
0,0,0.0421763
0,0,0.0421792
0,0,0.04218
0,0,0.0421883
0,0,0.0422389
0,0,0.042316
0,0,0.0423215
0,0,0.0423221
0,0,0.0423428
0,0,0.0423447
0,0,0.0423644
0,0,0.0425098
0,0,0.042512
0,0,0.0425248
0,0,0.0425461
0,0,0.0425577
0,0,0.0426028
0,0,0.0426391
0,0,0.0426502
0,0,0.0426579
0,0,0.0426642
0,0,0.0426895
0,0,0.0426942
0,0,0.0427149
0,0,0.0427163
0,0,0.0427954
0,0,0.0428066
0,0,0.0428108
0,0,0.0428211
0,0,0.0428336
0,0,0.0428944
0,0,0.0428946
0,0,0.0428978
0,0,0.0429455
0,0,0.0430196
0,0,0.0430722
0,0,0.0431119
0,0,0.0431286
0,0,0.0431307
0,0,0.0431515
0,0,0.0431753
0,0,0.043183
0,0,0.0431916
0,0,0.0432094
0,0,0.0432523
0,0,0.0432699
0,0,0.043294
0,0,0.0433073
0,0,0.0433093
0,0,0.0433319
0,0,0.0433344
0,0,0.0433364
0,0,0.0433747
0,0,0.0434081
0,0,0.0435681
0,0,0.0435741
0,0,0.0436209
0,0,0.0436753
0,0,0.0437528
0,0,0.0438519
0,0,0.0438592
0,0,0.0438663
0,0,0.0438821
0,0,0.0439694
0,0,0.0439824
0,0,0.0440196
0,0,0.0440505
0,0,0.0440552
0,0,0.0440626
0,0,0.0440678
0,0,0.04409
0,0,0.0441097
0,0,0.0441782
0,0,0.0442247
0,0,0.0442407
0,0,0.0442889
0,0,0.0442912
0,0,0.0442929
0,0,0.0443255
0,0,0.0443352
0,0,0.044374
0,0,0.044378
0,0,0.0443942
0,0,0.0444003
0,0,0.044403
0,0,0.0444456
0,0,0.0444541
0,0,0.0445169
0,0,0.0445823
0,0,0.0446055
0,0,0.0446864
0,0,0.0447349
0,0,0.044768
0,0,0.0447831
0,0,0.0447939
0,0,0.0447995
0,0,0.0448162
0,0,0.044826
0,0,0.0448822
0,0,0.0449252
0,0,0.0449739
0,0,0.0449922
0,0,0.0449949
0,0,0.0450095
0,0,0.0450224
0,0,0.0450834
0,0,0.0450883
0,0,0.0450946
0,0,0.0451119
0,0,0.0452253
0,0,0.0452737
0,0,0.0452918
0,0,0.0453135
0,0,0.0453621
0,0,0.0453757
0,0,0.0454531
0,0,0.0454678
0,0,0.0454776
0,0,0.0455276
0,0,0.0455294
0,0,0.0456501
0,0,0.0456933
0,0,0.0456975
0,0,0.0457045
0,0,0.0457439
0,0,0.045754
0,0,0.0457572
0,0,0.0457641
0,0,0.0457687
0,0,0.0457909
0,0,0.0458043
0,0,0.0458522
0,0,0.0458767
0,0,0.0458784
0,0,0.0459026
0,0,0.0459476
0,0,0.0459733
0,0,0.0460334
0,0,0.0460543
0,0,0.0460667
0,0,0.0461185
0,0,0.046122
0,0,0.0461334
0,0,0.0461334
0,0,0.0461414
0,0,0.0461598
0,0,0.0461854
0,0,0.0461868
0,0,0.0462045
0,0,0.046236
0,0,0.0462507
0,0,0.0462563
0,0,0.0463188
0,0,0.046337
0,0,0.0463415
0,0,0.0463763
0,0,0.0463876
0,0,0.0464314
0,0,0.0464961
0,0,0.0465143
0,0,0.0465309
0,0,0.0465782
0,0,0.0465817
0,0,0.0466406
0,0,0.0466453
0,0,0.0466885
0,0,0.0466907
0,0,0.0466958
0,0,0.0467011
0,0,0.0467234
0,0,0.0467284
0,0,0.0467309
0,0,0.0467365
0,0,0.0467436
0,0,0.0467596
0,0,0.0467634
0,0,0.046766
0,0,0.0467667
0,0,0.046847
0,0,0.0468895
0,0,0.0469225
0,0,0.0469565
0,0,0.0471286
0,0,0.0471544
0,0,0.047185
0,0,0.0471884
0,0,0.0472343
0,0,0.0473225
0,0,0.0473255
0,0,0.047343
0,0,0.0473486
0,0,0.0473502
0,0,0.0473659
0,0,0.0473913
0,0,0.0474001
0,0,0.0474585
0,0,0.0475102
0,0,0.0475333
0,0,0.0475697
0,0,0.0475873
0,0,0.0476231
0,0,0.0476314
0,0,0.0476534
0,0,0.0476842
0,0,0.0478046
0,0,0.0478139
0,0,0.0478186
0,0,0.0478896
0,0,0.0479732
0,0,0.0479834
0,0,0.0479919
0,0,0.0480135
0,0,0.0480144
0,0,0.0480159
0,0,0.0480803
0,0,0.048094
0,0,0.0481125
0,0,0.0481288
0,0,0.0481325
0,0,0.048188
0,0,0.0482192
0,0,0.0482317
0,0,0.0482839
0,0,0.048287
0,0,0.0483314
0,0,0.048405
0,0,0.0484643
0,0,0.0484772
0,0,0.0485393
0,0,0.048545
0,0,0.0485892
0,0,0.0486425
0,0,0.0486641
0,0,0.0486845
0,0,0.0487203
0,0,0.0487203
0,0,0.0487507
0,0,0.0487524
0,0,0.0487791
0,0,0.0487953
0,0,0.0488603
0,0,0.048952
0,0,0.0489932
0,0,0.0490006
0,0,0.0490721
0,0,0.0490865
0,0,0.0490966
0,0,0.0491068
0,0,0.0491151
0,0,0.0491454
0,0,0.0491518
0,0,0.0491581
0,0,0.0491689
0,0,0.0491836
0,0,0.0492064
0,0,0.0492089
0,0,0.0492153
0,0,0.0492502
0,0,0.0492924
0,0,0.0493011
0,0,0.0493335
0,0,0.049389
0,0,0.049602
0,0,0.0496039
0,0,0.0496248
0,0,0.0496435
0,0,0.0496606
0,0,0.0496865
0,0,0.0497282
0,0,0.0497786
0,0,0.049783
0,0,0.0497896
0,0,0.0498265
0,0,0.0498315
0,0,0.0498341
0,0,0.0498733
0,0,0.0498734
0,0,0.049901
0,0,0.0499143
0,0,0.0499342
0,0,0.0500046
0,0,0.05002
0,0,0.0500242
0,0,0.0500594
0,0,0.0501216
0,0,0.050139
0,0,0.0501706
0,0,0.0501714
0,0,0.05025
0,0,0.0502855
0,0,0.0502883
0,0,0.050292
0,0,0.0503252
0,0,0.0503436
0,0,0.0503847
0,0,0.0504583
0,0,0.050465
0,0,0.050466
0,0,0.050529
0,0,0.0505347
0,0,0.0505876
0,0,0.0506011
0,0,0.0506666
0,0,0.0507171
0,0,0.0507526
0,0,0.0508012
0,0,0.0508617
0,0,0.0508659
0,0,0.0508985
0,0,0.0509356
0,0,0.0509453
0,0,0.0509972
0,0,0.0510415
0,0,0.051058
0,0,0.0510743
0,0,0.0511159
0,0,0.0511165
0,0,0.0511296
0,0,0.05118
0,0,0.0511931
0,0,0.0511972
0,0,0.0512176
0,0,0.0512218
0,0,0.0512251
0,0,0.0512313
0,0,0.051233
0,0,0.0512585
0,0,0.0512718
0,0,0.0513016
0,0,0.0513147
0,0,0.0513262
0,0,0.0513354
0,0,0.051369
0,0,0.0514407
0,0,0.0515109
0,0,0.0515345
0,0,0.0515437
0,0,0.0515701
0,0,0.0516453
0,0,0.0516926
0,0,0.0517047
0,0,0.0517194
0,0,0.0517474
0,0,0.0517888
0,0,0.0518224
0,0,0.0518347
0,0,0.0518702
0,0,0.0518833
0,0,0.05193
0,0,0.051941
0,0,0.0520553
0,0,0.0520615
0,0,0.052068
0,0,0.0520872
0,0,0.0521027
0,0,0.0521274
0,0,0.0521838
0,0,0.0522364
0,0,0.0522693
0,0,0.0522798
0,0,0.0523099
0,0,0.0523264
0,0,0.0523309
0,0,0.0523708
0,0,0.0523803
0,0,0.0523849
0,0,0.0523899
0,0,0.0524228
0,0,0.0524325
0,0,0.0524606
0,0,0.0525265
0,0,0.0525496
0,0,0.0525598
0,0,0.0525624
0,0,0.0526052
0,0,0.0526178
0,0,0.0526204
0,0,0.0526374
0,0,0.0526576
0,0,0.0526856
0,0,0.0526901
0,0,0.0526969
0,0,0.0528473
0,0,0.0528488
0,0,0.0528624
0,0,0.0528936
0,0,0.0529528
0,0,0.0529722
0,0,0.052986
0,0,0.0530166
0,0,0.0530343
0,0,0.053055
0,0,0.0530657
0,0,0.0531009
0,0,0.053152
0,0,0.0531579
0,0,0.0531937
0,0,0.0532806
0,0,0.0533032
0,0,0.0533136
0,0,0.0533138
0,0,0.0533804
0,0,0.0533976
0,0,0.0534175
0,0,0.053451
0,0,0.0534713
0,0,0.0534735
0,0,0.0534777
0,0,0.0535059
0,0,0.0535199
0,0,0.0535527
0,0,0.0536045
0,0,0.0536182
0,0,0.053731
0,0,0.0537502
0,0,0.0537862
0,0,0.0537966
0,0,0.0538058
0,0,0.0538437
0,0,0.0538443
0,0,0.0539048
0,0,0.0539439
0,0,0.0540004
0,0,0.0540133
0,0,0.0540266
0,0,0.0540348
0,0,0.0541107
0,0,0.0541148
0,0,0.0541352
0,0,0.0541483
0,0,0.0541524
0,0,0.0541759
0,0,0.0542682
0,0,0.05428
0,0,0.0543032
0,0,0.0543252
0,0,0.0543609
0,0,0.0543648
0,0,0.0543684
0,0,0.0543832
0,0,0.0544624
0,0,0.0545468
0,0,0.054587
0,0,0.0546796
0,0,0.054707
0,0,0.054744
0,0,0.0547618
0,0,0.0548457
0,0,0.0548719
0,0,0.0549422
0,0,0.0549455
0,0,0.0549462
0,0,0.054955
0,0,0.0549643
0,0,0.0549651
0,0,0.0549673
0,0,0.0549703
0,0,0.054979
0,0,0.0550066
0,0,0.0550291
0,0,0.0550339
0,0,0.0550505
0,0,0.0550507
0,0,0.0551072
0,0,0.0551547
0,0,0.0551549
0,0,0.0551619
0,0,0.0551773
0,0,0.055198
0,0,0.0552501
0,0,0.0552672
0,0,0.0553272
0,0,0.0553294
0,0,0.0553558
0,0,0.0553574
0,0,0.055361
0,0,0.0553936
0,0,0.0554437
0,0,0.0554893
0,0,0.0554895
0,0,0.0555878
0,0,0.0556142
0,0,0.0556427
0,0,0.0556788
0,0,0.0557202
0,0,0.0557843
0,0,0.0557884
0,0,0.0557948
0,0,0.0557962
0,0,0.0558235
0,0,0.0558321
0,0,0.0558647
0,0,0.05601
0,0,0.0560147
0,0,0.0560352
0,0,0.0560993
0,0,0.0561176
0,0,0.0561536
0,0,0.0561668
0,0,0.0562134
0,0,0.0562414
0,0,0.0562465
0,0,0.0562851
0,0,0.0563745
0,0,0.0564226
0,0,0.0564559
0,0,0.0564797
0,0,0.0564902
0,0,0.0565058
0,0,0.0565153
0,0,0.0565315
0,0,0.0566398
0,0,0.056668
0,0,0.0566736
0,0,0.057032
0,0,0.0570375
0,0,0.0570412
0,0,0.057104
0,0,0.0571126
0,0,0.0571514
0,0,0.0571606
0,0,0.0571987
0,0,0.0572425
0,0,0.0572532
0,0,0.0573517
0,0,0.0573641
0,0,0.0573942
0,0,0.0573996
0,0,0.0574728
0,0,0.057546
0,0,0.057547
0,0,0.0575624
0,0,0.0575922
0,0,0.0576394
0,0,0.0576523
0,0,0.057665
0,0,0.0576837
0,0,0.0577158
0,0,0.0577197
0,0,0.0578202
0,0,0.0579151
0,0,0.0579345
0,0,0.0579557
0,0,0.0579981
0,0,0.0580315
0,0,0.0580484
0,0,0.058079
0,0,0.0581092
0,0,0.0581626
0,0,0.0581806
0,0,0.0582788
0,0,0.0582969
0,0,0.0583489
0,0,0.0583991
0,0,0.0583992
0,0,0.0584028
0,0,0.0584149
0,0,0.058505
0,0,0.0585177
0,0,0.0585473
0,0,0.0585723
0,0,0.0585852
0,0,0.058608
0,0,0.0586094
0,0,0.0586488
0,0,0.0586539
0,0,0.0586609
0,0,0.0586614
0,0,0.0586973
0,0,0.0587357
0,0,0.0587422
0,0,0.0587435
0,0,0.0587758
0,0,0.0588038
0,0,0.0588349
0,0,0.0588379
0,0,0.0589064
0,0,0.0590914
0,0,0.059097
0,0,0.0591064
0,0,0.0591529
0,0,0.0591688
0,0,0.0591753
0,0,0.0591876
0,0,0.0591959
0,0,0.059206
0,0,0.0592106
0,0,0.0592217
0,0,0.059222
0,0,0.0592492
0,0,0.0592759
0,0,0.0592764
0,0,0.0592894
0,0,0.0593533
0,0,0.0593645
0,0,0.0593677
0,0,0.0593767
0,0,0.0593769
0,0,0.0594611
0,0,0.0595345
0,0,0.0595848
0,0,0.0596477
0,0,0.0596501
0,0,0.0596641
0,0,0.0596799
0,0,0.0596914
0,0,0.0597313
0,0,0.0597315
0,0,0.0597316
0,0,0.0597458
0,0,0.059824
0,0,0.0598534
0,0,0.0598588
0,0,0.0598912
0,0,0.059906
0,0,0.0599236
0,0,0.0599443
0,0,0.0599879
0,0,0.0600657
0,0,0.0600777
0,0,0.0601143
0,0,0.0601468
0,0,0.060169
0,0,0.0602222
0,0,0.0602274
0,0,0.0602484
0,0,0.0602568
0,0,0.0603761
0,0,0.0604677
0,0,0.0604818
0,0,0.0605135
0,0,0.0605332
0,0,0.0605683
0,0,0.0605763
0,0,0.0606062
0,0,0.060629
0,0,0.0607053
0,0,0.060708
0,0,0.0607489
0,0,0.0608081
0,0,0.0608352
0,0,0.0608352
0,0,0.0608409
0,0,0.0608936
0,0,0.0609055
0,0,0.0609345
0,0,0.0610007
0,0,0.0610095
0,0,0.0610263
0,0,0.0610362
0,0,0.0610806
0,0,0.0611132
0,0,0.0611609
0,0,0.0611752
0,0,0.0611819
0,0,0.0612019
0,0,0.0612376
0,0,0.0612466
0,0,0.0613326
0,0,0.0613376
0,0,0.0613677
0,0,0.0613732
0,0,0.0613874
0,0,0.0614133
0,0,0.0614569
0,0,0.061476
0,0,0.0614773
0,0,0.0615068
0,0,0.0615334
0,0,0.0615485
0,0,0.0615837
0,0,0.0615886
0,0,0.0615904
0,0,0.0616161
0,0,0.0616514
0,0,0.0616596
0,0,0.0616888
0,0,0.0617109
0,0,0.0618852
0,0,0.0619068
0,0,0.0619146
0,0,0.0619756
0,0,0.0619757
0,0,0.0619914
0,0,0.0619924
0,0,0.0620412
0,0,0.0620942
0,0,0.062166
0,0,0.0621953
0,0,0.062198
0,0,0.0622152
0,0,0.0622401
0,0,0.0622721
0,0,0.0623052
0,0,0.0623824
0,0,0.0624021
0,0,0.0624216
0,0,0.0624337
0,0,0.0624397
0,0,0.0624397
0,0,0.0624678
0,0,0.0625222
0,0,0.0625239
0,0,0.0625733
0,0,0.0625897
0,0,0.0625996
0,0,0.0626736
0,0,0.0626898
0,0,0.0627495
0,0,0.0627716
0,0,0.0628023
0,0,0.0628031
0,0,0.0629078
0,0,0.0629158
0,0,0.0629682
0,0,0.063005
0,0,0.0630468
0,0,0.0630643
0,0,0.0631675
0,0,0.0632031
0,0,0.0632048
0,0,0.0632358
0,0,0.063275
0,0,0.0633955
0,0,0.0634503
0,0,0.0634516
0,0,0.0635105
0,0,0.0635394
0,0,0.0635992
0,0,0.0636113
0,0,0.063639
0,0,0.0636776
0,0,0.0636905
0,0,0.0636973
0,0,0.063719
0,0,0.0637469
0,0,0.0637621
0,0,0.0638038
0,0,0.0638157
0,0,0.0638206
0,0,0.0639327
0,0,0.0639665
0,0,0.0640304
0,0,0.0640656
0,0,0.0640691
0,0,0.0641163
0,0,0.0641344
0,0,0.0641557
0,0,0.0641624
0,0,0.0641776
0,0,0.0641831
0,0,0.0642018
0,0,0.0642161
0,0,0.0642193
0,0,0.0642382
0,0,0.0642555
0,0,0.0642635
0,0,0.064284
0,0,0.0643562
0,0,0.0643673
0,0,0.064391
0,0,0.0644007
0,0,0.0644036
0,0,0.064405
0,0,0.0644365
0,0,0.0644566
0,0,0.0645249
0,0,0.0645503
0,0,0.0645763
0,0,0.0645931
0,0,0.0646074
0,0,0.0646153
0,0,0.064675
0,0,0.0646934
0,0,0.0647049
0,0,0.0647262
0,0,0.0647483
0,0,0.0647549
0,0,0.0647689
0,0,0.0648696
0,0,0.0648825
0,0,0.064941
0,0,0.0649638
0,0,0.0649669
0,0,0.064988
0,0,0.0650506
0,0,0.0650653
0,0,0.0650912
0,0,0.0651417
0,0,0.0651422
0,0,0.0652212
0,0,0.0652343
0,0,0.0653316
0,0,0.065333
0,0,0.065341
0,0,0.065344
0,0,0.0653447
0,0,0.0653508
0,0,0.0654344
0,0,0.0655038
0,0,0.065538
0,0,0.0655639
0,0,0.0655868
0,0,0.0656475
0,0,0.0657681
0,0,0.065839
0,0,0.0658494
0,0,0.0658535
0,0,0.0658712
0,0,0.0658912
0,0,0.0659382
0,0,0.0659471
0,0,0.0659932
0,0,0.0661024
0,0,0.0661096
0,0,0.0661152
0,0,0.0661572
0,0,0.0662002
0,0,0.0662293
0,0,0.0662435
0,0,0.0662534
0,0,0.0662571
0,0,0.0663125
0,0,0.0663489
0,0,0.0663929
0,0,0.0666018
0,0,0.0666137
0,0,0.0666396
0,0,0.0666684
0,0,0.066675
0,0,0.0667062
0,0,0.0667254
0,0,0.0667359
0,0,0.0667756
0,0,0.0667873
0,0,0.0668374
0,0,0.0668492
0,0,0.066895
0,0,0.0669159
0,0,0.0669346
0,0,0.0669984
0,0,0.067013
0,0,0.0670428
0,0,0.0670504
0,0,0.0670511
0,0,0.0670562
0,0,0.0671797
0,0,0.0672313
0,0,0.0672372
0,0,0.0672938
0,0,0.0673369
0,0,0.0673614
0,0,0.0673726
0,0,0.0673742
0,0,0.0674005
0,0,0.0674088
0,0,0.0674354
0,0,0.067512
0,0,0.0675863
0,0,0.0676062
0,0,0.0677454
0,0,0.067747
0,0,0.0677581
0,0,0.0677697
0,0,0.0678089
0,0,0.0678271
0,0,0.0678735
0,0,0.0679084
0,0,0.0680124
0,0,0.0680181
0,0,0.0680266
0,0,0.0680315
0,0,0.0680736
0,0,0.0681136
0,0,0.0681358
0,0,0.0681469
0,0,0.0681504
0,0,0.0681973
0,0,0.0682269
0,0,0.0682542
0,0,0.068269
0,0,0.06835
0,0,0.0683844
0,0,0.0684199
0,0,0.0684339
0,0,0.0684419
0,0,0.0684825
0,0,0.0685432
0,0,0.0685712
0,0,0.0685852
0,0,0.0686101
0,0,0.0686694
0,0,0.0688347
0,0,0.0688383
0,0,0.0688651
0,0,0.0689134
0,0,0.0689324
0,0,0.0689406
0,0,0.0689637
0,0,0.0690031
0,0,0.0690958
0,0,0.0691043
0,0,0.0691122
0,0,0.0691159
0,0,0.069208
0,0,0.0692186
0,0,0.0692267
0,0,0.0692287
0,0,0.0692334
0,0,0.0692623
0,0,0.0693647
0,0,0.0693963
0,0,0.0694065
0,0,0.0694219
0,0,0.0694257
0,0,0.0694967
0,0,0.0695159
0,0,0.0695234
0,0,0.0696209
0,0,0.0696309
0,0,0.0697031
0,0,0.0697143
0,0,0.0697959
0,0,0.0697985
0,0,0.0698333
0,0,0.069838
0,0,0.0698611
0,0,0.0698744
0,0,0.069918
0,0,0.0699497
0,0,0.0700185
0,0,0.0700758
0,0,0.0700889
0,0,0.0700907
0,0,0.0701827
0,0,0.0702167
0,0,0.0702261
0,0,0.07023
0,0,0.0702387
0,0,0.0702456
0,0,0.0702705
0,0,0.0703396
0,0,0.0703626
0,0,0.0704371
0,0,0.070465
0,0,0.070479
0,0,0.0705096
0,0,0.0705192
0,0,0.0705349
0,0,0.070543
0,0,0.070578
0,0,0.070584
0,0,0.0707133
0,0,0.0707156
0,0,0.0707337
0,0,0.0707637
0,0,0.0708079
0,0,0.0708363
0,0,0.0708953
0,0,0.0709027
0,0,0.0709187
0,0,0.0709381
0,0,0.0709905
0,0,0.071034
0,0,0.071132
0,0,0.0711631
0,0,0.0712224
0,0,0.0712241
0,0,0.0712314
0,0,0.0712381
0,0,0.0712556
0,0,0.0712668
0,0,0.0712957
0,0,0.0713022
0,0,0.0713419
0,0,0.0715203
0,0,0.0715569
0,0,0.0715742
0,0,0.0716268
0,0,0.0717001
0,0,0.0717229
0,0,0.0717302
0,0,0.0717312
0,0,0.0717422
0,0,0.0717552
0,0,0.0717603
0,0,0.0717737
0,0,0.0717877
0,0,0.0717967
0,0,0.0717979
0,0,0.0718444
0,0,0.0718555
0,0,0.0719263
0,0,0.0719578
0,0,0.0719664
0,0,0.0720089
0,0,0.0720289
0,0,0.0721919
0,0,0.0722003
0,0,0.0722572
0,0,0.0722741
0,0,0.0722786
0,0,0.0723103
0,0,0.0723219
0,0,0.0724165
0,0,0.0724264
0,0,0.0724675
0,0,0.0724734
0,0,0.0725274
0,0,0.0725616
0,0,0.0726299
0,0,0.0726403
0,0,0.0726561
0,0,0.0726899
0,0,0.0727154
0,0,0.0727952
0,0,0.0727968
0,0,0.0727984
0,0,0.0728306
0,0,0.0729414
0,0,0.0730256
0,0,0.0730733
0,0,0.073085
0,0,0.0731276
0,0,0.0731763
0,0,0.0732297
0,0,0.073253
0,0,0.0733268
0,0,0.073369
0,0,0.0734114
0,0,0.0734365
0,0,0.0734636
0,0,0.0735078
0,0,0.0735085
0,0,0.0736467
0,0,0.0737639
0,0,0.0737849
0,0,0.0738106
0,0,0.0738569
0,0,0.0738628
0,0,0.0738887
0,0,0.0739558
0,0,0.074108
0,0,0.074135
0,0,0.0742483
0,0,0.0742995
0,0,0.0743057
0,0,0.07434
0,0,0.0744187
0,0,0.074652
0,0,0.0747627
0,0,0.0748258
0,0,0.0748399
0,0,0.0748696
0,0,0.0749465
0,0,0.0749747
0,0,0.0750819
0,0,0.0750953
0,0,0.0751567
0,0,0.0751582
0,0,0.0751775
0,0,0.0751977
0,0,0.075218
0,0,0.075321
0,0,0.0754348
0,0,0.0754677
0,0,0.075491
0,0,0.0754999
0,0,0.0755188
0,0,0.0755811
0,0,0.0756038
0,0,0.0756447
0,0,0.0756885
0,0,0.0757525
0,0,0.0757627
0,0,0.075856
0,0,0.0758857
0,0,0.0758935
0,0,0.0759958
0,0,0.0760332
0,0,0.0760527
0,0,0.0760585
0,0,0.0761398
0,0,0.0761779
0,0,0.0761898
0,0,0.0762273
0,0,0.0762423
0,0,0.0762451
0,0,0.0762474
0,0,0.076274
0,0,0.0763021
0,0,0.0763295
0,0,0.0763767
0,0,0.0763958
0,0,0.0764072
0,0,0.0764701
0,0,0.0764824
0,0,0.0765287
0,0,0.0765335
0,0,0.0765832
0,0,0.0766759
0,0,0.0767135
0,0,0.0767319
0,0,0.0768129
0,0,0.0768875
0,0,0.0768875
0,0,0.0768925
0,0,0.0769113
0,0,0.0769617
0,0,0.0770282
0,0,0.0770461
0,0,0.0770506
0,0,0.0771093
0,0,0.0771222
0,0,0.0771399
0,0,0.0771685
0,0,0.0771716
0,0,0.0771881
0,0,0.0772565
0,0,0.0773312
0,0,0.0773473
0,0,0.0774031
0,0,0.0776557
0,0,0.0776872
0,0,0.0777488
0,0,0.0777611
0,0,0.0777722
0,0,0.0777865
0,0,0.0777939
0,0,0.0778263
0,0,0.077848
0,0,0.0778968
0,0,0.0779057
0,0,0.0779406
0,0,0.0779739
0,0,0.0781472
0,0,0.0781725
0,0,0.0782204
0,0,0.0782652
0,0,0.0784379
0,0,0.0784593
0,0,0.0784825
0,0,0.0785095
0,0,0.0786616
0,0,0.0786758
0,0,0.0786909
0,0,0.0787211
0,0,0.0787322
0,0,0.0787907
0,0,0.0788769
0,0,0.0788999
0,0,0.0789515
0,0,0.0789588
0,0,0.0789627
0,0,0.0789715
0,0,0.0790512
0,0,0.0792068
0,0,0.079231
0,0,0.0793175
0,0,0.0793269
0,0,0.0793786
0,0,0.0794728
0,0,0.0794817
0,0,0.0795136
0,0,0.0795972
0,0,0.0796124
0,0,0.0797095
0,0,0.0797096
0,0,0.0797181
0,0,0.0797199
0,0,0.0797221
0,0,0.0797941
0,0,0.0799445
0,0,0.0799532
0,0,0.0799643
0,0,0.0799785
0,0,0.0799848
0,0,0.0800079
0,0,0.0800496
0,0,0.0800816
0,0,0.0801112
0,0,0.0801424
0,0,0.0801517
0,0,0.0801802
0,0,0.0801996
0,0,0.0803858
0,0,0.0805787
0,0,0.080581
0,0,0.08066
0,0,0.0806835
0,0,0.0806872
0,0,0.0806889
0,0,0.0806957
0,0,0.080724
0,0,0.0807548
0,0,0.0807575
0,0,0.0808544
0,0,0.0810135
0,0,0.0810159
0,0,0.0810737
0,0,0.0811201
0,0,0.081144
0,0,0.081148
0,0,0.0811794
0,0,0.0812121
0,0,0.0812699
0,0,0.0812816
0,0,0.0813022
0,0,0.0813257
0,0,0.0813583
0,0,0.0815215
0,0,0.081601
0,0,0.0816853
0,0,0.0817021
0,0,0.0818543
0,0,0.0818595
0,0,0.0818598
0,0,0.0818819
0,0,0.0818997
0,0,0.0820232
0,0,0.0820486
0,0,0.0821605
0,0,0.0822298
0,0,0.0822407
0,0,0.0822572
0,0,0.082267
0,0,0.0823127
0,0,0.0823769
0,0,0.0824218
0,0,0.082483
0,0,0.0825337
0,0,0.0825636
0,0,0.0825918
0,0,0.0827335
0,0,0.0827793
0,0,0.0827823
0,0,0.0828077
0,0,0.0828769
0,0,0.0829191
0,0,0.0829322
0,0,0.0829784
0,0,0.0830009
0,0,0.0830181
0,0,0.0830614
0,0,0.0831069
0,0,0.0832717
0,0,0.0833386
0,0,0.0834498
0,0,0.0834769
0,0,0.0835574
0,0,0.0835887
0,0,0.0835982
0,0,0.0837213
0,0,0.0837594
0,0,0.0838686
0,0,0.083876
0,0,0.0838783
0,0,0.0839526
0,0,0.0839897
0,0,0.0840285
0,0,0.0842095
0,0,0.0842594
0,0,0.0842886
0,0,0.0842955
0,0,0.0843247
0,0,0.0843647
0,0,0.0843949
0,0,0.0844001
0,0,0.0844054
0,0,0.0844259
0,0,0.084501
0,0,0.0847564
0,0,0.0847599
0,0,0.0847991
0,0,0.0848095
0,0,0.0848107
0,0,0.0848357
0,0,0.0848438
0,0,0.0848505
0,0,0.0850258
0,0,0.0850283
0,0,0.0850873
0,0,0.0851663
0,0,0.085175
0,0,0.085237
0,0,0.0852465
0,0,0.0854174
0,0,0.0854278
0,0,0.0854407
0,0,0.0854619
0,0,0.0855616
0,0,0.0858409
0,0,0.0858439
0,0,0.0858541
0,0,0.0859441
0,0,0.0859573
0,0,0.086161
0,0,0.086162
0,0,0.0861969
0,0,0.08624
0,0,0.0862993
0,0,0.0863087
0,0,0.0863979
0,0,0.0865033
0,0,0.0865641
0,0,0.0865695
0,0,0.0866822
0,0,0.0867514
0,0,0.0867675
0,0,0.086833
0,0,0.0869702
0,0,0.0869956
0,0,0.087108
0,0,0.0871459
0,0,0.0872174
0,0,0.0873202
0,0,0.0873771
0,0,0.0874339
0,0,0.0875332
0,0,0.087548
0,0,0.0875688
0,0,0.0875869
0,0,0.0876908
0,0,0.0877006
0,0,0.0877327
0,0,0.0877478
0,0,0.0877546
0,0,0.0877687
0,0,0.0878087
0,0,0.0878971
0,0,0.0879664
0,0,0.0880197
0,0,0.0880266
0,0,0.0880356
0,0,0.0880535
0,0,0.0881217
0,0,0.0881756
0,0,0.0881873
0,0,0.0881894
0,0,0.0882189
0,0,0.0882991
0,0,0.0883151
0,0,0.0884638
0,0,0.0886112
0,0,0.0886757
0,0,0.0886757
0,0,0.0888449
0,0,0.088863
0,0,0.0889388
0,0,0.08894
0,0,0.0891362
0,0,0.0891799
0,0,0.0891955
0,0,0.0891969
0,0,0.0892161
0,0,0.0892188
0,0,0.0892682
0,0,0.0893511
0,0,0.089389
0,0,0.089417
0,0,0.0894785
0,0,0.0895911
0,0,0.0897718
0,0,0.0898079
0,0,0.0898634
0,0,0.0899671
0,0,0.0899711
0,0,0.0899965
0,0,0.0900645
0,0,0.0901181
0,0,0.0901718
0,0,0.0901775
0,0,0.0902052
0,0,0.0903869
0,0,0.0904055
0,0,0.0904189
0,0,0.0905932
0,0,0.0906395
0,0,0.0906908
0,0,0.0907297
0,0,0.0907767
0,0,0.0908238
0,0,0.0908377
0,0,0.0908455
0,0,0.0909891
0,0,0.0910741
0,0,0.091147
0,0,0.0911585
0,0,0.0911722
0,0,0.0913577
0,0,0.0913852
0,0,0.0914323
0,0,0.0914458
0,0,0.0914539
0,0,0.0914657
0,0,0.0914754
0,0,0.0914847
0,0,0.0915163
0,0,0.0915333
0,0,0.0915704
0,0,0.0916661
0,0,0.0917244
0,0,0.0918817
0,0,0.0920287
0,0,0.0920435
0,0,0.0921116
0,0,0.0921655
0,0,0.0921687
0,0,0.0922442
0,0,0.0922445
0,0,0.0923054
0,0,0.0923458
0,0,0.0923513
0,0,0.0923795
0,0,0.092422
0,0,0.0924588
0,0,0.0924597
0,0,0.0924789
0,0,0.092496
0,0,0.0925792
0,0,0.0925827
0,0,0.0926165
0,0,0.0926769
0,0,0.0927136
0,0,0.0927161
0,0,0.0927739
0,0,0.0928904
0,0,0.0929159
0,0,0.0929208
0,0,0.0929231
0,0,0.0929594
0,0,0.0930396
0,0,0.0930675
0,0,0.0930801
0,0,0.0930939
0,0,0.0931377
0,0,0.0932365
0,0,0.0932525
0,0,0.0933226
0,0,0.0933435
0,0,0.09345
0,0,0.0935621
0,0,0.0936994
0,0,0.0937224
0,0,0.093728
0,0,0.0937332
0,0,0.0937957
0,0,0.0938516
0,0,0.0939209
0,0,0.0940566
0,0,0.0940877
0,0,0.0941092
0,0,0.0941132
0,0,0.0941463
0,0,0.0941637
0,0,0.0941663
0,0,0.0944385
0,0,0.0945419
0,0,0.0945525
0,0,0.0946369
0,0,0.0947114
0,0,0.0947262
0,0,0.0948211
0,0,0.0948602
0,0,0.0948649
0,0,0.0949154
0,0,0.0949672
0,0,0.0950143
0,0,0.0950188
0,0,0.0950228
0,0,0.0950887
0,0,0.0951585
0,0,0.0953507
0,0,0.0954122
0,0,0.095576
0,0,0.0956526
0,0,0.0957311
0,0,0.0957802
0,0,0.0958751
0,0,0.0959594
0,0,0.0960412
0,0,0.0961288
0,0,0.0962866
0,0,0.0963608
0,0,0.0965321
0,0,0.0965921
0,0,0.0966003
0,0,0.0966128
0,0,0.0967313
0,0,0.0968677
0,0,0.0969033
0,0,0.0969055
0,0,0.0969388
0,0,0.0970354
0,0,0.0970603
0,0,0.0971189
0,0,0.0971937
0,0,0.0972501
0,0,0.0973617
0,0,0.0973768
0,0,0.0975144
0,0,0.0975262
0,0,0.0975939
0,0,0.0975962
0,0,0.0976305
0,0,0.0976857
0,0,0.0977063
0,0,0.0977518
0,0,0.0979544
0,0,0.0980066
0,0,0.0981363
0,0,0.0981692
0,0,0.0982765
0,0,0.0983109
0,0,0.0983533
0,0,0.0983719
0,0,0.098398
0,0,0.0984477
0,0,0.0984622
0,0,0.0985039
0,0,0.0985669
0,0,0.0986265
0,0,0.0988953
0,0,0.0990849
0,0,0.0991391
0,0,0.0991758
0,0,0.0992588
0,0,0.0993477
0,0,0.0994296
0,0,0.0994369
0,0,0.0995127
0,0,0.099646
0,0,0.0999041
0,0,0.100071
0,0,0.100114
0,0,0.100136
0,0,0.100248
0,0,0.100293
0,0,0.100476
0,0,0.100516
0,0,0.100564
0,0,0.100677
0,0,0.100679
0,0,0.100802
0,0,0.100828
0,0,0.100901
0,0,0.100909
0,0,0.101013
0,0,0.101057
0,0,0.101188
0,0,0.101331
0,0,0.101361
0,0,0.101488
0,0,0.101523
0,0,0.101729
0,0,0.10175
0,0,0.101868
0,0,0.101874
0,0,0.101889
0,0,0.1022
0,0,0.102217
0,0,0.102248
0,0,0.102294
0,0,0.102483
0,0,0.102505
0,0,0.102562
0,0,0.102602
0,0,0.10269
0,0,0.102691
0,0,0.102779
0,0,0.102825
0,0,0.102867
0,0,0.102943
0,0,0.102976
0,0,0.10299
0,0,0.103004
0,0,0.103216
0,0,0.103411
0,0,0.103438
0,0,0.103687
0,0,0.103742
0,0,0.103789
0,0,0.103919
0,0,0.103926
0,0,0.103944
0,0,0.103951
0,0,0.104083
0,0,0.104142
0,0,0.104144
0,0,0.104166
0,0,0.104225
0,0,0.104249
0,0,0.104251
0,0,0.104255
0,0,0.104316
0,0,0.104503
0,0,0.104506
0,0,0.104567
0,0,0.104606
0,0,0.10461
0,0,0.104842
0,0,0.104855
0,0,0.104936
0,0,0.105
0,0,0.105055
0,0,0.105071
0,0,0.105116
0,0,0.105218
0,0,0.105338
0,0,0.105342
0,0,0.105486
0,0,0.105623
0,0,0.105815
0,0,0.105906
0,0,0.105952
0,0,0.105961
0,0,0.105989
0,0,0.106056
0,0,0.1061
0,0,0.106139
0,0,0.106259
0,0,0.106397
0,0,0.106402
0,0,0.106425
0,0,0.106489
0,0,0.106568
0,0,0.10658
0,0,0.106606
0,0,0.106735
0,0,0.107163
0,0,0.107185
0,0,0.107205
0,0,0.107269
0,0,0.107409
0,0,0.107413
0,0,0.107612
0,0,0.107612
0,0,0.107619
0,0,0.10765
0,0,0.107797
0,0,0.10787
0,0,0.107918
0,0,0.107951
0,0,0.108002
0,0,0.108066
0,0,0.108077
0,0,0.108097
0,0,0.108124
0,0,0.108138
0,0,0.108165
0,0,0.108234
0,0,0.108238
0,0,0.108332
0,0,0.108431
0,0,0.108452
0,0,0.108455
0,0,0.108472
0,0,0.108631
0,0,0.108711
0,0,0.108722
0,0,0.108788
0,0,0.108927
0,0,0.108957
0,0,0.108961
0,0,0.109073
0,0,0.109265
0,0,0.109324
0,0,0.109515
0,0,0.109549
0,0,0.109721
0,0,0.109728
0,0,0.109867
0,0,0.109889
0,0,0.109902
0,0,0.109959
0,0,0.110204
0,0,0.110208
0,0,0.110298
0,0,0.11037
0,0,0.110397
0,0,0.110549
0,0,0.110653
0,0,0.11075
0,0,0.110833
0,0,0.110859
0,0,0.110896
0,0,0.111029
0,0,0.111061
0,0,0.111077
0,0,0.111136
0,0,0.111185
0,0,0.111231
0,0,0.111286
0,0,0.111433
0,0,0.111543
0,0,0.111562
0,0,0.111653
0,0,0.111656
0,0,0.111756
0,0,0.111793
0,0,0.111838
0,0,0.111968
0,0,0.111987
0,0,0.112016
0,0,0.112067
0,0,0.112291
0,0,0.112347
0,0,0.112636
0,0,0.112669
0,0,0.112705
0,0,0.112819
0,0,0.11282
0,0,0.112922
0,0,0.113012
0,0,0.113032
0,0,0.113051
0,0,0.113223
0,0,0.113265
0,0,0.113315
0,0,0.113366
0,0,0.113476
0,0,0.113514
0,0,0.113571
0,0,0.113652
0,0,0.113734
0,0,0.113753
0,0,0.113814
0,0,0.113863
0,0,0.113882
0,0,0.114098
0,0,0.114194
0,0,0.114225
0,0,0.114291
0,0,0.114311
0,0,0.114446
0,0,0.114487
0,0,0.11449
0,0,0.114588
0,0,0.114589
0,0,0.115192
0,0,0.115241
0,0,0.115241
0,0,0.115351
0,0,0.11545
0,0,0.115543
0,0,0.115576
0,0,0.115588
0,0,0.115661
0,0,0.115687
0,0,0.115723
0,0,0.11585
0,0,0.115901
0,0,0.115946
0,0,0.115992
0,0,0.115998
0,0,0.116005
0,0,0.116042
0,0,0.116078
0,0,0.11608
0,0,0.116173
0,0,0.116308
0,0,0.116317
0,0,0.116437
0,0,0.116531
0,0,0.116651
0,0,0.116703
0,0,0.116703
0,0,0.116753
0,0,0.116986
0,0,0.1171
0,0,0.117122
0,0,0.117251
0,0,0.117305
0,0,0.117411
0,0,0.117487
0,0,0.117569
0,0,0.117747
0,0,0.117839
0,0,0.118001
0,0,0.118012
0,0,0.118028
0,0,0.11826
0,0,0.118287
0,0,0.118522
0,0,0.11853
0,0,0.118867
0,0,0.118925
0,0,0.119066
0,0,0.119092
0,0,0.119092
0,0,0.119239
0,0,0.119362
0,0,0.119472
0,0,0.119592
0,0,0.119733
0,0,0.119742
0,0,0.11997
0,0,0.119976
0,0,0.120173
0,0,0.120266
0,0,0.120354
0,0,0.120382
0,0,0.120444
0,0,0.120493
0,0,0.120525
0,0,0.120575
0,0,0.120576
0,0,0.120598
0,0,0.120607
0,0,0.120816
0,0,0.120886
0,0,0.120939
0,0,0.120993
0,0,0.121019
0,0,0.121128
0,0,0.121238
0,0,0.12147
0,0,0.121498
0,0,0.121632
0,0,0.121735
0,0,0.121851
0,0,0.121943
0,0,0.121999
0,0,0.122032
0,0,0.122035
0,0,0.12224
0,0,0.122378
0,0,0.122388
0,0,0.122473
0,0,0.122482
0,0,0.122493
0,0,0.122559
0,0,0.122614
0,0,0.122721
0,0,0.122909
0,0,0.122952
0,0,0.123058
0,0,0.123106
0,0,0.123122
0,0,0.123203
0,0,0.123252
0,0,0.123321
0,0,0.123358
0,0,0.123448
0,0,0.123474
0,0,0.123522
0,0,0.123986
0,0,0.124134
0,0,0.124213
0,0,0.124232
0,0,0.124373
0,0,0.124402
0,0,0.124572
0,0,0.124577
0,0,0.124629
0,0,0.124742
0,0,0.124758
0,0,0.124931
0,0,0.125011
0,0,0.125156
0,0,0.125174
0,0,0.125261
0,0,0.125337
0,0,0.125393
0,0,0.125433
0,0,0.125512
0,0,0.125514
0,0,0.125544
0,0,0.125555
0,0,0.125587
0,0,0.125602
0,0,0.125625
0,0,0.125739
0,0,0.125739
0,0,0.125862
0,0,0.126213
0,0,0.126454
0,0,0.126483
0,0,0.126486
0,0,0.126673
0,0,0.126707
0,0,0.126758
0,0,0.126821
0,0,0.126887
0,0,0.126941
0,0,0.126944
0,0,0.127123
0,0,0.127283
0,0,0.127292
0,0,0.127374
0,0,0.12738
0,0,0.127661
0,0,0.12773
0,0,0.127913
0,0,0.128131
0,0,0.128278
0,0,0.128447
0,0,0.128491
0,0,0.128721
0,0,0.128877
0,0,0.129076
0,0,0.129215
0,0,0.129282
0,0,0.129476
0,0,0.129699
0,0,0.129752
0,0,0.12981
0,0,0.129815
0,0,0.129924
0,0,0.130048
0,0,0.1301
0,0,0.130116
0,0,0.130288
0,0,0.130353
0,0,0.130491
0,0,0.130767
0,0,0.130771
0,0,0.130836
0,0,0.130878
0,0,0.131063
0,0,0.131068
0,0,0.131269
0,0,0.131299
0,0,0.131355
0,0,0.131386
0,0,0.131399
0,0,0.131576
0,0,0.131588
0,0,0.131766
0,0,0.131799
0,0,0.131834
0,0,0.131884
0,0,0.131951
0,0,0.132001
0,0,0.132025
0,0,0.132134
0,0,0.132178
0,0,0.13226
0,0,0.132407
0,0,0.132706
0,0,0.132855
0,0,0.133069
0,0,0.133091
0,0,0.133116
0,0,0.13316
0,0,0.133211
0,0,0.133235
0,0,0.133286
0,0,0.133458
0,0,0.133496
0,0,0.133817
0,0,0.133821
0,0,0.133825
0,0,0.133966
0,0,0.133978
0,0,0.13404
0,0,0.134275
0,0,0.134282
0,0,0.134295
0,0,0.134452
0,0,0.134454
0,0,0.134529
0,0,0.134535
0,0,0.134622
0,0,0.13464
0,0,0.134922
0,0,0.134933
0,0,0.135022
0,0,0.135314
0,0,0.135387
0,0,0.13558
0,0,0.135724
0,0,0.135812
0,0,0.136048
0,0,0.136084
0,0,0.136199
0,0,0.136239
0,0,0.136273
0,0,0.136337
0,0,0.136522
0,0,0.136601
0,0,0.136646
0,0,0.136914
0,0,0.13704
0,0,0.137083
0,0,0.13726
0,0,0.137335
0,0,0.137407
0,0,0.137527
0,0,0.137541
0,0,0.137597
0,0,0.137681
0,0,0.137757
0,0,0.137842
0,0,0.137864
0,0,0.137917
0,0,0.138094
0,0,0.138222
0,0,0.138346
0,0,0.138409
0,0,0.13841
0,0,0.138442
0,0,0.138571
0,0,0.138582
0,0,0.138737
0,0,0.138753
0,0,0.138839
0,0,0.138879
0,0,0.139008
0,0,0.139017
0,0,0.139317
0,0,0.139336
0,0,0.139408
0,0,0.13959
0,0,0.139672
0,0,0.139676
0,0,0.139691
0,0,0.139946
0,0,0.140292
0,0,0.140331
0,0,0.140351
0,0,0.140369
0,0,0.140763
0,0,0.140855
0,0,0.140873
0,0,0.140974
0,0,0.14098
0,0,0.141047
0,0,0.141119
0,0,0.141122
0,0,0.141195
0,0,0.141199
0,0,0.141236
0,0,0.141375
0,0,0.141426
0,0,0.141586
0,0,0.141594
0,0,0.141623
0,0,0.141911
0,0,0.141931
0,0,0.142075
0,0,0.142079
0,0,0.142121
0,0,0.142182
0,0,0.142382
0,0,0.142619
0,0,0.142629
0,0,0.142653
0,0,0.142656
0,0,0.142715
0,0,0.142768
0,0,0.142977
0,0,0.143248
0,0,0.143317
0,0,0.143842
0,0,0.14437
0,0,0.144393
0,0,0.144442
0,0,0.144442
0,0,0.144512
0,0,0.144753
0,0,0.144902
0,0,0.144922
0,0,0.144976
0,0,0.145062
0,0,0.145116
0,0,0.145206
0,0,0.145207
0,0,0.145294
0,0,0.145505
0,0,0.145541
0,0,0.145633
0,0,0.145668
0,0,0.145682
0,0,0.145721
0,0,0.145992
0,0,0.146005
0,0,0.146461
0,0,0.146525
0,0,0.146544
0,0,0.146613
0,0,0.146615
0,0,0.146733
0,0,0.146798
0,0,0.147125
0,0,0.147235
0,0,0.147275
0,0,0.147282
0,0,0.147476
0,0,0.14752
0,0,0.147695
0,0,0.14771
0,0,0.147772
0,0,0.147779
0,0,0.147822
0,0,0.147973
0,0,0.14799
0,0,0.148402
0,0,0.148465
0,0,0.148486
0,0,0.148645
0,0,0.148655
0,0,0.148711
0,0,0.148991
0,0,0.149172
0,0,0.149446
0,0,0.149546
0,0,0.149553
0,0,0.149608
0,0,0.149738
0,0,0.150101
0,0,0.150114
0,0,0.150175
0,0,0.150331
0,0,0.150336
0,0,0.150342
0,0,0.150439
0,0,0.150496
0,0,0.150521
0,0,0.150633
0,0,0.150714
0,0,0.150729
0,0,0.150932
0,0,0.1512
0,0,0.151228
0,0,0.151368
0,0,0.151504
0,0,0.151676
0,0,0.151863
0,0,0.15189
0,0,0.152057
0,0,0.152087
0,0,0.152222
0,0,0.152311
0,0,0.152406
0,0,0.152503
0,0,0.152572
0,0,0.152715
0,0,0.152891
0,0,0.153074
0,0,0.153374
0,0,0.1534
0,0,0.153465
0,0,0.153576
0,0,0.153625
0,0,0.153799
0,0,0.15397
0,0,0.154137
0,0,0.154245
0,0,0.154442
0,0,0.1545
0,0,0.154601
0,0,0.155017
0,0,0.155159
0,0,0.155202
0,0,0.155345
0,0,0.155418
0,0,0.155418
0,0,0.155572
0,0,0.155639
0,0,0.155684
0,0,0.155695
0,0,0.155729
0,0,0.155809
0,0,0.155861
0,0,0.155992
0,0,0.156359
0,0,0.156598
0,0,0.156796
0,0,0.156818
0,0,0.157512
0,0,0.157732
0,0,0.157771
0,0,0.157842
0,0,0.158204
0,0,0.15831
0,0,0.158405
0,0,0.158462
0,0,0.158566
0,0,0.158671
0,0,0.158732
0,0,0.158758
0,0,0.159157
0,0,0.159189
0,0,0.159214
0,0,0.159296
0,0,0.159443
0,0,0.159515
0,0,0.15957
0,0,0.160187
0,0,0.160326
0,0,0.160352
0,0,0.160654
0,0,0.160896
0,0,0.161
0,0,0.161331
0,0,0.161422
0,0,0.161434
0,0,0.161609
0,0,0.161839
0,0,0.161897
0,0,0.161952
0,0,0.162164
0,0,0.162663
0,0,0.162669
0,0,0.162918
0,0,0.163002
0,0,0.163111
0,0,0.163158
0,0,0.1632
0,0,0.163227
0,0,0.163343
0,0,0.163452
0,0,0.163456
0,0,0.163579
0,0,0.163594
0,0,0.164096
0,0,0.164172
0,0,0.164213
0,0,0.164277
0,0,0.164285
0,0,0.164314
0,0,0.164406
0,0,0.164501
0,0,0.164606
0,0,0.164665
0,0,0.164799
0,0,0.164814
0,0,0.164925
0,0,0.165005
0,0,0.165105
0,0,0.165158
0,0,0.165396
0,0,0.165461
0,0,0.165499
0,0,0.16567
0,0,0.165762
0,0,0.166021
0,0,0.16604
0,0,0.166322
0,0,0.166439
0,0,0.166464
0,0,0.166557
0,0,0.166817
0,0,0.166869
0,0,0.166916
0,0,0.166994
0,0,0.167003
0,0,0.167208
0,0,0.167291
0,0,0.167336
0,0,0.167773
0,0,0.167795
0,0,0.168088
0,0,0.16834
0,0,0.168447
0,0,0.168522
0,0,0.168544
0,0,0.168605
0,0,0.168661
0,0,0.168797
0,0,0.168948
0,0,0.169046
0,0,0.169213
0,0,0.169612
0,0,0.169633
0,0,0.169924
0,0,0.169931
0,0,0.170149
0,0,0.170194
0,0,0.170217
0,0,0.170226
0,0,0.170325
0,0,0.170454
0,0,0.170686
0,0,0.170772
0,0,0.171048
0,0,0.171259
0,0,0.171373
0,0,0.171441
0,0,0.171496
0,0,0.171676
0,0,0.171881
0,0,0.172226
0,0,0.172365
0,0,0.172369
0,0,0.172658
0,0,0.172695
0,0,0.173072
0,0,0.173177
0,0,0.173434
0,0,0.173681
0,0,0.173715
0,0,0.173753
0,0,0.173878
0,0,0.173946
0,0,0.17404
0,0,0.174242
0,0,0.174359
0,0,0.174526
0,0,0.174531
0,0,0.174649
0,0,0.17468
0,0,0.175109
0,0,0.17521
0,0,0.175262
0,0,0.175298
0,0,0.175356
0,0,0.17563
0,0,0.175959
0,0,0.175963
0,0,0.176358
0,0,0.176596
0,0,0.176756
0,0,0.17682
0,0,0.17687
0,0,0.17693
0,0,0.177253
0,0,0.177273
0,0,0.177441
0,0,0.177466
0,0,0.177858
0,0,0.177965
0,0,0.177993
0,0,0.178299
0,0,0.178552
0,0,0.178575
0,0,0.178659
0,0,0.178713
0,0,0.178914
0,0,0.178958
0,0,0.179109
0,0,0.179344
0,0,0.179367
0,0,0.179506
0,0,0.179583
0,0,0.179647
0,0,0.179938
0,0,0.180074
0,0,0.180101
0,0,0.180106
0,0,0.180237
0,0,0.180528
0,0,0.181035
0,0,0.181045
0,0,0.181404
0,0,0.18151
0,0,0.181778
0,0,0.181975
0,0,0.181976
0,0,0.181998
0,0,0.182082
0,0,0.182526
0,0,0.182605
0,0,0.182684
0,0,0.182817
0,0,0.182827
0,0,0.182882
0,0,0.183249
0,0,0.183466
0,0,0.183505
0,0,0.183659
0,0,0.183669
0,0,0.183867
0,0,0.18406
0,0,0.18415
0,0,0.184225
0,0,0.184483
0,0,0.184537
0,0,0.184584
0,0,0.184606
0,0,0.184672
0,0,0.184694
0,0,0.184793
0,0,0.184822
0,0,0.185018
0,0,0.185125
0,0,0.185244
0,0,0.185411
0,0,0.185427
0,0,0.18566
0,0,0.185727
0,0,0.185809
0,0,0.18598
0,0,0.186011
0,0,0.18621
0,0,0.186241
0,0,0.186299
0,0,0.18655
0,0,0.186596
0,0,0.18689
0,0,0.186959
0,0,0.18701
0,0,0.187111
0,0,0.187238
0,0,0.1877
0,0,0.187881
0,0,0.188122
0,0,0.188199
0,0,0.188337
0,0,0.188587
0,0,0.188656
0,0,0.189085
0,0,0.189224
0,0,0.189415
0,0,0.189472
0,0,0.189546
0,0,0.189615
0,0,0.189624
0,0,0.189782
0,0,0.189935
0,0,0.190247
0,0,0.190613
0,0,0.19063
0,0,0.190998
0,0,0.191355
0,0,0.19143
0,0,0.191517
0,0,0.191588
0,0,0.191618
0,0,0.191743
0,0,0.191771
0,0,0.191898
0,0,0.19196
0,0,0.191966
0,0,0.191983
0,0,0.192047
0,0,0.192685
0,0,0.192811
0,0,0.192909
0,0,0.193607
0,0,0.193817
0,0,0.194113
0,0,0.194229
0,0,0.19426
0,0,0.194383
0,0,0.194493
0,0,0.194776
0,0,0.194806
0,0,0.195082
0,0,0.195143
0,0,0.195177
0,0,0.195332
0,0,0.195355
0,0,0.195366
0,0,0.195522
0,0,0.195544
0,0,0.195722
0,0,0.196281
0,0,0.196872
0,0,0.197064
0,0,0.197398
0,0,0.19743
0,0,0.1976
0,0,0.19787
0,0,0.198027
0,0,0.198117
0,0,0.198195
0,0,0.198292
0,0,0.198353
0,0,0.198584
0,0,0.198877
0,0,0.198908
0,0,0.199003
0,0,0.199328
0,0,0.199351
0,0,0.199414
0,0,0.199419
0,0,0.199694
0,0,0.199759
0,0,0.199811
0,0,0.199835
0,0,0.199852
0,0,0.200445
0,0,0.200458
0,0,0.200564
0,0,0.20091
0,0,0.200975
0,0,0.201118
0,0,0.201387
0,0,0.202016
0,0,0.202078
0,0,0.202281
0,0,0.202297
0,0,0.202469
0,0,0.20249
0,0,0.203033
0,0,0.203107
0,0,0.203372
0,0,0.203375
0,0,0.203505
0,0,0.20396
0,0,0.204011
0,0,0.204069
0,0,0.204095
0,0,0.204146
0,0,0.204287
0,0,0.204428
0,0,0.204483
0,0,0.204723
0,0,0.204847
0,0,0.204925
0,0,0.205193
0,0,0.205737
0,0,0.205974
0,0,0.206013
0,0,0.206184
0,0,0.206213
0,0,0.206228
0,0,0.206243
0,0,0.206442
0,0,0.206571
0,0,0.206696
0,0,0.206896
0,0,0.207037
0,0,0.207215
0,0,0.207262
0,0,0.20739
0,0,0.207406
0,0,0.207423
0,0,0.207445
0,0,0.20777
0,0,0.207876
0,0,0.20797
0,0,0.208103
0,0,0.208212
0,0,0.208427
0,0,0.20875
0,0,0.209001
0,0,0.209371
0,0,0.209496
0,0,0.209524
0,0,0.209599
0,0,0.209639
0,0,0.209699
0,0,0.210421
0,0,0.210623
0,0,0.211103
0,0,0.211147
0,0,0.211389
0,0,0.211408
0,0,0.211457
0,0,0.211568
0,0,0.212138
0,0,0.212291
0,0,0.212318
0,0,0.212425
0,0,0.212431
0,0,0.212802
0,0,0.21302
0,0,0.213187
0,0,0.213257
0,0,0.213282
0,0,0.213675
0,0,0.213938
0,0,0.214146
0,0,0.214494
0,0,0.214536
0,0,0.214811
0,0,0.214948
0,0,0.214979
0,0,0.214991
0,0,0.21512
0,0,0.215347
0,0,0.215477
0,0,0.215499
0,0,0.215636
0,0,0.215992
0,0,0.216009
0,0,0.216131
0,0,0.216133
0,0,0.217017
0,0,0.217331
0,0,0.217385
0,0,0.217508
0,0,0.217723
0,0,0.218009
0,0,0.218286
0,0,0.218304
0,0,0.218558
0,0,0.218646
0,0,0.218764
0,0,0.219223
0,0,0.219268
0,0,0.219538
0,0,0.219753
0,0,0.219767
0,0,0.220521
0,0,0.220794
0,0,0.221042
0,0,0.221972
0,0,0.222194
0,0,0.22224
0,0,0.222533
0,0,0.222975
0,0,0.222981
0,0,0.223016
0,0,0.22304
0,0,0.22337
0,0,0.223392
0,0,0.22351
0,0,0.22385
0,0,0.223853
0,0,0.223893
0,0,0.223937
0,0,0.224082
0,0,0.224346
0,0,0.22441
0,0,0.224535
0,0,0.224984
0,0,0.22508
0,0,0.225193
0,0,0.225346
0,0,0.225676
0,0,0.225933
0,0,0.225974
0,0,0.226068
0,0,0.22614
0,0,0.226186
0,0,0.226361
0,0,0.226851
0,0,0.227052
0,0,0.227254
0,0,0.22797
0,0,0.228083
0,0,0.228218
0,0,0.228748
0,0,0.228855
0,0,0.228896
0,0,0.228936
0,0,0.22906
0,0,0.229225
0,0,0.229233
0,0,0.22958
0,0,0.229634
0,0,0.229734
0,0,0.229738
0,0,0.230457
0,0,0.23051
0,0,0.230522
0,0,0.230602
0,0,0.230634
0,0,0.230858
0,0,0.230987
0,0,0.231245
0,0,0.231434
0,0,0.231555
0,0,0.231874
0,0,0.232241
0,0,0.232566
0,0,0.232733
0,0,0.233064
0,0,0.233077
0,0,0.233359
0,0,0.233538
0,0,0.233617
0,0,0.233693
0,0,0.233861
0,0,0.234325
0,0,0.234754
0,0,0.23495
0,0,0.235023
0,0,0.235133
0,0,0.236062
0,0,0.236127
0,0,0.236612
0,0,0.236649
0,0,0.236783
0,0,0.236871
0,0,0.237002
0,0,0.237075
0,0,0.237184
0,0,0.237244
0,0,0.237621
0,0,0.237728
0,0,0.237767
0,0,0.238036
0,0,0.238242
0,0,0.238516
0,0,0.238594
0,0,0.238718
0,0,0.239132
0,0,0.239199
0,0,0.23939
0,0,0.239617
0,0,0.240055
0,0,0.240196
0,0,0.240628
0,0,0.24107
0,0,0.241364
0,0,0.241623
0,0,0.241706
0,0,0.242237
0,0,0.242585
0,0,0.242774
0,0,0.243069
0,0,0.243105
0,0,0.243422
0,0,0.243634
0,0,0.243652
0,0,0.244263
0,0,0.244635
0,0,0.244954
0,0,0.245257
0,0,0.245815
0,0,0.246061
0,0,0.246505
0,0,0.246682
0,0,0.24678
0,0,0.246911
0,0,0.247198
0,0,0.247361
0,0,0.247437
0,0,0.247596
0,0,0.24802
0,0,0.248192
0,0,0.248203
0,0,0.248355
0,0,0.248436
0,0,0.248812
0,0,0.249261
0,0,0.249508
0,0,0.250108
0,0,0.250125
0,0,0.250318
0,0,0.25052
0,0,0.250606
0,0,0.250769
0,0,0.250827
0,0,0.250951
0,0,0.250951
0,0,0.251158
0,0,0.251533
0,0,0.251605
0,0,0.251692
0,0,0.251724
0,0,0.251759
0,0,0.251828
0,0,0.25207
0,0,0.252599
0,0,0.25265
0,0,0.252669
0,0,0.252947
0,0,0.253451
0,0,0.253588
0,0,0.253769
0,0,0.253957
0,0,0.254229
0,0,0.254291
0,0,0.254538
0,0,0.254795
0,0,0.25494
0,0,0.255125
0,0,0.255263
0,0,0.255507
0,0,0.255553
0,0,0.255558
0,0,0.255826
0,0,0.256074
0,0,0.256333
0,0,0.256741
0,0,0.256803
0,0,0.256849
0,0,0.257479
0,0,0.257487
0,0,0.257507
0,0,0.257864
0,0,0.257895
0,0,0.25813
0,0,0.258212
0,0,0.258275
0,0,0.258865
0,0,0.259121
0,0,0.259491
0,0,0.259582
0,0,0.259659
0,0,0.259726
0,0,0.260229
0,0,0.260842
0,0,0.261208
0,0,0.261747
0,0,0.261857
0,0,0.263088
0,0,0.263635
0,0,0.26379
0,0,0.263883
0,0,0.26576
0,0,0.265821
0,0,0.265855
0,0,0.266152
0,0,0.266302
0,0,0.266385
0,0,0.266627
0,0,0.2669
0,0,0.267438
0,0,0.267709
0,0,0.268928
0,0,0.268932
0,0,0.270084
0,0,0.270341
0,0,0.270415
0,0,0.270795
0,0,0.271445
0,0,0.271567
0,0,0.2729
0,0,0.273285
0,0,0.273372
0,0,0.274066
0,0,0.274306
0,0,0.274355
0,0,0.27591
0,0,0.276907
0,0,0.277132
0,0,0.277441
0,0,0.277979
0,0,0.278052
0,0,0.27816
0,0,0.278598
0,0,0.278781
0,0,0.279862
0,0,0.279871
0,0,0.280715
0,0,0.282302
0,0,0.282386
0,0,0.282582
0,0,0.283073
0,0,0.284143
0,0,0.284525
0,0,0.284527
0,0,0.285321
0,0,0.285516
0,0,0.286133
0,0,0.286298
0,0,0.287141
0,0,0.287325
0,0,0.287737
0,0,0.288216
0,0,0.288998
0,0,0.289254
0,0,0.290955
0,0,0.291037
0,0,0.291528
0,0,0.291572
0,0,0.291979
0,0,0.292752
0,0,0.293039
0,0,0.293383
0,0,0.29443
0,0,0.295394
0,0,0.295444
0,0,0.295747
0,0,0.295854
0,0,0.295893
0,0,0.296036
0,0,0.296222
0,0,0.297245
0,0,0.297337
0,0,0.297764
0,0,0.298125
0,0,0.298189
0,0,0.298411
0,0,0.298641
0,0,0.298833
0,0,0.299426
0,0,0.299553
0,0,0.299794
0,0,0.299953
0,0,0.300291
0,0,0.301474
0,0,0.301566
0,0,0.301675
0,0,0.302845
0,0,0.3031
0,0,0.303161
0,0,0.304024
0,0,0.305493
0,0,0.307269
0,0,0.307443
0,0,0.307757
0,0,0.308704
0,0,0.308793
0,0,0.308998
0,0,0.309602
0,0,0.310374
0,0,0.310688
0,0,0.311391
0,0,0.311651
0,0,0.312219
0,0,0.312323
0,0,0.312806
0,0,0.312842
0,0,0.312873
0,0,0.313376
0,0,0.313834
0,0,0.313921
0,0,0.314053
0,0,0.314411
0,0,0.315923
0,0,0.317681
0,0,0.319439
0,0,0.320541
0,0,0.321123
0,0,0.321629
0,0,0.321757
0,0,0.321945
0,0,0.324627
0,0,0.325442
0,0,0.32574
0,0,0.326081
0,0,0.327371
0,0,0.327514
0,0,0.328591
0,0,0.329691
0,0,0.330773
0,0,0.331279
0,0,0.331962
0,0,0.333017
0,0,0.33448
0,0,0.336497
0,0,0.336967
0,0,0.338909
0,0,0.339059
0,0,0.339331
0,0,0.340148
0,0,0.340984
0,0,0.341182
0,0,0.341192
0,0,0.341392
0,0,0.342085
0,0,0.342104
0,0,0.343834
0,0,0.345476
0,0,0.346101
0,0,0.346496
0,0,0.348316
0,0,0.34935
0,0,0.34947
0,0,0.350236
0,0,0.350469
0,0,0.351288
0,0,0.352739
0,0,0.3538
0,0,0.35732
0,0,0.357718
0,0,0.358854
0,0,0.358912
0,0,0.359414
0,0,0.360391
0,0,0.364953
0,0,0.370629
0,0,0.370867
0,0,0.371111
0,0,0.371286
0,0,0.371877
0,0,0.372243
0,0,0.374421
0,0,0.374465
0,0,0.374501
0,0,0.375002
0,0,0.375665
0,0,0.375682
0,0,0.377169
0,0,0.379449
0,0,0.384227
0,0,0.392369
0,0,0.397763
0,0,0.400608
0,0,0.40076
0,0,0.400836
0,0,0.402459
0,0,0.402515
0,0,0.403059
0,0,0.407064
0,0,0.407152
0,0,0.40846
0,0,0.410234
0,0,0.411788
0,0,0.41206
0,0,0.412584
0,0,0.413981
0,0,0.414035
0,0,0.414499
0,0,0.414624
0,0,0.417716
0,0,0.425894
0,0,0.426667
0,0,0.430622
0,0,0.432328
0,0,0.436126
0,0,0.437621
0,0,0.443822
0,0,0.445678
0,0,0.449185
0,0,0.452941
0,0,0.452987
0,0,0.454095
0,0,0.455338
0,0,0.466078
0,0,0.467464
0,0,0.468543
0,0,0.468792
0,0,0.471406
0,0,0.472867
0,0,0.476047
0,0,0.485449
0,0,0.490816
0,0,0.494359
0,0,0.495115
0,0,0.49915
0,0,0.504851
0,0,0.506338
0,0,0.507181
0,0,0.508341
0,0,0.5115
0,0,0.514032
0,0,0.519584
0,0,0.52292
0,0,0.527969
0,0,0.529066
0,0,0.538668
0,0,0.546205
0,0,0.572994
0,0,0.579195
0,0,0.585793
0,0,0.638997
0,0,0.651155
0,0,0.654852
0,0,0.664561
0,0,0.732547
0,0,0.777426
0,0,0.839872
0,0,3
1,1.09079,1.19532
1,1.00914,1.02154
1,1.00588,1.02768
1,0.958701,1.09844
1,0.902977,0.981456
1,0.853527,0.958565
1,0.818776,0.98777
1,0.799154,0.846775
1,0.790464,0.858377
1,0.775666,0.804302
1,0.769794,1.04332
1,0.769407,1.14232
1,0.758616,0.771466
1,0.754394,0.863636
1,0.754351,0.823242
1,0.753396,0.851214
1,0.734135,0.776709
1,0.705774,0.937936
1,0.692424,0.709541
1,0.688172,0.709078
1,0.688162,0.902462
1,0.684413,0.739409
1,0.680527,0.682855
1,0.676726,0.696861
1,0.676579,0.730202
1,0.66143,0.937046
1,0.660884,0.937917
1,0.64869,0.743802
1,0.640612,0.807457
1,0.635447,1.01867
1,0.62857,0.63155
1,0.626678,0.643803
1,0.622581,0.684062
1,0.618523,0.928832
1,0.610247,0.770503
1,0.593966,0.832041
1,0.587959,0.654669
1,0.576035,0.609726
1,0.573219,0.591436
1,0.571001,0.607683
1,0.570507,0.685737
1,0.566374,0.598883
1,0.561422,0.846242
1,0.557044,0.61755
1,0.556815,0.618075
1,0.548044,0.590416
1,0.546844,0.647476
1,0.537488,0.832424
1,0.531987,0.628995
1,0.531615,0.663226
1,0.529375,0.794068
1,0.529267,0.686354
1,0.526465,0.529741
1,0.526154,0.574309
1,0.525185,0.547732
1,0.523668,0.634567
1,0.521537,0.574835
1,0.521391,0.535539
1,0.521208,0.555413
1,0.519605,0.53309
1,0.519134,0.581979
1,0.51592,0.561418
1,0.515905,0.541124
1,0.514244,0.525067
1,0.512758,0.527196
1,0.511522,0.532031
1,0.508428,0.825286
1,0.505762,0.524729
1,0.50458,0.694879
1,0.50258,0.567251
1,0.501469,0.739621
1,0.499495,0.50695
1,0.499373,0.655263
1,0.495156,0.505597
1,0.494735,0.547144
1,0.494317,0.595771
1,0.492491,0.518887
1,0.489805,0.540528
1,0.488495,0.556808
1,0.483078,0.585116
1,0.482808,0.586957
1,0.482121,0.486083
1,0.48195,0.617623
1,0.481337,0.538517
1,0.480729,0.506245
1,0.479269,0.480676
1,0.477017,0.553344
1,0.475643,0.499583
1,0.473865,0.569903
1,0.470616,0.609032
1,0.467495,0.508609
1,0.467183,0.468653
1,0.466745,0.537216
1,0.466108,0.469642
1,0.465846,0.580815
1,0.463469,0.564961
1,0.463314,0.521727
1,0.463007,0.476132
1,0.461753,0.462008
1,0.459391,0.531846
1,0.457217,0.475278
1,0.457127,0.466981
1,0.455412,0.57304
1,0.451173,0.451977
1,0.450971,0.457638
1,0.447205,0.482349
1,0.447083,0.538726
1,0.444615,0.501627
1,0.442558,0.529477
1,0.441919,0.475646
1,0.440257,0.572929
1,0.439801,0.543465
1,0.439607,0.506253
1,0.438047,0.458171
1,0.436745,0.479144
1,0.436551,0.565813
1,0.436098,0.525096
1,0.434475,0.484539
1,0.43374,0.471946
1,0.433305,0.683834
1,0.430915,0.687296
1,0.430725,0.450991
1,0.430578,0.768576
1,0.42867,0.465595
1,0.427018,0.43897
1,0.425763,0.534472
1,0.42483,0.472776
1,0.424578,0.578071
1,0.422395,0.436121
1,0.420589,0.573265
1,0.419543,0.45593
1,0.417289,0.583064
1,0.416693,0.475914
1,0.416466,0.468241
1,0.416211,0.431851
1,0.415772,0.462277
1,0.412978,0.427007
1,0.412365,0.43997
1,0.41226,0.417402
1,0.411212,0.450427
1,0.410199,0.42064
1,0.409065,0.494465
1,0.408724,0.530728
1,0.405454,0.446099
1,0.40496,0.422687
1,0.40492,0.524929
1,0.40174,0.415196
1,0.401626,0.581025
1,0.401476,0.699195
1,0.398514,0.424707
1,0.398052,0.487652
1,0.39678,0.409773
1,0.396583,0.446653
1,0.395414,0.407903
1,0.395288,0.761869
1,0.39474,0.438892
1,0.394342,0.621313
1,0.393788,0.409639
1,0.393423,0.401186
1,0.392965,0.400383
1,0.390053,0.401824
1,0.385498,0.412655
1,0.384842,0.435683
1,0.384241,0.4944
1,0.38271,0.438479
1,0.382517,0.401544
1,0.380862,0.404049
1,0.379991,0.382857
1,0.379853,0.387379
1,0.379693,0.379895
1,0.379091,0.53723
1,0.377838,0.427118
1,0.377805,0.38357
1,0.376356,0.43442
1,0.376226,0.49443
1,0.376151,0.41715
1,0.375408,0.396669
1,0.375204,0.427106
1,0.37517,0.454636
1,0.373871,0.380287
1,0.373485,0.408997
1,0.373463,0.407241
1,0.372642,0.39444
1,0.371484,0.371932
1,0.370821,0.816448
1,0.366983,0.435021
1,0.366726,0.384672
1,0.366532,0.407241
1,0.366466,0.397645
1,0.365992,0.644968
1,0.365811,0.372844
1,0.36414,0.389545
1,0.361608,0.394885
1,0.36039,0.367187
1,0.359895,0.360315
1,0.35985,0.380452
1,0.359304,0.409574
1,0.358444,0.366459
1,0.358079,0.362948
1,0.35766,0.453812
1,0.357367,0.414527
1,0.357159,0.407536
1,0.355645,0.365676
1,0.355307,0.364532
1,0.355001,0.448852
1,0.35463,0.401562
1,0.35374,0.396418
1,0.353527,0.358209
1,0.35327,0.414951
1,0.353106,0.387667
1,0.351841,0.399253
1,0.351826,0.358601
1,0.351257,0.44542
1,0.351247,0.366235
1,0.350755,0.425609
1,0.350676,0.388027
1,0.350239,0.402383
1,0.348084,0.364818
1,0.347837,0.527989
1,0.343585,0.480134
1,0.343102,0.405984
1,0.342401,0.360223
1,0.342023,0.400854
1,0.341762,0.342685
1,0.341056,0.370296
1,0.340996,0.409535
1,0.340802,0.351067
1,0.339303,0.344532
1,0.339067,0.342917
1,0.338574,0.39212
1,0.337784,0.381949
1,0.337042,0.346572
1,0.336299,0.343467
1,0.336291,0.460895
1,0.335922,0.416786
1,0.335033,0.517147
1,0.334062,0.385343
1,0.333193,0.42915
1,0.332486,0.449596
1,0.331771,0.395911
1,0.33068,0.349456
1,0.330516,0.356166
1,0.330301,0.356116
1,0.330214,0.339981
1,0.33014,0.354852
1,0.329725,0.330358
1,0.329644,0.335089
1,0.329045,0.580254
1,0.328923,0.348807
1,0.326986,0.414853
1,0.32662,0.520726
1,0.325469,0.413421
1,0.325053,0.456079
1,0.324926,0.387667
1,0.323889,0.360088
1,0.322872,0.351679
1,0.32268,0.363716
1,0.322664,0.328294
1,0.322629,0.385859
1,0.322056,0.425057
1,0.321519,0.359669
1,0.321392,0.337576
1,0.32066,0.4038
1,0.320126,0.344049
1,0.320012,0.426756
1,0.319938,0.379444
1,0.319417,0.329383
1,0.318949,0.421745
1,0.31834,0.339704
1,0.318261,0.395062
1,0.318064,0.383278
1,0.318018,0.374165
1,0.317568,0.325374
1,0.317558,0.344469
1,0.316313,0.331811
1,0.316284,0.32869
1,0.316134,0.334625
1,0.316133,0.370123
1,0.314822,0.443769
1,0.313692,0.314607
1,0.313513,0.323882
1,0.313325,0.346055
1,0.3131,0.323833
1,0.312349,0.359951
1,0.311916,0.331044
1,0.311804,0.543446
1,0.31163,0.329854
1,0.310866,0.352217
1,0.31081,0.376716
1,0.310555,0.324252
1,0.31029,0.35173
1,0.310266,0.311063
1,0.310003,0.347066
1,0.309872,0.33581
1,0.309865,0.40397
1,0.309418,0.349278
1,0.309391,0.361874
1,0.308793,0.318999
1,0.308785,0.337986
1,0.308542,0.315034
1,0.308382,0.436338
1,0.306406,0.538175
1,0.306368,0.334958
1,0.305615,0.341506
1,0.305463,0.312685
1,0.305349,0.324506
1,0.305188,0.39502
1,0.304856,0.383709
1,0.304542,0.353677
1,0.304403,0.305992
1,0.304127,0.348286
1,0.30335,0.330394
1,0.303308,0.30831
1,0.302968,0.352868
1,0.302881,0.33427
1,0.30286,0.311823
1,0.302388,0.360753
1,0.302323,0.321336
1,0.302118,0.558367
1,0.301647,0.315159
1,0.301196,0.314637
1,0.301165,0.310802
1,0.300495,0.311041
1,0.300301,0.307822
1,0.300142,0.365684
1,0.300133,0.356032
1,0.299733,0.313323
1,0.299446,0.33212
1,0.298962,0.438892
1,0.298768,0.303367
1,0.298082,0.446492
1,0.297193,0.326271
1,0.296592,0.306687
1,0.296591,0.308682
1,0.296285,0.311237
1,0.295457,0.30517
1,0.294835,0.31276
1,0.293949,0.331767
1,0.293383,0.344218
1,0.293313,0.326358
1,0.293114,0.310667
1,0.292914,0.304631
1,0.292264,0.59926
1,0.291419,0.301621
1,0.291016,0.355468
1,0.290138,0.345892
1,0.289803,0.312817
1,0.289206,0.301336
1,0.288578,0.311151
1,0.288354,0.36666
1,0.288245,0.446137
1,0.288218,0.370975
1,0.287846,0.312301
1,0.287833,0.304301
1,0.287425,0.310998
1,0.287186,0.330518
1,0.286832,0.286902
1,0.286338,0.337116
1,0.28616,0.309454
1,0.286036,0.286512
1,0.286009,0.417759
1,0.286002,0.305802
1,0.28555,0.287021
1,0.284746,0.345469
1,0.284668,0.370217
1,0.284188,0.302771
1,0.284079,0.31604
1,0.283079,0.292621
1,0.282475,0.290808
1,0.282412,0.314508
1,0.282246,0.363676
1,0.282105,0.342194
1,0.281144,0.348289
1,0.280467,0.292656
1,0.280055,0.379836
1,0.279876,0.291378
1,0.277838,0.294329
1,0.276912,0.293366
1,0.276693,0.283178
1,0.27634,0.280857
1,0.275959,0.436632
1,0.275885,0.284216
1,0.275282,0.279138
1,0.274858,0.288647
1,0.27399,0.325745
1,0.273654,0.33704
1,0.273352,0.317648
1,0.272549,0.288245
1,0.272527,0.346358
1,0.272299,0.313298
1,0.27209,0.371353
1,0.271133,0.317696
1,0.271075,0.303465
1,0.270446,0.283675
1,0.270282,0.317218
1,0.268674,0.450493
1,0.268404,0.271822
1,0.268081,0.270093
1,0.267709,0.464797
1,0.267589,0.289286
1,0.266392,0.266898
1,0.266252,0.281433
1,0.265118,0.334608
1,0.263993,0.323424
1,0.263963,0.312428
1,0.263604,0.323643
1,0.262869,0.451468
1,0.262498,0.274533
1,0.261023,0.308048
1,0.261005,0.409353
1,0.260439,0.262764
1,0.260249,0.274468
1,0.260045,0.290356
1,0.259083,0.400839
1,0.259077,0.270765
1,0.258843,0.259375
1,0.258507,0.284647
1,0.25813,0.338149
1,0.258051,0.263491
1,0.258017,0.26415
1,0.257702,0.280109
1,0.257273,0.342985
1,0.25518,0.313863
1,0.255047,0.273378
1,0.252737,0.354227
1,0.252725,0.277954
1,0.252274,0.36829
1,0.251679,0.264302
1,0.251484,0.255022
1,0.251064,0.27455
1,0.250927,0.289176
1,0.250808,0.263491
1,0.250157,0.263073
1,0.249518,0.398519
1,0.249078,0.260366
1,0.249007,0.28523
1,0.248569,0.252644
1,0.248559,0.264357
1,0.248159,0.311162
1,0.247632,0.363024
1,0.247476,0.30754
1,0.247473,0.263165
1,0.247414,0.293934
1,0.247201,0.268413
1,0.246759,0.289988
1,0.246669,0.256273
1,0.246082,0.260838
1,0.245055,0.279042
1,0.244755,0.248236
1,0.244618,0.26383
1,0.244183,0.290952
1,0.243744,0.258941
1,0.243731,0.246832
1,0.243727,0.255121
1,0.243008,0.493583
1,0.242695,0.25903
1,0.242661,0.282572
1,0.242137,0.252195
1,0.241913,0.274568
1,0.241653,0.265874
1,0.241524,0.25963
1,0.241255,0.278063
1,0.240991,0.24301
1,0.240207,0.398784
1,0.239671,0.321368
1,0.239004,0.27673
1,0.238968,0.259761
1,0.238919,0.302885
1,0.23855,0.240506
1,0.238308,0.313434
1,0.238071,0.305314
1,0.237907,0.238142
1,0.236511,0.254144
1,0.236343,0.34414
1,0.236289,0.236919
1,0.236168,0.243462
1,0.235982,0.264376
1,0.234883,0.302849
1,0.234265,0.297297
1,0.233732,0.247271
1,0.232344,0.235966
1,0.23076,0.267612
1,0.229203,0.235079
1,0.228883,0.279618
1,0.22865,0.262809
1,0.228328,0.327338
1,0.227932,0.344699
1,0.227406,0.241426
1,0.227253,0.238686
1,0.227193,0.289462
1,0.226033,0.237754
1,0.225921,0.24585
1,0.225881,0.266815
1,0.224741,0.274257
1,0.224643,0.290681
1,0.223919,0.257928
1,0.223589,0.23713
1,0.223204,0.255294
1,0.222998,0.225073
1,0.222816,0.226534
1,0.222742,0.275165
1,0.222617,0.22309
1,0.222063,0.266385
1,0.222048,0.231321
1,0.221899,0.375449
1,0.221607,0.227854
1,0.221318,0.279317
1,0.221061,0.391474
1,0.220428,0.241373
1,0.220283,0.22934
1,0.220011,0.230255
1,0.219796,0.250666
1,0.219453,0.227094
1,0.219329,0.334812
1,0.219113,0.238494
1,0.218846,0.238218
1,0.218614,0.311213
1,0.217784,0.253488
1,0.217256,0.234353
1,0.216762,0.237237
1,0.216638,0.217265
1,0.216583,0.228851
1,0.215843,0.260739
1,0.215744,0.233497
1,0.215441,0.254144
1,0.215094,0.235539
1,0.214597,0.281646
1,0.214436,0.241565
1,0.214381,0.226488
1,0.214139,0.230408
1,0.213696,0.223371
1,0.213667,0.213731
1,0.213421,0.227104
1,0.212842,0.246966
1,0.212669,0.215008
1,0.21236,0.25039
1,0.211928,0.213391
1,0.211826,0.28845
1,0.211129,0.231204
1,0.210851,0.246213
1,0.21058,0.21725
1,0.210548,0.263011
1,0.210493,0.289807
1,0.210442,0.274568
1,0.210212,0.251603
1,0.21021,0.233183
1,0.209615,0.288397
1,0.209259,0.236554
1,0.209153,0.209273
1,0.208951,0.267523
1,0.208658,0.223419
1,0.208553,0.224248
1,0.208489,0.260253
1,0.208443,0.210494
1,0.208395,0.216463
1,0.208225,0.270015
1,0.208121,0.269686
1,0.207787,0.218649
1,0.207525,0.208234
1,0.206511,0.207138
1,0.205646,0.214295
1,0.204643,0.27265
1,0.204274,0.239672
1,0.204212,0.216151
1,0.203908,0.240252
1,0.203869,0.211873
1,0.203726,0.211897
1,0.203595,0.20426
1,0.203421,0.270765
1,0.203091,0.227835
1,0.203012,0.214433
1,0.202794,0.224093
1,0.202545,0.254935
1,0.202392,0.215105
1,0.202055,0.237336
1,0.201717,0.291565
1,0.201609,0.212064
1,0.201289,0.224406
1,0.200347,0.207375
1,0.199945,0.201649
1,0.199219,0.220604
1,0.198758,0.200968
1,0.198392,0.23912
1,0.197873,0.26896
1,0.197678,0.299517
1,0.197405,0.221059
1,0.196575,0.217412
1,0.196163,0.203021
1,0.195861,0.263153
1,0.195643,0.221019
1,0.195425,0.249678
1,0.194574,0.223763
1,0.194094,0.237796
1,0.194073,0.217971
1,0.193948,0.263531
1,0.193849,0.19419
1,0.193801,0.239385
1,0.19331,0.240115
1,0.193163,0.198389
1,0.193004,0.193568
1,0.192961,0.355988
1,0.192912,0.221722
1,0.192888,0.202957
1,0.192659,0.220116
1,0.19264,0.201695
1,0.191905,0.225947
1,0.191649,0.200858
1,0.191628,0.19697
1,0.190667,0.205027
1,0.19056,0.215736
1,0.189601,0.208372
1,0.189583,0.297508
1,0.189434,0.303953
1,0.188764,0.213479
1,0.187851,0.266445
1,0.187677,0.292777
1,0.187481,0.273415
1,0.187165,0.201586
1,0.187103,0.252102
1,0.187087,0.210184
1,0.186297,0.213372
1,0.18621,0.281646
1,0.186117,0.229485
1,0.185975,0.260195
1,0.185858,0.280702
1,0.185295,0.187779
1,0.184851,0.193706
1,0.184726,0.18821
1,0.18465,0.239583
1,0.18412,0.223825
1,0.184007,0.184621
1,0.183984,0.232798
1,0.183851,0.20617
1,0.183461,0.192863
1,0.183195,0.183636
1,0.182814,0.217998
1,0.182457,0.201283
1,0.18241,0.209361
1,0.182355,0.184442
1,0.182296,0.201166
1,0.182181,0.195935
1,0.181333,0.226074
1,0.180844,0.187723
1,0.180326,0.244199
1,0.180111,0.196519
1,0.179757,0.181652
1,0.179043,0.180364
1,0.178964,0.194633
1,0.178888,0.190258
1,0.178372,0.192302
1,0.177553,0.187859
1,0.177178,0.180043
1,0.177107,0.181268
1,0.177023,0.262922
1,0.176727,0.189852
1,0.176506,0.192057
1,0.176322,0.19666
1,0.176136,0.203393
1,0.175381,0.175444
1,0.175113,0.176892
1,0.175011,0.260166
1,0.174795,0.183587
1,0.174591,0.190426
1,0.174287,0.189797
1,0.174163,0.221557
1,0.174141,0.174433
1,0.174117,0.181006
1,0.174025,0.262838
1,0.173837,0.200054
1,0.173138,0.237215
1,0.172888,0.193451
1,0.172512,0.180572
1,0.17243,0.233514
1,0.171206,0.186441
1,0.170154,0.191532
1,0.169833,0.222126
1,0.169136,0.172526
1,0.168395,0.215007
1,0.16808,0.195035
1,0.167677,0.186641
1,0.167385,0.189026
1,0.167198,0.17575
1,0.166233,0.225402
1,0.165981,0.16971
1,0.16595,0.166595
1,0.165846,0.180843
1,0.165089,0.202957
1,0.165061,0.177925
1,0.164627,0.201928
1,0.163877,0.16896
1,0.162892,0.243358
1,0.162631,0.191139
1,0.161093,0.165166
1,0.160082,0.178468
1,0.159916,0.209837
1,0.159358,0.189734
1,0.158064,0.171375
1,0.157883,0.179294
1,0.157855,0.169149
1,0.157766,0.20989
1,0.157379,0.177756
1,0.157369,0.208165
1,0.157175,0.161081
1,0.157086,0.159348
1,0.156912,0.178742
1,0.156861,0.188418
1,0.156317,0.175422
1,0.1562,0.169518
1,0.156136,0.178458
1,0.156027,0.183691
1,0.155991,0.180558
1,0.15575,0.190383
1,0.155642,0.174193
1,0.155556,0.175921
1,0.155506,0.185996
1,0.155384,0.164858
1,0.155202,0.1725
1,0.154867,0.175788
1,0.15469,0.170433
1,0.154503,0.164815
1,0.154475,0.225272
1,0.154261,0.157794
1,0.153929,0.180924
1,0.153626,0.15817
1,0.153323,0.167919
1,0.152962,0.152992
1,0.15273,0.157738
1,0.152633,0.15501
1,0.152262,0.163295
1,0.152137,0.178473
1,0.151923,0.15762
1,0.151792,0.17951
1,0.151623,0.152522
1,0.150875,0.157467
1,0.150857,0.17263
1,0.150576,0.156814
1,0.150552,0.166934
1,0.150441,0.161545
1,0.150023,0.198276
1,0.149024,0.160591
1,0.148898,0.151384
1,0.14871,0.151818
1,0.148579,0.15762
1,0.148345,0.154054
1,0.148342,0.149189
1,0.148116,0.15252
1,0.148101,0.182712
1,0.147344,0.177547
1,0.146969,0.157258
1,0.146905,0.164085
1,0.146804,0.1479
1,0.146603,0.150235
1,0.146069,0.16846
1,0.14593,0.148529
1,0.14587,0.16628
1,0.145612,0.188546
1,0.145307,0.15408
1,0.145242,0.148133
1,0.145172,0.169161
1,0.144747,0.149783
1,0.144427,0.150819
1,0.144278,0.16011
1,0.144219,0.2029
1,0.14418,0.16368
1,0.144162,0.158616
1,0.144013,0.184004
1,0.143866,0.149362
1,0.143771,0.170464
1,0.143602,0.149303
1,0.14359,0.145746
1,0.142889,0.164749
1,0.142492,0.166634
1,0.142459,0.15643
1,0.142131,0.15103
1,0.142125,0.162485
1,0.141411,0.170486
1,0.141155,0.14869
1,0.141024,0.201369
1,0.140996,0.15229
1,0.140944,0.166781
1,0.140883,0.150012
1,0.140776,0.145029
1,0.140574,0.149756
1,0.140568,0.191792
1,0.140423,0.14421
1,0.139759,0.141574
1,0.139325,0.146091
1,0.139189,0.142509
1,0.139142,0.149783
1,0.138933,0.14636
1,0.13875,0.140824
1,0.138714,0.158264
1,0.138052,0.143685
1,0.138037,0.190777
1,0.137832,0.163892
1,0.137677,0.1446
1,0.137645,0.141568
1,0.137402,0.1555
1,0.137202,0.137349
1,0.137119,0.203282
1,0.137001,0.137529
1,0.136869,0.137623
1,0.136062,0.172853
1,0.135958,0.142268
1,0.1351,0.138633
1,0.134831,0.162323
1,0.134818,0.149278
1,0.134802,0.173269
1,0.13426,0.154397
1,0.134247,0.187154
1,0.134224,0.196627
1,0.134091,0.16915
1,0.134077,0.136016
1,0.133965,0.143356
1,0.133788,0.1395
1,0.13372,0.145029
1,0.133717,0.139905
1,0.133673,0.139197
1,0.133659,0.157231
1,0.13362,0.137226
1,0.133602,0.151749
1,0.13313,0.153162
1,0.13309,0.177348
1,0.132773,0.138081
1,0.132718,0.137498
1,0.132671,0.156033
1,0.132617,0.142236
1,0.132543,0.143802
1,0.132355,0.152574
1,0.132227,0.163569
1,0.131948,0.136266
1,0.131854,0.157045
1,0.131647,0.156214
1,0.130948,0.140091
1,0.130943,0.167089
1,0.130772,0.133092
1,0.130045,0.137873
1,0.130041,0.149398
1,0.129983,0.131683
1,0.129756,0.152992
1,0.129742,0.129811
1,0.129384,0.153066
1,0.129341,0.137498
1,0.128933,0.148166
1,0.128701,0.136705
1,0.128637,0.161731
1,0.128463,0.14689
1,0.12841,0.186739
1,0.128194,0.147178
1,0.128185,0.141353
1,0.128008,0.144512
1,0.127986,0.145728
1,0.127726,0.148686
1,0.12729,0.131538
1,0.127196,0.138633
1,0.127094,0.138419
1,0.12705,0.206662
1,0.126044,0.142747
1,0.126016,0.190276
1,0.125532,0.169464
1,0.125493,0.180579
1,0.125336,0.131673
1,0.125303,0.137854
1,0.125293,0.126288
1,0.125234,0.140776
1,0.125077,0.173693
1,0.125077,0.152351
1,0.124987,0.145674
1,0.124973,0.147563
1,0.124951,0.127455
1,0.124934,0.132866
1,0.124881,0.145346
1,0.124795,0.145779
1,0.124161,0.128253
1,0.124038,0.142236
1,0.123987,0.145421
1,0.123975,0.135591
1,0.123933,0.16175
1,0.123642,0.126374
1,0.122789,0.130951
1,0.122667,0.128765
1,0.122611,0.141756
1,0.122527,0.152624
1,0.122084,0.138529
1,0.12119,0.123897
1,0.121144,0.124175
1,0.120833,0.12634
1,0.120766,0.122975
1,0.120544,0.153547
1,0.120536,0.149489
1,0.12046,0.143275
1,0.120397,0.122362
1,0.120149,0.122722
1,0.119936,0.133149
1,0.119904,0.184798
1,0.119636,0.165323
1,0.119569,0.14533
1,0.119383,0.122774
1,0.119371,0.133275
1,0.119342,0.157603
1,0.119282,0.144935
1,0.119265,0.166658
1,0.119061,0.127494
1,0.119011,0.186242
1,0.118912,0.15549
1,0.118862,0.123067
1,0.11849,0.166743
1,0.118342,0.119482
1,0.118185,0.124734
1,0.11806,0.126073
1,0.118018,0.184327
1,0.117976,0.123867
1,0.117972,0.12401
1,0.117695,0.118151
1,0.11729,0.119501
1,0.116668,0.116897
1,0.116613,0.142246
1,0.116555,0.129031
1,0.116471,0.138599
1,0.116062,0.123166
1,0.115857,0.121241
1,0.1156,0.135526
1,0.115483,0.127431
1,0.114346,0.135107
1,0.114343,0.130317
1,0.114306,0.125901
1,0.114227,0.116619
1,0.114171,0.115807
1,0.114083,0.159338
1,0.113964,0.149708
1,0.113902,0.114749
1,0.113898,0.158536
1,0.113445,0.114575
1,0.113409,0.16058
1,0.113359,0.124222
1,0.113233,0.125924
1,0.113215,0.124099
1,0.113076,0.132806
1,0.112901,0.157066
1,0.112819,0.120035
1,0.11274,0.175708
1,0.112634,0.131723
1,0.112609,0.128721
1,0.112577,0.125737
1,0.112233,0.122618
1,0.112007,0.11227
1,0.111884,0.112389
1,0.111773,0.116113
1,0.111751,0.167138
1,0.111485,0.124503
1,0.111087,0.134004
1,0.11102,0.114567
1,0.11097,0.115028
1,0.11094,0.117299
1,0.110849,0.128417
1,0.110623,0.159491
1,0.110469,0.117898
1,0.11034,0.129368
1,0.110127,0.130896
1,0.110062,0.113806
1,0.109992,0.134355
1,0.109658,0.114817
1,0.109494,0.120795
1,0.109235,0.129191
1,0.109222,0.110775
1,0.109147,0.114332
1,0.109091,0.111472
1,0.109067,0.113532
1,0.108854,0.126091
1,0.108795,0.117859
1,0.108692,0.15118
1,0.108244,0.109869
1,0.108039,0.157102
1,0.107958,0.112333
1,0.107896,0.109775
1,0.10787,0.153242
1,0.107854,0.114918
1,0.107704,0.133535
1,0.107681,0.142692
1,0.107346,0.125096
1,0.107338,0.129975
1,0.107291,0.136471
1,0.107236,0.109921
1,0.107165,0.138779
1,0.107014,0.135761
1,0.106973,0.120138
1,0.106799,0.123842
1,0.106754,0.108783
1,0.106525,0.125144
1,0.10652,0.150428
1,0.106229,0.107857
1,0.106156,0.132072
1,0.106008,0.114449
1,0.105951,0.129783
1,0.10566,0.142043
1,0.105581,0.138938
1,0.105567,0.135989
1,0.105354,0.131441
1,0.105187,0.114527
1,0.105095,0.108161
1,0.105086,0.106135
1,0.105065,0.146267
1,0.105047,0.116212
1,0.104926,0.11986
1,0.104923,0.154993
1,0.104736,0.133575
1,0.104723,0.116198
1,0.104481,0.186069
1,0.104399,0.106881
1,0.104246,0.115358
1,0.104208,0.133477
1,0.103948,0.107966
1,0.103943,0.106102
1,0.103937,0.144146
1,0.103776,0.124258
1,0.103739,0.104841
1,0.103588,0.104724
1,0.103537,0.103668
1,0.1035,0.105369
1,0.10348,0.115477
1,0.103354,0.151564
1,0.103155,0.127116
1,0.103139,0.168852
1,0.102818,0.129924
1,0.1027,0.120044
1,0.102421,0.11035
1,0.102417,0.112076
1,0.102405,0.128778
1,0.102146,0.150745
1,0.102041,0.135951
1,0.101875,0.104069
1,0.101847,0.101942
1,0.101797,0.105411
1,0.101699,0.110789
1,0.101678,0.116405
1,0.101554,0.110387
1,0.101526,0.140461
1,0.101294,0.121391
1,0.101281,0.109974
1,0.100901,0.114206
1,0.100833,0.106832
1,0.100794,0.111436
1,0.10079,0.143218
1,0.100736,0.104011
1,0.100644,0.102071
1,0.100631,0.122279
1,0.100236,0.124288
1,0.100209,0.120614
1,0.100205,0.102769
1,0.10017,0.113092
1,0.100109,0.160896
1,0.0999857,0.102807
1,0.0998298,0.162629
1,0.099806,0.100722
1,0.0997347,0.104917
1,0.0997227,0.121487
1,0.0996932,0.108573
1,0.0996326,0.102227
1,0.0993213,0.136098
1,0.0992765,0.119876
1,0.0992729,0.131832
1,0.0992039,0.102661
1,0.0988759,0.106697
1,0.098783,0.106015
1,0.0986762,0.121843
1,0.0986027,0.108729
1,0.0985857,0.118325
1,0.0985752,0.123302
1,0.0983729,0.102866
1,0.0981109,0.150858
1,0.0980792,0.104125
1,0.0979755,0.11347
1,0.0978188,0.128122
1,0.0978011,0.106765
1,0.0976583,0.110743
1,0.0973409,0.116502
1,0.0972563,0.0989877
1,0.0969739,0.109962
1,0.0968497,0.103144
1,0.0966126,0.122463
1,0.0959838,0.110333
1,0.0957208,0.0973615
1,0.0956868,0.100032
1,0.0956856,0.114151
1,0.0956018,0.138752
1,0.0954805,0.11732
1,0.0951817,0.0963084
1,0.0951294,0.14687
1,0.095094,0.099
1,0.0950404,0.095078
1,0.0950224,0.114717
1,0.0948749,0.100953
1,0.0947821,0.0951532
1,0.0946864,0.102686
1,0.0944146,0.0950869
1,0.0943495,0.104802
1,0.0942991,0.108723
1,0.0941581,0.118391
1,0.094122,0.142847
1,0.0940691,0.119691
1,0.0940322,0.108449
1,0.093978,0.134036
1,0.0939437,0.123703
1,0.0938531,0.117864
1,0.0937726,0.0951862
1,0.0937351,0.0969873
1,0.0936856,0.095236
1,0.0934314,0.0964605
1,0.0934135,0.0953938
1,0.0933934,0.1012
1,0.0933873,0.102333
1,0.0933258,0.126265
1,0.0933182,0.095461
1,0.0932806,0.0940971
1,0.0931577,0.118457
1,0.093079,0.099516
1,0.0930486,0.0957858
1,0.0929092,0.0977252
1,0.0925393,0.109769
1,0.0924359,0.0936043
1,0.092413,0.0952137
1,0.0923148,0.0996528
1,0.0922507,0.12977
1,0.0921248,0.124309
1,0.0920799,0.100653
1,0.0920384,0.130193
1,0.0920089,0.104627
1,0.0918706,0.0969902
1,0.0915971,0.105815
1,0.0915596,0.0953938
1,0.0914437,0.0986974
1,0.0914157,0.0973717
1,0.0914119,0.102446
1,0.0914053,0.158739
1,0.0913314,0.0916385
1,0.0913058,0.14029
1,0.0912436,0.127808
1,0.0910819,0.0940587
1,0.0910379,0.100531
1,0.0910226,0.117888
1,0.0907372,0.116213
1,0.0906965,0.142486
1,0.0906891,0.0923594
1,0.0906727,0.109647
1,0.0906372,0.103851
1,0.0906359,0.0942464
1,0.0905895,0.108986
1,0.0901216,0.105744
1,0.0900542,0.0939828
1,0.089975,0.101252
1,0.089961,0.0935382
1,0.0897722,0.0989416
1,0.0897334,0.104389
1,0.0894459,0.101335
1,0.0893575,0.0901842
1,0.0892681,0.0911167
1,0.0892159,0.115322
1,0.0891381,0.108405
1,0.0890886,0.105345
1,0.0890388,0.0939641
1,0.0889672,0.102032
1,0.0886119,0.113612
1,0.0885076,0.090584
1,0.0884822,0.095381
1,0.0884809,0.10866
1,0.0883241,0.0908849
1,0.0882658,0.100188
1,0.0881339,0.0936074
1,0.0880212,0.115277
1,0.0879741,0.118801
1,0.0879666,0.111033
1,0.0879003,0.10253
1,0.087732,0.101183
1,0.0876016,0.0984082
1,0.0875359,0.0942958
1,0.0872567,0.0961588
1,0.0872441,0.110525
1,0.0871807,0.100113
1,0.0870926,0.102787
1,0.0869894,0.09278
1,0.0869637,0.100897
1,0.0868959,0.0930791
1,0.0868346,0.0977963
1,0.0867734,0.0867829
1,0.0867253,0.0920919
1,0.08643,0.113069
1,0.0863254,0.0933182
1,0.0862692,0.105109
1,0.0862598,0.123823
1,0.0858421,0.0987579
1,0.085805,0.111356
1,0.0857836,0.0976408
1,0.0857059,0.124402
1,0.0856941,0.116175
1,0.0856813,0.0942599
1,0.085638,0.0939846
1,0.0855903,0.0926913
1,0.0853975,0.134661
1,0.0853857,0.0869175
1,0.0853574,0.109934
1,0.0853014,0.0950633
1,0.0851772,0.0934966
1,0.0851318,0.104673
1,0.0850429,0.098245
1,0.0849628,0.0914638
1,0.0849593,0.102314
1,0.0849055,0.0904896
1,0.0844872,0.0879204
1,0.0844557,0.0897064
1,0.0842856,0.101231
1,0.0842816,0.0855152
1,0.0842135,0.0850558
1,0.0841929,0.0877679
1,0.084153,0.101199
1,0.0841091,0.111935
1,0.0840296,0.0930598
1,0.0839463,0.0933818
1,0.0838517,0.110032
1,0.0837793,0.0920879
1,0.0835908,0.118837
1,0.0835871,0.0913485
1,0.0833265,0.100045
1,0.0832368,0.0988768
1,0.0831975,0.0966749
1,0.0831429,0.0964165
1,0.083105,0.0868488
1,0.0830976,0.0964165
1,0.0830575,0.0858914
1,0.0829429,0.099516
1,0.0829337,0.0941044
1,0.0829041,0.102332
1,0.0826892,0.0838512
1,0.0826181,0.130494
1,0.082617,0.114565
1,0.0822637,0.0924158
1,0.0822164,0.0963084
1,0.0821893,0.0956579
1,0.0821159,0.106819
1,0.0821032,0.0821802
1,0.0820973,0.127637
1,0.0819609,0.0849932
1,0.0819431,0.106496
1,0.0818517,0.0926296
1,0.0817314,0.0837452
1,0.0816322,0.094194
1,0.0816162,0.0816737
1,0.0816097,0.101698
1,0.0815014,0.0941499
1,0.0814963,0.0933442
1,0.0813908,0.08212
1,0.0813149,0.125272
1,0.0811263,0.0860253
1,0.0808344,0.0899905
1,0.0807858,0.112729
1,0.0804244,0.101919
1,0.0802525,0.0808785
1,0.0801652,0.0877587
1,0.0801603,0.0952651
1,0.0800151,0.0957877
1,0.0799717,0.137485
1,0.0798594,0.0889562
1,0.0798301,0.0933243
1,0.0797679,0.106151
1,0.0797245,0.0929408
1,0.0795668,0.0988616
1,0.0794902,0.105197
1,0.0794002,0.0798628
1,0.0792977,0.113839
1,0.0790612,0.126183
1,0.0790485,0.0850529
1,0.0790406,0.0892754
1,0.0789383,0.0794331
1,0.0788056,0.0905685
1,0.0787902,0.0804972
1,0.0787869,0.0978233
1,0.0787814,0.107963
1,0.0787646,0.119922
1,0.0787496,0.0795582
1,0.0786768,0.0977076
1,0.0786125,0.0887832
1,0.0785621,0.108183
1,0.078506,0.105024
1,0.0784504,0.0957182
1,0.0781187,0.100809
1,0.0780888,0.0832701
1,0.078087,0.0786141
1,0.077903,0.0858032
1,0.0777543,0.0804328
1,0.0777361,0.0952958
1,0.0774881,0.116405
1,0.0774829,0.0838092
1,0.0774443,0.0831088
1,0.0773167,0.0897514
1,0.077297,0.114112
1,0.0772757,0.101935
1,0.077182,0.0820538
1,0.0771414,0.087082
1,0.0771033,0.0849631
1,0.0770376,0.086398
1,0.0769925,0.0821061
1,0.076852,0.102213
1,0.0767671,0.0776243
1,0.0767558,0.0833903
1,0.0767486,0.0811251
1,0.0765196,0.0863147
1,0.0765129,0.0770762
1,0.0765123,0.0860352
1,0.0762976,0.0836467
1,0.0762394,0.0904029
1,0.0761925,0.0793988
1,0.0761064,0.0869383
1,0.0760911,0.0833407
1,0.0760722,0.084899
1,0.076064,0.0773788
1,0.076028,0.0951874
1,0.0759806,0.088008
1,0.0759585,0.09035
1,0.0758826,0.0841901
1,0.075846,0.0801759
1,0.075736,0.111444
1,0.0757141,0.0804631
1,0.075664,0.0847248
1,0.0756595,0.0763118
1,0.0755041,0.0812398
1,0.0754056,0.104225
1,0.0753764,0.0828277
1,0.0753714,0.0964689
1,0.0753454,0.105337
1,0.0753442,0.0938938
1,0.0751872,0.109284
1,0.0751038,0.0784954
1,0.0749438,0.0968387
1,0.0748772,0.116085
1,0.074846,0.0758604
1,0.0747422,0.0931993
1,0.0746092,0.113272
1,0.0745567,0.0784381
1,0.0745514,0.0866225
1,0.0744772,0.099276
1,0.0743974,0.0744673
1,0.0743857,0.0941372
1,0.0743466,0.0895216
1,0.0743323,0.0983
1,0.074319,0.0788686
1,0.074273,0.13102
1,0.0742224,0.0890512
1,0.0742161,0.0862555
1,0.0742038,0.0857054
1,0.0741857,0.10471
1,0.0738723,0.0942599
1,0.073771,0.0908865
1,0.0737478,0.0773459
1,0.0736813,0.098815
1,0.0735865,0.0863126
1,0.0735586,0.0742926
1,0.0732911,0.080693
1,0.0732155,0.0930865
1,0.073127,0.100794
1,0.0731226,0.0744446
1,0.0728853,0.0786933
1,0.0728707,0.0799442
1,0.0724733,0.075642
1,0.0724351,0.0730622
1,0.0722908,0.0798853
1,0.0722674,0.0976736
1,0.0722272,0.0984075
1,0.0722265,0.0909391
1,0.0722173,0.0781118
1,0.0721382,0.0916992
1,0.0719977,0.0911477
1,0.0719921,0.0920072
1,0.0719377,0.077184
1,0.0719308,0.0755075
1,0.0719016,0.0865365
1,0.0717339,0.0780169
1,0.071644,0.100154
1,0.0715553,0.09535
1,0.0712494,0.0757526
1,0.071131,0.0763214
1,0.0709938,0.0787018
1,0.0709809,0.0969744
1,0.0709607,0.0979352
1,0.0709569,0.074123
1,0.0709168,0.112549
1,0.0708416,0.0830549
1,0.0707975,0.0726501
1,0.0707629,0.0962837
1,0.0707353,0.0843932
1,0.0706383,0.0830015
1,0.0705742,0.0846828
1,0.0704999,0.0738188
1,0.0704343,0.0986849
1,0.07009,0.0964287
1,0.0700717,0.0745055
1,0.0700501,0.0713019
1,0.0699966,0.0738286
1,0.0699912,0.0749989
1,0.0696638,0.116691
1,0.0696409,0.0835022
1,0.0696013,0.0731402
1,0.0695942,0.0843582
1,0.0694921,0.0788235
1,0.0694792,0.0785511
1,0.0694696,0.0920067
1,0.0694624,0.0714278
1,0.0693653,0.0853225
1,0.0692502,0.113463
1,0.0692286,0.0850896
1,0.0691675,0.0747307
1,0.0691325,0.0888919
1,0.0691301,0.0803664
1,0.069066,0.110411
1,0.0690184,0.0716085
1,0.0688664,0.0709336
1,0.068818,0.0923128
1,0.0687809,0.0860383
1,0.0687809,0.0777408
1,0.0686625,0.0921052
1,0.068623,0.080725
1,0.0684523,0.0969527
1,0.0682445,0.0693175
1,0.0682165,0.109071
1,0.0682122,0.0802946
1,0.0680734,0.0703094
1,0.0680196,0.121117
1,0.068015,0.0769943
1,0.0680036,0.0680929
1,0.0678916,0.0727018
1,0.0676394,0.0720246
1,0.0676015,0.0677782
1,0.0675563,0.0898381
1,0.0674466,0.0676371
1,0.0673879,0.0815214
1,0.0672464,0.088829
1,0.0672244,0.0703697
1,0.0671758,0.070919
1,0.0670743,0.0706494
1,0.0668694,0.0732338
1,0.0668449,0.0806618
1,0.0667095,0.0982163
1,0.06666,0.0780911
1,0.0666035,0.0672766
1,0.0665839,0.115518
1,0.0665176,0.0740621
1,0.0665089,0.116743
1,0.0664816,0.0987388
1,0.0664423,0.0832665
1,0.0662627,0.0779553
1,0.0662218,0.0680245
1,0.0662123,0.0926242
1,0.0662066,0.0820557
1,0.0660836,0.0668982
1,0.0660798,0.0757475
1,0.0660782,0.0900191
1,0.0659275,0.0740827
1,0.0658676,0.0738739
1,0.0655324,0.0719756
1,0.0653491,0.0776515
1,0.065313,0.0805683
1,0.0651625,0.0800037
1,0.0651212,0.066295
1,0.0649051,0.0694728
1,0.0648999,0.0751295
1,0.0648445,0.0741883
1,0.0648162,0.070842
1,0.0647877,0.0982424
1,0.0647845,0.0753114
1,0.0645881,0.0743205
1,0.0644639,0.0899672
1,0.064448,0.0683274
1,0.0644364,0.0878567
1,0.064394,0.0992327
1,0.0642878,0.0647222
1,0.0642187,0.0703899
1,0.0641412,0.0687601
1,0.0640543,0.0665239
1,0.0639299,0.0785279
1,0.0636959,0.0690308
1,0.0636811,0.0711779
1,0.0634714,0.0710645
1,0.0634238,0.0877666
1,0.0634113,0.0636818
1,0.0632415,0.0854168
1,0.0632268,0.0737158
1,0.0632031,0.0670641
1,0.0631635,0.0865166
1,0.0630975,0.108697
1,0.0630651,0.0806148
1,0.0628946,0.107429
1,0.0628362,0.0691825
1,0.0626568,0.0772488
1,0.0626096,0.0686096
1,0.0625716,0.0764026
1,0.0624173,0.063834
1,0.0623782,0.0645352
1,0.0623342,0.0696734
1,0.0621286,0.0863924
1,0.0620966,0.0993401
1,0.0620416,0.111714
1,0.0620078,0.0650565
1,0.061738,0.0995974
1,0.0615496,0.0668811
1,0.0614732,0.0759226
1,0.0614671,0.0627625
1,0.061417,0.0633316
1,0.0613397,0.0634967
1,0.0612206,0.0659272
1,0.0612192,0.0665196
1,0.0611953,0.0616844
1,0.0611662,0.104821
1,0.0610392,0.0710388
1,0.060977,0.0616937
1,0.0609757,0.0617676
1,0.0609112,0.0696977
1,0.0608821,0.0726512
1,0.0607237,0.0792374
1,0.0598242,0.0681142
1,0.0597221,0.0973094
1,0.059718,0.0860671
1,0.0592027,0.0747805
1,0.0590397,0.0644146
1,0.0586276,0.0841886
1,0.0585342,0.0612009
1,0.0585048,0.0636721
1,0.058377,0.0698646
1,0.0583155,0.0781362
1,0.0581792,0.0709431
1,0.0581285,0.083571
1,0.0577425,0.080135
1,0.0575119,0.0892276
1,0.0574659,0.0622988
1,0.0574231,0.0615198
1,0.0572126,0.0753407
1,0.0570032,0.0589665
1,0.0569445,0.058274
1,0.0565322,0.0656808
1,0.0563209,0.082652
1,0.0559683,0.0618558
1,0.0559592,0.0636255
1,0.0558837,0.0767943
1,0.0553728,0.0560791
1,0.0548299,0.0619922
1,0.0541018,0.0739388
1,0.0539386,0.0654741
1,0.0538225,0.0575834
1,0.0536643,0.0589139
1,0.0535602,0.0725338
1,0.0535138,0.0640246
1,0.0534801,0.0563619
1,0.0534639,0.0585325
1,0.0534346,0.0542928
1,0.0530962,0.0663522
1,0.0529368,0.0622859
1,0.0528371,0.0552538
1,0.0524479,0.0651068
1,0.0518923,0.0626698
1,0.0513647,0.0830934
1,0.0513217,0.0648551
1,0.0506903,0.0579393
1,0.0505461,0.0541212
1,0.0501395,0.0688131
1,0.0499227,0.0523879
1,0.0497505,0.0741522
1,0.0492936,0.0529816
1,0.0491198,0.0662562
1,0.0490988,0.0514153
1,0.0488679,0.0600116
1,0.047907,0.0677516
1,0.0475635,0.053695
1,0.0473251,0.0527837
1,0.0469006,0.0472119
1,0.0468859,0.0492662
1,0.0468213,0.0487219
1,0.0465627,0.0542723
1,0.045925,0.0513418
1,0.0458741,0.0572499
1,0.0454513,0.0701354
1,0.0445392,0.0535365
1,0.0444714,0.0508942
1,0.043821,0.0483957
1,0.0425811,0.0489303
1,0.0423723,0.0638065
1,0.038415,0.0515984
1,0.0350827,0.0416443
1,0.0345538,0.0353899
1,0.0339539,0.0380166
1,0.0320752,0.0355513
2,1.35583,1.36531
2,1.14864,1.1527
2,1.04401,1.08832
2,1.00639,1.01084
2,0.967565,1.0091
2,0.896473,0.944516
2,0.860857,0.862653
2,0.84022,0.8679
2,0.834669,0.886472
2,0.825749,0.831281
2,0.822209,0.82646
2,0.820261,0.846302
2,0.788141,0.804751
2,0.761654,0.765464
2,0.744035,0.755976
2,0.716817,0.770328
2,0.71043,0.736115
2,0.703541,0.789908
2,0.684868,0.688975
2,0.663336,0.721029
2,0.663098,0.668263
2,0.655648,0.701101
2,0.643733,0.668335
2,0.640794,0.700029
2,0.634295,0.636677
2,0.618821,0.62631
2,0.614096,0.628677
2,0.6062,0.63153
2,0.605193,0.614192
2,0.592239,0.605923
2,0.589392,0.591201
2,0.58855,0.622058
2,0.582115,0.611203
2,0.576688,0.585508
2,0.57197,0.57681
2,0.571699,0.638897
2,0.567979,0.578483
2,0.56628,0.598599
2,0.563116,0.703528
2,0.560069,0.568113
2,0.555413,0.586001
2,0.554456,0.560922
2,0.553649,0.579404
2,0.552423,0.556978
2,0.506785,0.508925
2,0.503325,0.516707
2,0.490232,0.547345
2,0.488599,0.497494
2,0.486618,0.51153
2,0.485482,0.536915
2,0.484994,0.485514
2,0.479669,0.480467
2,0.477224,0.483448
2,0.47495,0.50719
2,0.460221,0.462392
2,0.460034,0.478923
2,0.453166,0.541179
2,0.452956,0.47832
2,0.446369,0.448253
2,0.446271,0.471116
2,0.442672,0.456717
2,0.442416,0.447914
2,0.441584,0.448619
2,0.441579,0.456195
2,0.441414,0.44359
2,0.437961,0.457814
2,0.435655,0.445618
2,0.435616,0.503776
2,0.429088,0.469646
2,0.425793,0.463586
2,0.424512,0.434519
2,0.423028,0.442545
2,0.406262,0.45562
2,0.40397,0.417104
2,0.403832,0.411779
2,0.39871,0.426222
2,0.394033,0.398508
2,0.392574,0.430889
2,0.388609,0.397488
2,0.387865,0.40129
2,0.385286,0.426422
2,0.376823,0.448173
2,0.376533,0.412972
2,0.375614,0.404747
2,0.371562,0.380095
2,0.367201,0.416194
2,0.365825,0.46173
2,0.361375,0.368918
2,0.357707,0.366496
2,0.35546,0.373076
2,0.347088,0.362502
2,0.34232,0.379837
2,0.342133,0.343452
2,0.339845,0.400935
2,0.338758,0.370727
2,0.334151,0.342351
2,0.325745,0.328222
2,0.32398,0.345597
2,0.322706,0.333379
2,0.322403,0.363982
2,0.314003,0.32084
2,0.312774,0.32123
2,0.30932,0.312809
2,0.30462,0.334924
2,0.297098,0.306173
2,0.293691,0.322026
2,0.291154,0.32188
2,0.291119,0.298414
2,0.284839,0.315962
2,0.283225,0.284761
2,0.281567,0.301118
2,0.280446,0.311673
2,0.279916,0.306854
2,0.277019,0.279167
2,0.27671,0.294802
2,0.275252,0.289035
2,0.274662,0.280148
2,0.269292,0.309168
2,0.266927,0.268955
2,0.263321,0.274612
2,0.260204,0.282269
2,0.259056,0.260098
2,0.256186,0.272868
2,0.252513,0.253943
2,0.252263,0.261892
2,0.246786,0.250111
2,0.244919,0.249835
2,0.239721,0.251731
2,0.237289,0.238821
2,0.233065,0.24046
2,0.232673,0.24083
2,0.231619,0.234737
2,0.226411,0.24038
2,0.226306,0.236049
2,0.225522,0.229404
2,0.224846,0.242966
2,0.219545,0.221204
2,0.219172,0.235843
2,0.216834,0.219582
2,0.21599,0.262397
2,0.213479,0.239662
2,0.213335,0.219582
2,0.211881,0.219071
2,0.206898,0.21783
2,0.20612,0.209521
2,0.205331,0.217554
2,0.204796,0.220393
2,0.204476,0.208425
2,0.202689,0.214817
2,0.200991,0.207713
2,0.196419,0.201137
2,0.195647,0.216758
2,0.195117,0.196256
2,0.193704,0.194363
2,0.192074,0.196781
2,0.190226,0.204067
2,0.190186,0.207867
2,0.188644,0.195925
2,0.18649,0.190668
2,0.185886,0.186949
2,0.185316,0.187352
2,0.183266,0.189263
2,0.1814,0.19447
2,0.180778,0.191856
2,0.179824,0.188827
2,0.17859,0.186149
2,0.177428,0.196269
2,0.174323,0.175751
2,0.174323,0.189636
2,0.173693,0.179518
2,0.172593,0.173353
2,0.17147,0.196981
2,0.171285,0.177431
2,0.170764,0.179852
2,0.168898,0.169364
2,0.168853,0.179757
2,0.168343,0.175602
2,0.167089,0.17616
2,0.166221,0.167571
2,0.166085,0.168689
2,0.165026,0.183854
2,0.164642,0.175693
2,0.163865,0.172462
2,0.163135,0.177825
2,0.160801,0.177896
2,0.157693,0.157887
2,0.156662,0.175031
2,0.156056,0.156978
2,0.155479,0.180138
2,0.154262,0.175824
2,0.152841,0.15585
2,0.152066,0.155834
2,0.151891,0.161229
2,0.151564,0.158757
2,0.151073,0.164061
2,0.151073,0.153715
2,0.148932,0.173235
2,0.148688,0.168882
2,0.148085,0.165093
2,0.147273,0.147943
2,0.14689,0.147879
2,0.146771,0.151056
2,0.146712,0.147989
2,0.146689,0.152851
2,0.14668,0.148922
2,0.145464,0.146619
2,0.145027,0.153542
2,0.144139,0.145313
2,0.143975,0.146391
2,0.143746,0.149146
2,0.142238,0.152721
2,0.141642,0.14254
2,0.140461,0.147723
2,0.140436,0.156702
2,0.140227,0.141452
2,0.13845,0.144722
2,0.138056,0.146205
2,0.136669,0.153972
2,0.13646,0.141425
2,0.136082,0.137886
2,0.135591,0.136489
2,0.135408,0.143489
2,0.134785,0.144253
2,0.134136,0.134255
2,0.134072,0.136828
2,0.132421,0.133376
2,0.132239,0.132922
2,0.131749,0.13405
2,0.130977,0.139032
2,0.130473,0.131067
2,0.128727,0.137053
2,0.127834,0.139352
2,0.124233,0.140244
2,0.124126,0.126012
2,0.122951,0.122968
2,0.122858,0.155543
2,0.121374,0.133808
2,0.120578,0.124249
2,0.120492,0.124801
2,0.12014,0.120359
2,0.119271,0.126793
2,0.118977,0.119351
2,0.118338,0.121952
2,0.117402,0.125534
2,0.11686,0.123579
2,0.116631,0.130885
2,0.116168,0.1368
2,0.115679,0.121361
2,0.115534,0.115957
2,0.114515,0.144048
2,0.114337,0.128791
2,0.114234,0.116812
2,0.114109,0.123338
2,0.113989,0.119494
2,0.113235,0.114695
2,0.112799,0.117552
2,0.112234,0.115293
2,0.111976,0.119582
2,0.111764,0.12452
2,0.110868,0.117904
2,0.110726,0.133683
2,0.110513,0.12219
2,0.109587,0.110534
2,0.109181,0.110095
2,0.108948,0.112699
2,0.108892,0.11163
2,0.108289,0.109861
2,0.107578,0.122419
2,0.107025,0.10894
2,0.10699,0.119374
2,0.106667,0.109445
2,0.105737,0.112742
2,0.104815,0.109128
2,0.103444,0.104695
2,0.103343,0.107698
2,0.101688,0.10171
2,0.101032,0.110376
2,0.100522,0.109417
2,0.100238,0.117685
2,0.0999106,0.103633
2,0.0996086,0.106194
2,0.0993904,0.104463
2,0.0989877,0.108998
2,0.0973202,0.109039
2,0.0963604,0.11019
2,0.0947141,0.100891
2,0.0936182,0.096433
2,0.0933702,0.0935628
2,0.0929559,0.101065
2,0.092838,0.0929567
2,0.0927696,0.0962454
2,0.0920902,0.0981527
2,0.0890045,0.0895805
2,0.0886324,0.0897083
2,0.0877474,0.0901261
2,0.0852469,0.0878735
2,0.0843906,0.0934469
2,0.0824893,0.0880497
2,0.0812441,0.0834503
2,0.0799374,0.0812288
2,0.0798146,0.0798435
2,0.0701354,0.0720188
2,0.0665801,0.0729128
2,0.0620812,0.0634824
