point cloud with 1337 points in dimension 3
0,0,0.00747386
0,0,0.0107233
0,0,0.0114265
0,0,0.0115429
0,0,0.0135881
0,0,0.0145247
0,0,0.0150254
0,0,0.0156485
0,0,0.0160863
0,0,0.0165606
0,0,0.0172424
0,0,0.0205072
0,0,0.0208284
0,0,0.0217433
0,0,0.0219096
0,0,0.0222329
0,0,0.0230139
0,0,0.02302
0,0,0.023722
0,0,0.0239114
0,0,0.0240942
0,0,0.024169
0,0,0.0244087
0,0,0.0245387
0,0,0.0257144
0,0,0.0258562
0,0,0.0259348
0,0,0.0267366
0,0,0.0271747
0,0,0.0274967
0,0,0.0278014
0,0,0.0278154
0,0,0.0291916
0,0,0.0299029
0,0,0.0301559
0,0,0.0306607
0,0,0.031379
0,0,0.0315421
0,0,0.0324874
0,0,0.0328915
0,0,0.0331524
0,0,0.0332515
0,0,0.033802
0,0,0.0339811
0,0,0.0341425
0,0,0.0343081
0,0,0.0345731
0,0,0.0352018
0,0,0.0353072
0,0,0.0358985
0,0,0.0360493
0,0,0.0362788
0,0,0.0364389
0,0,0.0372269
0,0,0.0372613
0,0,0.0372867
0,0,0.0378975
0,0,0.037985
0,0,0.0381298
0,0,0.0382951
0,0,0.0385346
0,0,0.0391968
0,0,0.0394675
0,0,0.0395135
0,0,0.04018
0,0,0.0402784
0,0,0.0411485
0,0,0.0413028
0,0,0.0413404
0,0,0.0414288
0,0,0.0422693
0,0,0.0422777
0,0,0.042403
0,0,0.042568
0,0,0.0434887
0,0,0.0435352
0,0,0.0436127
0,0,0.0443315
0,0,0.0446546
0,0,0.0450099
0,0,0.0450548
0,0,0.0452225
0,0,0.0458539
0,0,0.0463024
0,0,0.0464549
0,0,0.0465302
0,0,0.0466337
0,0,0.0468097
0,0,0.0468608
0,0,0.0469474
0,0,0.047603
0,0,0.04796
0,0,0.0481423
0,0,0.0486819
0,0,0.0497518
0,0,0.0498417
0,0,0.0499324
0,0,0.0500219
0,0,0.0500411
0,0,0.0502953
0,0,0.0505823
0,0,0.0505927
0,0,0.0506771
0,0,0.0508506
0,0,0.0509244
0,0,0.0513373
0,0,0.0515502
0,0,0.0515862
0,0,0.0516986
0,0,0.0520046
0,0,0.0520681
0,0,0.0521532
0,0,0.0526954
0,0,0.0528184
0,0,0.0529856
0,0,0.0530097
0,0,0.0530673
0,0,0.0531118
0,0,0.0533887
0,0,0.0534528
0,0,0.0534696
0,0,0.0536282
0,0,0.0538358
0,0,0.0538679
0,0,0.0543295
0,0,0.0543437
0,0,0.054417
0,0,0.0544737
0,0,0.0546132
0,0,0.0548747
0,0,0.0549634
0,0,0.0553959
0,0,0.0556556
0,0,0.055916
0,0,0.0559462
0,0,0.0560259
0,0,0.0560729
0,0,0.056118
0,0,0.0562122
0,0,0.0564154
0,0,0.0564283
0,0,0.0565409
0,0,0.056723
0,0,0.0570468
0,0,0.058068
0,0,0.0583927
0,0,0.0584601
0,0,0.0588625
0,0,0.0589741
0,0,0.0590578
0,0,0.0592026
0,0,0.05965
0,0,0.0597183
0,0,0.059826
0,0,0.0602462
0,0,0.06047
0,0,0.0607378
0,0,0.0609102
0,0,0.0611223
0,0,0.0611448
0,0,0.0613678
0,0,0.0614264
0,0,0.0614284
0,0,0.0615383
0,0,0.0616653
0,0,0.0619459
0,0,0.0619492
0,0,0.0620718
0,0,0.0621314
0,0,0.0627424
0,0,0.0627478
0,0,0.0627702
0,0,0.0627901
0,0,0.0634195
0,0,0.063752
0,0,0.0638602
0,0,0.0639298
0,0,0.0640116
0,0,0.0644647
0,0,0.0644664
0,0,0.0646444
0,0,0.0647688
0,0,0.0648963
0,0,0.0650698
0,0,0.0652396
0,0,0.0656811
0,0,0.0658735
0,0,0.0661264
0,0,0.0661398
0,0,0.0663925
0,0,0.0665598
0,0,0.0667447
0,0,0.0667841
0,0,0.0671135
0,0,0.0671412
0,0,0.0671744
0,0,0.0673854
0,0,0.0674158
0,0,0.067586
0,0,0.0676898
0,0,0.0677602
0,0,0.0678088
0,0,0.0679777
0,0,0.0681416
0,0,0.0685441
0,0,0.0686781
0,0,0.0687648
0,0,0.0687679
0,0,0.0688079
0,0,0.0691417
0,0,0.0695938
0,0,0.0696264
0,0,0.0696611
0,0,0.0696676
0,0,0.0697126
0,0,0.0700712
0,0,0.0702304
0,0,0.0702982
0,0,0.0703423
0,0,0.0705417
0,0,0.0706393
0,0,0.0706588
0,0,0.070749
0,0,0.0709067
0,0,0.071037
0,0,0.0710676
0,0,0.071087
0,0,0.0718249
0,0,0.0719505
0,0,0.072092
0,0,0.0721355
0,0,0.0723737
0,0,0.0727144
0,0,0.0729565
0,0,0.0730906
0,0,0.0732735
0,0,0.0735443
0,0,0.0736545
0,0,0.0736686
0,0,0.0736759
0,0,0.0737196
0,0,0.0739516
0,0,0.074081
0,0,0.074157
0,0,0.0743202
0,0,0.0743764
0,0,0.0746616
0,0,0.0747387
0,0,0.0747622
0,0,0.0748385
0,0,0.07502
0,0,0.07512
0,0,0.0751296
0,0,0.0753047
0,0,0.0754911
0,0,0.0755597
0,0,0.0757829
0,0,0.0758671
0,0,0.0758838
0,0,0.0758895
0,0,0.0760473
0,0,0.0761848
0,0,0.0762218
0,0,0.0764745
0,0,0.0765712
0,0,0.0767026
0,0,0.0767518
0,0,0.0768791
0,0,0.076958
0,0,0.0769687
0,0,0.0770394
0,0,0.0770438
0,0,0.0772467
0,0,0.0774461
0,0,0.0775631
0,0,0.0778323
0,0,0.0783468
0,0,0.0789755
0,0,0.0796254
0,0,0.0796523
0,0,0.0796707
0,0,0.0797639
0,0,0.0798498
0,0,0.0800768
0,0,0.080241
0,0,0.0807331
0,0,0.080777
0,0,0.080868
0,0,0.0809441
0,0,0.0809916
0,0,0.0812115
0,0,0.081461
0,0,0.0815972
0,0,0.0816477
0,0,0.0816912
0,0,0.0819555
0,0,0.0820485
0,0,0.0825122
0,0,0.0825192
0,0,0.0827299
0,0,0.0828506
0,0,0.0829226
0,0,0.0829546
0,0,0.0831945
0,0,0.0833514
0,0,0.0833949
0,0,0.0834719
0,0,0.0838222
0,0,0.0839019
0,0,0.0840931
0,0,0.0841155
0,0,0.0842603
0,0,0.0843051
0,0,0.0843846
0,0,0.084452
0,0,0.0845922
0,0,0.0849053
0,0,0.0851281
0,0,0.0851679
0,0,0.085366
0,0,0.085631
0,0,0.0860076
0,0,0.0860447
0,0,0.0862953
0,0,0.0865843
0,0,0.0867777
0,0,0.0868784
0,0,0.0870985
0,0,0.0872533
0,0,0.0877265
0,0,0.0877608
0,0,0.0879072
0,0,0.0881012
0,0,0.0883137
0,0,0.0885507
0,0,0.0887829
0,0,0.0887831
0,0,0.0888281
0,0,0.0890684
0,0,0.0891092
0,0,0.0892193
0,0,0.0897047
0,0,0.0897227
0,0,0.0897717
0,0,0.0898961
0,0,0.0900133
0,0,0.0901336
0,0,0.0901874
0,0,0.0903543
0,0,0.0904287
0,0,0.0904465
0,0,0.0906414
0,0,0.0906934
0,0,0.0909527
0,0,0.0910152
0,0,0.0911417
0,0,0.0914702
0,0,0.091491
0,0,0.0915671
0,0,0.0917362
0,0,0.0917581
0,0,0.0919117
0,0,0.0919635
0,0,0.0922775
0,0,0.092564
0,0,0.0927449
0,0,0.0931025
0,0,0.093144
0,0,0.0932188
0,0,0.0934083
0,0,0.0934678
0,0,0.0940581
0,0,0.0941199
0,0,0.0942561
0,0,0.0950046
0,0,0.0950743
0,0,0.0951135
0,0,0.0952399
0,0,0.0961339
0,0,0.0961389
0,0,0.0963272
0,0,0.0963375
0,0,0.0965419
0,0,0.0967719
0,0,0.0972321
0,0,0.0975232
0,0,0.0977135
0,0,0.0979331
0,0,0.0981166
0,0,0.0981408
0,0,0.0984725
0,0,0.0984849
0,0,0.0986862
0,0,0.0986929
0,0,0.0987364
0,0,0.0987782
0,0,0.0991191
0,0,0.0994077
0,0,0.0994567
0,0,0.0997189
0,0,0.100292
0,0,0.101125
0,0,0.101156
0,0,0.101157
0,0,0.101184
0,0,0.101223
0,0,0.101434
0,0,0.10145
0,0,0.101512
0,0,0.101563
0,0,0.102045
0,0,0.102178
0,0,0.102182
0,0,0.102412
0,0,0.103046
0,0,0.103085
0,0,0.103334
0,0,0.103772
0,0,0.103808
0,0,0.103899
0,0,0.104042
0,0,0.104137
0,0,0.104256
0,0,0.104444
0,0,0.104634
0,0,0.104818
0,0,0.104917
0,0,0.104928
0,0,0.104999
0,0,0.105023
0,0,0.105263
0,0,0.105416
0,0,0.105843
0,0,0.105939
0,0,0.105981
0,0,0.106666
0,0,0.106773
0,0,0.106938
0,0,0.107038
0,0,0.107059
0,0,0.107196
0,0,0.107227
0,0,0.107297
0,0,0.107319
0,0,0.107359
0,0,0.107433
0,0,0.107543
0,0,0.107993
0,0,0.108083
0,0,0.108368
0,0,0.108382
0,0,0.108398
0,0,0.108439
0,0,0.108445
0,0,0.108583
0,0,0.108733
0,0,0.108838
0,0,0.108969
0,0,0.109074
0,0,0.109265
0,0,0.10937
0,0,0.109381
0,0,0.109428
0,0,0.109479
0,0,0.109797
0,0,0.110102
0,0,0.110137
0,0,0.110154
0,0,0.110332
0,0,0.110438
0,0,0.110465
0,0,0.110544
0,0,0.110609
0,0,0.11095
0,0,0.111084
0,0,0.111186
0,0,0.111391
0,0,0.111904
0,0,0.112026
0,0,0.112552
0,0,0.112594
0,0,0.112608
0,0,0.112618
0,0,0.112665
0,0,0.112683
0,0,0.112856
0,0,0.112934
0,0,0.113154
0,0,0.113219
0,0,0.1133
0,0,0.113318
0,0,0.113422
0,0,0.113584
0,0,0.113594
0,0,0.114074
0,0,0.114161
0,0,0.114407
0,0,0.114515
0,0,0.114565
0,0,0.114704
0,0,0.114716
0,0,0.11481
0,0,0.115153
0,0,0.11517
0,0,0.115327
0,0,0.115346
0,0,0.11539
0,0,0.115426
0,0,0.11561
0,0,0.115723
0,0,0.115941
0,0,0.116081
0,0,0.116361
0,0,0.116816
0,0,0.116829
0,0,0.116891
0,0,0.116934
0,0,0.116974
0,0,0.116979
0,0,0.117458
0,0,0.117474
0,0,0.117589
0,0,0.11766
0,0,0.118074
0,0,0.118195
0,0,0.118527
0,0,0.118601
0,0,0.118812
0,0,0.11911
0,0,0.119236
0,0,0.119534
0,0,0.119605
0,0,0.119762
0,0,0.119839
0,0,0.119915
0,0,0.119948
0,0,0.119992
0,0,0.120019
0,0,0.120062
0,0,0.120276
0,0,0.120428
0,0,0.120542
0,0,0.120556
0,0,0.120606
0,0,0.120755
0,0,0.120998
0,0,0.121101
0,0,0.121337
0,0,0.121699
0,0,0.121714
0,0,0.121779
0,0,0.121784
0,0,0.121833
0,0,0.121866
0,0,0.122236
0,0,0.122707
0,0,0.122709
0,0,0.12306
0,0,0.123089
0,0,0.123179
0,0,0.123433
0,0,0.123467
0,0,0.123488
0,0,0.1235
0,0,0.123659
0,0,0.124031
0,0,0.124189
0,0,0.124254
0,0,0.124257
0,0,0.124392
0,0,0.12452
0,0,0.124545
0,0,0.125257
0,0,0.126184
0,0,0.126232
0,0,0.126243
0,0,0.126385
0,0,0.126677
0,0,0.126808
0,0,0.126985
0,0,0.127017
0,0,0.127087
0,0,0.127412
0,0,0.127677
0,0,0.127878
0,0,0.128395
0,0,0.128414
0,0,0.12852
0,0,0.128672
0,0,0.129307
0,0,0.129337
0,0,0.129361
0,0,0.129472
0,0,0.129507
0,0,0.129523
0,0,0.129546
0,0,0.129563
0,0,0.129596
0,0,0.129633
0,0,0.129723
0,0,0.129849
0,0,0.130175
0,0,0.130265
0,0,0.130316
0,0,0.130459
0,0,0.130492
0,0,0.131012
0,0,0.131101
0,0,0.131121
0,0,0.131132
0,0,0.131149
0,0,0.131165
0,0,0.131236
0,0,0.131339
0,0,0.131484
0,0,0.132385
0,0,0.132451
0,0,0.132598
0,0,0.132706
0,0,0.132732
0,0,0.132957
0,0,0.133006
0,0,0.133111
0,0,0.133129
0,0,0.133208
0,0,0.133433
0,0,0.133448
0,0,0.133541
0,0,0.133771
0,0,0.133846
0,0,0.133881
0,0,0.133907
0,0,0.134246
0,0,0.134296
0,0,0.134555
0,0,0.134807
0,0,0.134841
0,0,0.135702
0,0,0.135843
0,0,0.136002
0,0,0.136086
0,0,0.136928
0,0,0.137244
0,0,0.137444
0,0,0.137556
0,0,0.137662
0,0,0.137751
0,0,0.137896
0,0,0.138066
0,0,0.138263
0,0,0.13839
0,0,0.138461
0,0,0.138552
0,0,0.138708
0,0,0.138728
0,0,0.139338
0,0,0.139341
0,0,0.13935
0,0,0.139768
0,0,0.139934
0,0,0.140044
0,0,0.140325
0,0,0.140401
0,0,0.140617
0,0,0.140828
0,0,0.140865
0,0,0.140977
0,0,0.14104
0,0,0.141188
0,0,0.14157
0,0,0.142103
0,0,0.142422
0,0,0.142536
0,0,0.14285
0,0,0.142956
0,0,0.143236
0,0,0.143448
0,0,0.14353
0,0,0.143787
0,0,0.143859
0,0,0.144003
0,0,0.144225
0,0,0.1444
0,0,0.144459
0,0,0.144624
0,0,0.144926
0,0,0.145233
0,0,0.145445
0,0,0.145651
0,0,0.14579
0,0,0.146045
0,0,0.146228
0,0,0.146577
0,0,0.146848
0,0,0.14696
0,0,0.147073
0,0,0.147178
0,0,0.147469
0,0,0.147569
0,0,0.147584
0,0,0.147603
0,0,0.147684
0,0,0.147935
0,0,0.148155
0,0,0.14819
0,0,0.148279
0,0,0.148342
0,0,0.1486
0,0,0.148605
0,0,0.148663
0,0,0.148704
0,0,0.148881
0,0,0.148893
0,0,0.149012
0,0,0.149295
0,0,0.149478
0,0,0.149582
0,0,0.149622
0,0,0.150115
0,0,0.150195
0,0,0.150484
0,0,0.150537
0,0,0.150688
0,0,0.150807
0,0,0.15086
0,0,0.150911
0,0,0.150929
0,0,0.150969
0,0,0.151017
0,0,0.151505
0,0,0.151519
0,0,0.151678
0,0,0.151989
0,0,0.152198
0,0,0.152307
0,0,0.152477
0,0,0.152517
0,0,0.153331
0,0,0.153593
0,0,0.153632
0,0,0.153757
0,0,0.153816
0,0,0.15429
0,0,0.154662
0,0,0.15471
0,0,0.154846
0,0,0.155138
0,0,0.155264
0,0,0.156021
0,0,0.156374
0,0,0.156387
0,0,0.156803
0,0,0.156809
0,0,0.157252
0,0,0.157272
0,0,0.157667
0,0,0.157927
0,0,0.158255
0,0,0.15828
0,0,0.15832
0,0,0.158592
0,0,0.158597
0,0,0.15884
0,0,0.158848
0,0,0.158873
0,0,0.158899
0,0,0.159056
0,0,0.15912
0,0,0.159157
0,0,0.159312
0,0,0.15953
0,0,0.159604
0,0,0.160038
0,0,0.160161
0,0,0.160279
0,0,0.160412
0,0,0.160414
0,0,0.16064
0,0,0.160777
0,0,0.160787
0,0,0.160986
0,0,0.161143
0,0,0.161352
0,0,0.16167
0,0,0.161975
0,0,0.162021
0,0,0.162027
0,0,0.162106
0,0,0.162156
0,0,0.162201
0,0,0.162266
0,0,0.162524
0,0,0.162624
0,0,0.162771
0,0,0.162847
0,0,0.163177
0,0,0.163218
0,0,0.163231
0,0,0.163242
0,0,0.163248
0,0,0.163322
0,0,0.163571
0,0,0.163686
0,0,0.163729
0,0,0.16401
0,0,0.164208
0,0,0.16497
0,0,0.165122
0,0,0.165282
0,0,0.165348
0,0,0.16538
0,0,0.165876
0,0,0.166114
0,0,0.166543
0,0,0.167123
0,0,0.167649
0,0,0.168103
0,0,0.168237
0,0,0.168316
0,0,0.168895
0,0,0.16895
0,0,0.168981
0,0,0.169399
0,0,0.169411
0,0,0.169505
0,0,0.169534
0,0,0.169566
0,0,0.16965
0,0,0.169767
0,0,0.169804
0,0,0.169831
0,0,0.170098
0,0,0.170394
0,0,0.170713
0,0,0.170769
0,0,0.17115
0,0,0.171253
0,0,0.171377
0,0,0.171435
0,0,0.171559
0,0,0.171758
0,0,0.171972
0,0,0.171988
0,0,0.172257
0,0,0.172775
0,0,0.172821
0,0,0.173588
0,0,0.173622
0,0,0.173657
0,0,0.173998
0,0,0.174622
0,0,0.174863
0,0,0.174973
0,0,0.175164
0,0,0.175165
0,0,0.175233
0,0,0.175318
0,0,0.175451
0,0,0.175751
0,0,0.175904
0,0,0.17603
0,0,0.176048
0,0,0.176085
0,0,0.176174
0,0,0.176215
0,0,0.176292
0,0,0.176435
0,0,0.176685
0,0,0.176782
0,0,0.176791
0,0,0.176842
0,0,0.176994
0,0,0.177062
0,0,0.177066
0,0,0.177178
0,0,0.177178
0,0,0.177698
0,0,0.177848
0,0,0.177936
0,0,0.178708
0,0,0.178783
0,0,0.179167
0,0,0.179482
0,0,0.179582
0,0,0.179601
0,0,0.179707
0,0,0.179769
0,0,0.179912
0,0,0.180119
0,0,0.180372
0,0,0.180516
0,0,0.180804
0,0,0.18166
0,0,0.181851
0,0,0.18192
0,0,0.182487
0,0,0.182628
0,0,0.182714
0,0,0.182864
0,0,0.183388
0,0,0.183496
0,0,0.183736
0,0,0.184243
0,0,0.18425
0,0,0.184467
0,0,0.18455
0,0,0.184951
0,0,0.185011
0,0,0.18506
0,0,0.185257
0,0,0.186043
0,0,0.186386
0,0,0.186435
0,0,0.187196
0,0,0.187281
0,0,0.187326
0,0,0.187335
0,0,0.187361
0,0,0.187454
0,0,0.187477
0,0,0.187579
0,0,0.1878
0,0,0.187938
0,0,0.188028
0,0,0.188217
0,0,0.188807
0,0,0.188829
0,0,0.188901
0,0,0.18898
0,0,0.189176
0,0,0.189212
0,0,0.189418
0,0,0.189821
0,0,0.189977
0,0,0.190006
0,0,0.190247
0,0,0.190337
0,0,0.190452
0,0,0.190686
0,0,0.190971
0,0,0.191748
0,0,0.191834
0,0,0.192229
0,0,0.19235
0,0,0.192506
0,0,0.192706
0,0,0.193133
0,0,0.19329
0,0,0.19332
0,0,0.19336
0,0,0.193362
0,0,0.193379
0,0,0.193704
0,0,0.193845
0,0,0.194381
0,0,0.194605
0,0,0.194674
0,0,0.194674
0,0,0.194795
0,0,0.194817
0,0,0.195143
0,0,0.195185
0,0,0.195399
0,0,0.195662
0,0,0.195715
0,0,0.195751
0,0,0.195835
0,0,0.196185
0,0,0.196856
0,0,0.196898
0,0,0.197579
0,0,0.197761
0,0,0.197948
0,0,0.197949
0,0,0.198056
0,0,0.198813
0,0,0.200414
0,0,0.200504
0,0,0.200576
0,0,0.200822
0,0,0.201278
0,0,0.201414
0,0,0.201468
0,0,0.202163
0,0,0.202261
0,0,0.202547
0,0,0.202651
0,0,0.202933
0,0,0.203384
0,0,0.203685
0,0,0.203689
0,0,0.203846
0,0,0.204162
0,0,0.205196
0,0,0.205363
0,0,0.205889
0,0,0.206425
0,0,0.206538
0,0,0.207586
0,0,0.207713
0,0,0.208088
0,0,0.209544
0,0,0.209929
0,0,0.210259
0,0,0.210288
0,0,0.210629
0,0,0.211783
0,0,0.211813
0,0,0.211847
0,0,0.21243
0,0,0.212569
0,0,0.214092
0,0,0.214864
0,0,0.215599
0,0,0.216614
0,0,0.216726
0,0,0.217276
0,0,0.21746
0,0,0.217547
0,0,0.217555
0,0,0.217806
0,0,0.217947
0,0,0.217951
0,0,0.218052
0,0,0.218162
0,0,0.218167
0,0,0.218175
0,0,0.21855
0,0,0.218564
0,0,0.2191
0,0,0.219173
0,0,0.219524
0,0,0.219627
0,0,0.220083
0,0,0.220638
0,0,0.220933
0,0,0.221011
0,0,0.221027
0,0,0.221272
0,0,0.221669
0,0,0.223048
0,0,0.223098
0,0,0.22313
0,0,0.22352
0,0,0.223648
0,0,0.223844
0,0,0.22404
0,0,0.224152
0,0,0.224408
0,0,0.22572
0,0,0.226057
0,0,0.226061
0,0,0.226583
0,0,0.226652
0,0,0.227249
0,0,0.227736
0,0,0.227938
0,0,0.228102
0,0,0.228778
0,0,0.22898
0,0,0.229847
0,0,0.23
0,0,0.230541
0,0,0.230736
0,0,0.231733
0,0,0.231772
0,0,0.231812
0,0,0.232206
0,0,0.232425
0,0,0.232535
0,0,0.232879
0,0,0.233745
0,0,0.234303
0,0,0.235375
0,0,0.236005
0,0,0.236048
0,0,0.236367
0,0,0.23648
0,0,0.23759
0,0,0.239096
0,0,0.239443
0,0,0.239919
0,0,0.240798
0,0,0.241467
0,0,0.241518
0,0,0.241681
0,0,0.242587
0,0,0.243479
0,0,0.243933
0,0,0.244044
0,0,0.24526
0,0,0.246069
0,0,0.247034
0,0,0.248027
0,0,0.250178
0,0,0.250469
0,0,0.252428
0,0,0.25263
0,0,0.252765
0,0,0.25313
0,0,0.253151
0,0,0.253192
0,0,0.253243
0,0,0.253319
0,0,0.253398
0,0,0.253769
0,0,0.25381
0,0,0.254106
0,0,0.256088
0,0,0.256129
0,0,0.257005
0,0,0.257286
0,0,0.257591
0,0,0.257673
0,0,0.257677
0,0,0.257907
0,0,0.258074
0,0,0.258639
0,0,0.258834
0,0,0.259132
0,0,0.259148
0,0,0.260101
0,0,0.260356
0,0,0.260516
0,0,0.260734
0,0,0.261091
0,0,0.261255
0,0,0.26161
0,0,0.261836
0,0,0.262164
0,0,0.262828
0,0,0.263433
0,0,0.26353
0,0,0.264443
0,0,0.264494
0,0,0.264831
0,0,0.265028
0,0,0.265848
0,0,0.266272
0,0,0.266668
0,0,0.266702
0,0,0.267029
0,0,0.267576
0,0,0.26772
0,0,0.268684
0,0,0.269392
0,0,0.269394
0,0,0.2697
0,0,0.271758
0,0,0.272522
0,0,0.272841
0,0,0.272946
0,0,0.2734
0,0,0.27349
0,0,0.274352
0,0,0.274999
0,0,0.275001
0,0,0.275245
0,0,0.275604
0,0,0.275774
0,0,0.275949
0,0,0.276608
0,0,0.276655
0,0,0.277296
0,0,0.277553
0,0,0.278497
0,0,0.278706
0,0,0.279215
0,0,0.280408
0,0,0.280921
0,0,0.281145
0,0,0.281662
0,0,0.282569
0,0,0.283546
0,0,0.283709
0,0,0.284946
0,0,0.286748
0,0,0.287874
0,0,0.289776
0,0,0.289948
0,0,0.292263
0,0,0.292897
0,0,0.293785
0,0,0.294288
0,0,0.296231
0,0,0.296897
0,0,0.298774
0,0,0.299037
0,0,0.299678
0,0,0.300054
0,0,0.300146
0,0,0.300803
0,0,0.301038
0,0,0.301907
0,0,0.30213
0,0,0.302636
0,0,0.303226
0,0,0.30411
0,0,0.304409
0,0,0.304658
0,0,0.30574
0,0,0.306004
0,0,0.308109
0,0,0.308608
0,0,0.308914
0,0,0.30922
0,0,0.309632
0,0,0.309724
0,0,0.310588
0,0,0.311741
0,0,0.31436
0,0,0.314715
0,0,0.314923
0,0,0.315588
0,0,0.315991
0,0,0.316389
0,0,0.316584
0,0,0.31824
0,0,0.318393
0,0,0.318952
0,0,0.321246
0,0,0.32206
0,0,0.32301
0,0,0.323268
0,0,0.324696
0,0,0.324794
0,0,0.324901
0,0,0.325769
0,0,0.326139
0,0,0.326311
0,0,0.32678
0,0,0.329675
0,0,0.330395
0,0,0.334289
0,0,0.334518
0,0,0.33754
0,0,0.338666
0,0,0.339343
0,0,0.339926
0,0,0.344418
0,0,0.345685
0,0,0.346587
0,0,0.349509
0,0,0.353285
0,0,0.354813
0,0,0.355127
0,0,0.356769
0,0,0.360149
0,0,0.360535
0,0,0.361697
0,0,0.363445
0,0,0.36517
0,0,0.366508
0,0,0.366544
0,0,0.368149
0,0,0.370008
0,0,0.370362
0,0,0.371209
0,0,0.37123
0,0,0.372074
0,0,0.372442
0,0,0.372591
0,0,0.373249
0,0,0.374237
0,0,0.375031
0,0,0.375101
0,0,0.377817
0,0,0.384307
0,0,0.38938
0,0,0.39062
0,0,0.391522
0,0,0.3919
0,0,0.394082
0,0,0.395124
0,0,0.398271
0,0,0.403939
0,0,0.406115
0,0,0.40612
0,0,0.406474
0,0,0.407936
0,0,0.411009
0,0,0.413582
0,0,0.418321
0,0,0.418389
0,0,0.418907
0,0,0.421458
0,0,0.425099
0,0,0.42651
0,0,0.429173
0,0,0.434476
0,0,0.434604
0,0,0.440901
0,0,0.441651
0,0,0.443531
0,0,0.4477
0,0,0.449305
0,0,0.449563
0,0,0.451177
0,0,0.452715
0,0,0.45322
0,0,0.456525
0,0,0.456981
0,0,0.457131
0,0,0.458405
0,0,0.46139
0,0,0.463654
0,0,0.463921
0,0,0.469692
0,0,0.475637
0,0,0.481596
0,0,0.481974
0,0,0.489302
0,0,0.489765
0,0,0.493794
0,0,0.510121
0,0,0.511274
0,0,0.517524
0,0,0.531168
0,0,0.543031
0,0,0.55164
0,0,0.561177
0,0,0.561917
0,0,0.573196
0,0,0.580718
0,0,0.588563
0,0,0.684092
0,0,0.697773
0,0,0.804006
0,0,0.80979
0,0,0.816696
0,0,0.900098
0,0,0.987163
0,0,1.16014
0,0,1.23695
0,0,1.39652
0,0,1.4936
0,0,3
1,2.05391,2.22633
1,1.8724,1.94804
1,1.87089,1.96159
1,1.81006,1.93424
1,1.35218,1.37681
1,1.31202,1.34054
1,1.30039,1.34709
1,1.18378,1.19239
1,1.09552,1.23692
1,0.979065,0.982484
1,0.950362,0.966087
1,0.897573,0.988941
1,0.869034,0.945861
1,0.857791,0.859548
1,0.852482,0.975975
1,0.85068,0.869452
1,0.831878,1.05002
1,0.831691,1.10034
1,0.815309,1.12731
1,0.79678,0.919513
1,0.794642,0.926588
1,0.793546,0.844657
1,0.792097,0.85072
1,0.767304,0.771045
1,0.758339,0.786434
1,0.704685,0.838711
1,0.700201,1.01873
1,0.686038,1.1172
1,0.684772,0.708194
1,0.675887,1.14337
1,0.671278,0.722205
1,0.662141,0.682648
1,0.656699,0.972979
1,0.64812,0.659342
1,0.6315,0.704441
1,0.61241,0.898165
1,0.57596,0.797585
1,0.573594,0.595315
1,0.572102,1.00566
1,0.559095,0.565242
1,0.558198,0.562032
1,0.552142,0.84839
1,0.541651,0.580888
1,0.539896,0.616169
1,0.535303,0.558507
1,0.531386,0.720172
1,0.530475,0.552546
1,0.525199,0.611092
1,0.518816,0.525233
1,0.513852,0.551126
1,0.513851,0.596102
1,0.50944,0.524074
1,0.503902,0.510845
1,0.503883,0.52148
1,0.494481,0.785599
1,0.49168,0.506464
1,0.491641,0.559369
1,0.485485,0.549124
1,0.483781,0.498076
1,0.47989,0.600745
1,0.479366,0.506486
1,0.477236,0.522135
1,0.471078,0.5796
1,0.46155,0.490077
1,0.461253,0.587308
1,0.457956,0.478206
1,0.455046,0.558258
1,0.450018,0.544587
1,0.449719,0.600016
1,0.447781,0.606893
1,0.444667,0.451183
1,0.436847,0.45405
1,0.436249,0.464753
1,0.435193,0.458619
1,0.433213,0.439276
1,0.430644,0.482513
1,0.429592,0.443457
1,0.428432,0.489348
1,0.421454,0.474041
1,0.418557,0.565451
1,0.416058,0.484867
1,0.412998,0.445465
1,0.411332,0.416274
1,0.405964,0.411168
1,0.400677,0.415906
1,0.400314,0.434703
1,0.396949,0.417168
1,0.394499,0.415108
1,0.390874,0.468281
1,0.388549,0.513878
1,0.382591,0.417667
1,0.381314,0.501248
1,0.380116,0.76603
1,0.378928,0.4412
1,0.377324,0.439972
1,0.376917,0.3867
1,0.374133,0.620746
1,0.373542,0.469608
1,0.373025,0.45538
1,0.372226,0.420259
1,0.370283,0.489525
1,0.370275,0.446038
1,0.37009,0.468539
1,0.369908,0.474618
1,0.367986,0.36815
1,0.366345,0.423594
1,0.365316,0.383037
1,0.364138,0.379143
1,0.362413,0.364902
1,0.362063,0.38193
1,0.3606,0.372775
1,0.358969,0.429157
1,0.356141,0.471812
1,0.354202,0.421507
1,0.352799,0.361974
1,0.349532,0.413705
1,0.348758,0.435898
1,0.347412,0.355748
1,0.346252,0.383254
1,0.341684,0.518676
1,0.341037,0.397994
1,0.33984,0.401432
1,0.339025,0.398235
1,0.337439,0.482066
1,0.331378,0.383902
1,0.329856,0.343539
1,0.325389,0.444439
1,0.323928,0.380896
1,0.323585,0.386078
1,0.32196,0.375305
1,0.321591,0.329282
1,0.32092,0.332372
1,0.320718,0.409763
1,0.320372,0.352442
1,0.320312,0.349719
1,0.319092,0.457941
1,0.318962,0.352891
1,0.3158,0.433614
1,0.314863,0.320891
1,0.312464,0.381514
1,0.31102,0.333614
1,0.310311,0.430447
1,0.310171,0.310993
1,0.309339,0.318376
1,0.309004,0.324427
1,0.308735,0.371028
1,0.308379,0.309008
1,0.308145,0.489813
1,0.306963,0.320125
1,0.306921,0.309186
1,0.306387,0.318575
1,0.30506,0.313382
1,0.303385,0.379573
1,0.300884,0.314027
1,0.300568,0.30146
1,0.297809,0.305306
1,0.296339,0.314832
1,0.294615,0.426088
1,0.294344,0.457232
1,0.292793,0.316224
1,0.291659,0.316938
1,0.290914,0.491548
1,0.290495,0.305021
1,0.2902,0.290582
1,0.288407,0.291281
1,0.287499,0.346499
1,0.286919,0.360541
1,0.284616,0.319196
1,0.284264,0.310272
1,0.282669,0.35065
1,0.280946,0.360009
1,0.280673,0.300814
1,0.280047,0.401355
1,0.279673,0.312486
1,0.279601,0.374153
1,0.278731,0.35203
1,0.278445,0.426964
1,0.278168,0.339468
1,0.277377,0.286456
1,0.277321,0.392732
1,0.276411,0.390186
1,0.276178,0.401745
1,0.275838,0.278692
1,0.273154,0.324427
1,0.272554,0.272891
1,0.272543,0.328133
1,0.272299,0.287262
1,0.272156,0.287292
1,0.271859,0.354679
1,0.271723,0.282279
1,0.269877,0.277917
1,0.269063,0.362099
1,0.268132,0.319638
1,0.267824,0.294973
1,0.267511,0.275798
1,0.267138,0.339343
1,0.265779,0.287537
1,0.265176,0.315311
1,0.265055,0.378165
1,0.264648,0.265966
1,0.262693,0.308518
1,0.262601,0.282901
1,0.262186,0.384351
1,0.262057,0.316362
1,0.260609,0.387239
1,0.260389,0.269857
1,0.260329,0.293064
1,0.25943,0.337265
1,0.25938,0.264014
1,0.258953,0.33847
1,0.25786,0.277976
1,0.256839,0.299698
1,0.255483,0.328092
1,0.253504,0.254628
1,0.251868,0.256503
1,0.2513,0.331538
1,0.250829,0.309748
1,0.250435,0.251251
1,0.250296,0.340495
1,0.250045,0.264023
1,0.248895,0.273016
1,0.248696,0.263042
1,0.24842,0.254104
1,0.248295,0.25736
1,0.247617,0.257368
1,0.247067,0.307402
1,0.246905,0.403515
1,0.246517,0.303338
1,0.245761,0.24982
1,0.245016,0.278466
1,0.244593,0.274829
1,0.244348,0.24595
1,0.243151,0.296674
1,0.242978,0.274095
1,0.242106,0.250705
1,0.241797,0.249254
1,0.240689,0.250222
1,0.240566,0.243335
1,0.240189,0.328854
1,0.240004,0.264656
1,0.23984,0.262706
1,0.239187,0.247696
1,0.237688,0.259539
1,0.237204,0.309298
1,0.236275,0.295427
1,0.236092,0.236916
1,0.235597,0.247858
1,0.235296,0.24419
1,0.234707,0.31515
1,0.234638,0.242987
1,0.233599,0.243949
1,0.233481,0.432894
1,0.231293,0.281857
1,0.231224,0.248304
1,0.23088,0.277089
1,0.229499,0.285735
1,0.229199,0.323912
1,0.227523,0.242907
1,0.227413,0.257846
1,0.227069,0.29379
1,0.225992,0.290094
1,0.225669,0.271354
1,0.225507,0.246044
1,0.224645,0.240081
1,0.223934,0.232628
1,0.223212,0.230763
1,0.223068,0.227058
1,0.222372,0.26699
1,0.221724,0.297126
1,0.221575,0.236825
1,0.221176,0.235941
1,0.21998,0.250537
1,0.219842,0.231819
1,0.219665,0.261292
1,0.218271,0.220741
1,0.218242,0.33006
1,0.218117,0.226596
1,0.217056,0.229256
1,0.215793,0.255566
1,0.215609,0.245435
1,0.215512,0.22395
1,0.215046,0.268266
1,0.214705,0.237468
1,0.211825,0.263503
1,0.211465,0.26463
1,0.211465,0.216696
1,0.210849,0.211719
1,0.210688,0.221585
1,0.210274,0.258713
1,0.210267,0.245152
1,0.209327,0.246871
1,0.208791,0.253167
1,0.208485,0.241526
1,0.207051,0.209237
1,0.20657,0.230184
1,0.20643,0.298451
1,0.206353,0.207764
1,0.204397,0.30559
1,0.204352,0.206384
1,0.203782,0.213416
1,0.202219,0.217016
1,0.20119,0.316042
1,0.201017,0.257225
1,0.20089,0.220177
1,0.200154,0.214646
1,0.20009,0.27022
1,0.199604,0.246054
1,0.198431,0.302817
1,0.198345,0.237446
1,0.197762,0.221763
1,0.196978,0.252617
1,0.196414,0.237226
1,0.196137,0.270798
1,0.196008,0.282401
1,0.195695,0.223175
1,0.195656,0.21678
1,0.194719,0.281708
1,0.194568,0.202425
1,0.193795,0.199044
1,0.193558,0.244953
1,0.193357,0.225312
1,0.193332,0.21975
1,0.19325,0.195073
1,0.193239,0.27718
1,0.193216,0.25981
1,0.192612,0.217459
1,0.191996,0.25666
1,0.191348,0.241984
1,0.191281,0.224269
1,0.191205,0.195034
1,0.190456,0.190938
1,0.190107,0.24668
1,0.189915,0.204687
1,0.189472,0.270903
1,0.189334,0.221125
1,0.18924,0.206528
1,0.189133,0.213507
1,0.18864,0.203551
1,0.188487,0.218843
1,0.186481,0.219402
1,0.184298,0.186372
1,0.184121,0.197543
1,0.183993,0.272613
1,0.183757,0.262092
1,0.183401,0.185948
1,0.183217,0.226055
1,0.18271,0.204198
1,0.181222,0.184083
1,0.180564,0.194479
1,0.180412,0.208881
1,0.180271,0.184645
1,0.179967,0.182689
1,0.179194,0.285716
1,0.178885,0.199416
1,0.178757,0.221082
1,0.178524,0.192507
1,0.178252,0.239854
1,0.175736,0.271779
1,0.174946,0.203987
1,0.174637,0.188308
1,0.17358,0.17661
1,0.173247,0.201265
1,0.173132,0.202604
1,0.169979,0.219372
1,0.169673,0.172939
1,0.16923,0.183484
1,0.168753,0.21859
1,0.168527,0.220317
1,0.168069,0.189765
1,0.166909,0.17331
1,0.166613,0.169631
1,0.166478,0.180914
1,0.166401,0.242202
1,0.164522,0.199177
1,0.164133,0.180288
1,0.163863,0.171958
1,0.160731,0.182899
1,0.160403,0.284996
1,0.15965,0.212988
1,0.159511,0.177621
1,0.158814,0.193929
1,0.158799,0.162383
1,0.158539,0.167426
1,0.157727,0.159358
1,0.157709,0.160952
1,0.156948,0.166313
1,0.156418,0.157691
1,0.15635,0.214629
1,0.156334,0.186062
1,0.155872,0.18842
1,0.155829,0.231788
1,0.155677,0.159212
1,0.154912,0.186847
1,0.152937,0.17926
1,0.15268,0.158539
1,0.151728,0.159271
1,0.151676,0.182494
1,0.150613,0.152803
1,0.148949,0.196306
1,0.148765,0.151226
1,0.148604,0.175041
1,0.146764,0.176725
1,0.146685,0.273209
1,0.144903,0.21729
1,0.140414,0.141085
1,0.138305,0.142554
1,0.136772,0.146128
1,0.135993,0.168657
1,0.135153,0.192543
1,0.135148,0.136218
1,0.13457,0.141182
1,0.134488,0.175
1,0.134138,0.142038
1,0.133823,0.136992
1,0.132907,0.135277
1,0.129829,0.1383
1,0.127554,0.133581
1,0.125562,0.166749
1,0.123365,0.152599
1,0.12298,0.134869
1,0.120725,0.152542
1,0.120396,0.122079
1,0.119691,0.131338
1,0.11936,0.138789
1,0.118658,0.126933
1,0.118249,0.137214
1,0.117832,0.153515
1,0.116719,0.124971
1,0.114218,0.121817
1,0.112414,0.138166
1,0.108926,0.116735
1,0.106932,0.123313
1,0.106637,0.116435
1,0.105995,0.113008
1,0.105523,0.107272
1,0.105489,0.10654
1,0.104186,0.104335
1,0.104013,0.10503
1,0.103851,0.103862
1,0.103809,0.11654
1,0.102419,0.104943
1,0.101705,0.117059
1,0.101366,0.101735
1,0.0975244,0.120779
1,0.097257,0.111363
1,0.092259,0.100157
1,0.0895792,0.089612
1,0.0890839,0.094535
1,0.0879731,0.0980541
1,0.0878678,0.105008
1,0.0851019,0.0883482
1,0.0841754,0.0945174
1,0.0828353,0.103371
1,0.0804317,0.0907572
1,0.0801439,0.123217
1,0.0786187,0.0869695
1,0.0764988,0.0817506
1,0.0748865,0.0793463
1,0.0745753,0.0884772
1,0.0708373,0.0724332
1,0.0701575,0.0729474
1,0.0649767,0.0656709
1,0.0646498,0.0653568
1,0.0571399,0.0625093
2,1.38679,1.42798
2,1.26573,1.3414
2,1.12081,1.20683
2,0.61501,0.651123
2,0.566825,0.582887
2,0.539745,0.555952
2,0.53621,0.554377
2,0.534456,0.588887
2,0.533396,0.545722
2,0.519498,0.529753
2,0.486382,0.486935
2,0.477329,0.490016
2,0.476687,0.491173
2,0.46535,0.48014
2,0.462811,0.475772
2,0.457414,0.486905
2,0.444202,0.473405
2,0.441566,0.541394
2,0.433328,0.459662
2,0.424288,0.425346
2,0.423896,0.438292
2,0.42198,0.444868
2,0.420877,0.454453
2,0.400486,0.40355
2,0.38982,0.397144
2,0.389128,0.394057
2,0.381116,0.385885
2,0.3805,0.387998
2,0.379573,0.386764
2,0.373459,0.39819
2,0.36694,0.381807
2,0.356839,0.3668
2,0.34494,0.346337
2,0.33234,0.36781
2,0.329238,0.363363
2,0.326687,0.347858
2,0.321351,0.32912
2,0.318608,0.319706
2,0.314069,0.319444
2,0.308752,0.344892
2,0.300028,0.309464
2,0.296853,0.325512
2,0.290744,0.310046
2,0.288702,0.289336
2,0.286743,0.312449
2,0.286079,0.286568
2,0.285671,0.305152
2,0.285026,0.286895
2,0.279273,0.279418
2,0.277842,0.278203
2,0.270613,0.284806
2,0.257846,0.260022
2,0.245104,0.298523
2,0.226464,0.232422
2,0.210541,0.222456
2,0.207936,0.209493
2,0.203783,0.224298
2,0.196257,0.196929
2,0.183774,0.200924
2,0.180744,0.184301
2,0.17442,0.178156
2,0.173487,0.18127
2,0.168657,0.180182
2,0.125298,0.130467
