point cloud with 1382 points in dimension 3
0,0,0.0106387
0,0,0.0121514
0,0,0.0133808
0,0,0.0165312
0,0,0.0174589
0,0,0.0181367
0,0,0.0192282
0,0,0.0193222
0,0,0.0194636
0,0,0.020101
0,0,0.0201498
0,0,0.0204427
0,0,0.0211521
0,0,0.0212709
0,0,0.0213361
0,0,0.0216696
0,0,0.021771
0,0,0.0230346
0,0,0.023288
0,0,0.0235607
0,0,0.0237846
0,0,0.0238522
0,0,0.0239852
0,0,0.0240407
0,0,0.0245136
0,0,0.0249164
0,0,0.0252307
0,0,0.02545
0,0,0.0258372
0,0,0.0259551
0,0,0.0260699
0,0,0.0261682
0,0,0.0262002
0,0,0.0262769
0,0,0.0265694
0,0,0.0266882
0,0,0.0268716
0,0,0.0273181
0,0,0.0278785
0,0,0.0298055
0,0,0.0302334
0,0,0.0303259
0,0,0.0303975
0,0,0.0305207
0,0,0.031375
0,0,0.0319698
0,0,0.0321615
0,0,0.0323246
0,0,0.0324176
0,0,0.0328733
0,0,0.0332656
0,0,0.0333943
0,0,0.0335021
0,0,0.0335307
0,0,0.0338677
0,0,0.0339079
0,0,0.0342048
0,0,0.0342578
0,0,0.0345007
0,0,0.0345823
0,0,0.0346161
0,0,0.0349192
0,0,0.0350492
0,0,0.0351592
0,0,0.0352326
0,0,0.0354723
0,0,0.0358949
0,0,0.0364703
0,0,0.0370478
0,0,0.0374666
0,0,0.0376334
0,0,0.0380891
0,0,0.0381331
0,0,0.0382498
0,0,0.0385949
0,0,0.0387321
0,0,0.0387927
0,0,0.0388585
0,0,0.0388798
0,0,0.0389833
0,0,0.0390261
0,0,0.0390324
0,0,0.0391415
0,0,0.0395025
0,0,0.0397291
0,0,0.0397414
0,0,0.0398249
0,0,0.0398382
0,0,0.0398594
0,0,0.0400554
0,0,0.0402149
0,0,0.0403475
0,0,0.0405296
0,0,0.0407429
0,0,0.0411379
0,0,0.0413174
0,0,0.0414408
0,0,0.0415672
0,0,0.0416556
0,0,0.0419153
0,0,0.0421808
0,0,0.0430881
0,0,0.0432791
0,0,0.0439424
0,0,0.0440294
0,0,0.0443583
0,0,0.044576
0,0,0.0446331
0,0,0.0446711
0,0,0.0447985
0,0,0.0449199
0,0,0.0450642
0,0,0.0456626
0,0,0.0457458
0,0,0.0460055
0,0,0.0461624
0,0,0.0462399
0,0,0.0464263
0,0,0.0465747
0,0,0.046795
0,0,0.0468315
0,0,0.0471766
0,0,0.0473705
0,0,0.0473961
0,0,0.0474202
0,0,0.0474518
0,0,0.0476333
0,0,0.0478743
0,0,0.0484737
0,0,0.0484868
0,0,0.0485259
0,0,0.0485279
0,0,0.0485994
0,0,0.0488194
0,0,0.0495851
0,0,0.049989
0,0,0.0500803
0,0,0.0502221
0,0,0.0502717
0,0,0.0503564
0,0,0.0505347
0,0,0.0507246
0,0,0.050775
0,0,0.0509844
0,0,0.0511785
0,0,0.0512334
0,0,0.0514678
0,0,0.0516492
0,0,0.0521324
0,0,0.052357
0,0,0.0529898
0,0,0.0533796
0,0,0.0536994
0,0,0.0537907
0,0,0.0538754
0,0,0.0539135
0,0,0.0542896
0,0,0.0542923
0,0,0.0544089
0,0,0.055174
0,0,0.0551832
0,0,0.0553008
0,0,0.0553445
0,0,0.0553822
0,0,0.0554016
0,0,0.0554782
0,0,0.0555923
0,0,0.0555948
0,0,0.0556842
0,0,0.0558869
0,0,0.0562177
0,0,0.0562549
0,0,0.0565158
0,0,0.0569347
0,0,0.0571148
0,0,0.0571773
0,0,0.0572109
0,0,0.0573873
0,0,0.0576232
0,0,0.0576356
0,0,0.0576651
0,0,0.0578905
0,0,0.0579567
0,0,0.058249
0,0,0.0583057
0,0,0.0585345
0,0,0.0586931
0,0,0.0590512
0,0,0.0592017
0,0,0.0593922
0,0,0.0594478
0,0,0.0595414
0,0,0.0596278
0,0,0.0597086
0,0,0.0598735
0,0,0.0599186
0,0,0.060125
0,0,0.0601968
0,0,0.0603254
0,0,0.0603667
0,0,0.0603797
0,0,0.0604865
0,0,0.0615674
0,0,0.061716
0,0,0.0619729
0,0,0.0619794
0,0,0.0623107
0,0,0.0628838
0,0,0.0631134
0,0,0.0632468
0,0,0.0632604
0,0,0.0632657
0,0,0.063418
0,0,0.0634888
0,0,0.0636632
0,0,0.0637412
0,0,0.0637675
0,0,0.0637947
0,0,0.0637983
0,0,0.0639089
0,0,0.0642167
0,0,0.0643445
0,0,0.0643574
0,0,0.0644143
0,0,0.0647906
0,0,0.0649103
0,0,0.0649889
0,0,0.0651171
0,0,0.0651441
0,0,0.0654959
0,0,0.0657334
0,0,0.0658306
0,0,0.0658475
0,0,0.0659408
0,0,0.0661917
0,0,0.0662667
0,0,0.0665092
0,0,0.0670012
0,0,0.0673304
0,0,0.0675358
0,0,0.0675626
0,0,0.0680143
0,0,0.0681855
0,0,0.0685352
0,0,0.0685644
0,0,0.0687441
0,0,0.0688569
0,0,0.068888
0,0,0.0691811
0,0,0.0694168
0,0,0.0694878
0,0,0.0695007
0,0,0.0696671
0,0,0.0697911
0,0,0.0701244
0,0,0.0704074
0,0,0.0706254
0,0,0.070648
0,0,0.0706504
0,0,0.070688
0,0,0.0707794
0,0,0.0708795
0,0,0.0712331
0,0,0.0713203
0,0,0.0714134
0,0,0.0715698
0,0,0.0716825
0,0,0.0717161
0,0,0.0722889
0,0,0.0723375
0,0,0.0725119
0,0,0.0725878
0,0,0.0727339
0,0,0.0727976
0,0,0.0731216
0,0,0.0732302
0,0,0.0735362
0,0,0.073603
0,0,0.0736586
0,0,0.074262
0,0,0.0743146
0,0,0.0744086
0,0,0.0744878
0,0,0.0748096
0,0,0.0750343
0,0,0.0751023
0,0,0.0752791
0,0,0.0754499
0,0,0.0755091
0,0,0.0755257
0,0,0.075836
0,0,0.0760368
0,0,0.0764812
0,0,0.0769676
0,0,0.0770367
0,0,0.0771139
0,0,0.0772984
0,0,0.0773094
0,0,0.077317
0,0,0.0776379
0,0,0.0776981
0,0,0.0779108
0,0,0.0779943
0,0,0.0782423
0,0,0.0782509
0,0,0.0783293
0,0,0.0783384
0,0,0.0786555
0,0,0.0786671
0,0,0.0787482
0,0,0.078969
0,0,0.079269
0,0,0.0795411
0,0,0.0797958
0,0,0.0798538
0,0,0.0801555
0,0,0.080314
0,0,0.0803449
0,0,0.08041
0,0,0.0806935
0,0,0.0814781
0,0,0.0820565
0,0,0.0820757
0,0,0.0824236
0,0,0.0825522
0,0,0.0825977
0,0,0.0826792
0,0,0.0829045
0,0,0.0829372
0,0,0.0829932
0,0,0.0830893
0,0,0.0832518
0,0,0.0835387
0,0,0.0839401
0,0,0.0840869
0,0,0.0842354
0,0,0.0847288
0,0,0.0850524
0,0,0.0851981
0,0,0.0854893
0,0,0.0856457
0,0,0.08627
0,0,0.0862843
0,0,0.0863663
0,0,0.0864782
0,0,0.0865339
0,0,0.0869826
0,0,0.0872637
0,0,0.0873588
0,0,0.0877759
0,0,0.0878197
0,0,0.0879691
0,0,0.0880642
0,0,0.0881555
0,0,0.088503
0,0,0.088638
0,0,0.0886683
0,0,0.0887818
0,0,0.0891888
0,0,0.089615
0,0,0.0898053
0,0,0.0898372
0,0,0.0899272
0,0,0.0902036
0,0,0.0905385
0,0,0.0905398
0,0,0.0907571
0,0,0.0908137
0,0,0.0908561
0,0,0.0910227
0,0,0.0911313
0,0,0.0912496
0,0,0.0912817
0,0,0.0912884
0,0,0.0912989
0,0,0.0913141
0,0,0.0915504
0,0,0.0917572
0,0,0.0917961
0,0,0.0919582
0,0,0.0920276
0,0,0.0921859
0,0,0.0924647
0,0,0.0925451
0,0,0.0925798
0,0,0.0931261
0,0,0.0932377
0,0,0.0933636
0,0,0.0936229
0,0,0.0936521
0,0,0.0939677
0,0,0.0940624
0,0,0.0944819
0,0,0.094552
0,0,0.0948018
0,0,0.0950037
0,0,0.0952891
0,0,0.0953203
0,0,0.0953494
0,0,0.0956789
0,0,0.0957078
0,0,0.0958897
0,0,0.096311
0,0,0.0963853
0,0,0.0964484
0,0,0.0964713
0,0,0.0965797
0,0,0.0970304
0,0,0.0975751
0,0,0.0976187
0,0,0.097722
0,0,0.0978726
0,0,0.0979497
0,0,0.0985341
0,0,0.0987354
0,0,0.0990332
0,0,0.0992906
0,0,0.0996971
0,0,0.0997004
0,0,0.0998225
0,0,0.099825
0,0,0.100047
0,0,0.100301
0,0,0.100889
0,0,0.101143
0,0,0.101337
0,0,0.10134
0,0,0.101477
0,0,0.101796
0,0,0.102219
0,0,0.102318
0,0,0.102377
0,0,0.102532
0,0,0.102806
0,0,0.102871
0,0,0.102969
0,0,0.103003
0,0,0.103461
0,0,0.103522
0,0,0.104071
0,0,0.104104
0,0,0.104249
0,0,0.104304
0,0,0.104508
0,0,0.104788
0,0,0.104854
0,0,0.104924
0,0,0.105172
0,0,0.105229
0,0,0.105294
0,0,0.105454
0,0,0.105463
0,0,0.105591
0,0,0.105665
0,0,0.105915
0,0,0.10592
0,0,0.106209
0,0,0.106369
0,0,0.106376
0,0,0.10644
0,0,0.10661
0,0,0.106708
0,0,0.106745
0,0,0.106995
0,0,0.10704
0,0,0.107283
0,0,0.107484
0,0,0.107618
0,0,0.10762
0,0,0.107632
0,0,0.107914
0,0,0.108237
0,0,0.108356
0,0,0.108668
0,0,0.108783
0,0,0.108831
0,0,0.109236
0,0,0.109319
0,0,0.109385
0,0,0.1095
0,0,0.109511
0,0,0.109551
0,0,0.109723
0,0,0.109727
0,0,0.109891
0,0,0.109965
0,0,0.110017
0,0,0.110121
0,0,0.110268
0,0,0.110288
0,0,0.110766
0,0,0.110774
0,0,0.110869
0,0,0.111082
0,0,0.111089
0,0,0.111147
0,0,0.111164
0,0,0.111457
0,0,0.111677
0,0,0.111755
0,0,0.111881
0,0,0.11192
0,0,0.112117
0,0,0.112587
0,0,0.112595
0,0,0.112767
0,0,0.112811
0,0,0.113193
0,0,0.113265
0,0,0.113538
0,0,0.113559
0,0,0.113753
0,0,0.113901
0,0,0.114071
0,0,0.114095
0,0,0.11429
0,0,0.114744
0,0,0.114801
0,0,0.114857
0,0,0.115004
0,0,0.11506
0,0,0.115137
0,0,0.115608
0,0,0.115616
0,0,0.115921
0,0,0.115969
0,0,0.11603
0,0,0.116174
0,0,0.116213
0,0,0.116328
0,0,0.116479
0,0,0.116578
0,0,0.117193
0,0,0.117546
0,0,0.117785
0,0,0.118007
0,0,0.118019
0,0,0.118256
0,0,0.118597
0,0,0.118652
0,0,0.118739
0,0,0.118777
0,0,0.118818
0,0,0.118823
0,0,0.119047
0,0,0.119117
0,0,0.119522
0,0,0.119611
0,0,0.119714
0,0,0.120268
0,0,0.120523
0,0,0.120968
0,0,0.121397
0,0,0.121691
0,0,0.121796
0,0,0.122019
0,0,0.122155
0,0,0.122292
0,0,0.122433
0,0,0.122438
0,0,0.122701
0,0,0.122931
0,0,0.122931
0,0,0.122986
0,0,0.123121
0,0,0.123122
0,0,0.123193
0,0,0.1232
0,0,0.123659
0,0,0.123683
0,0,0.123687
0,0,0.123694
0,0,0.123982
0,0,0.124012
0,0,0.124043
0,0,0.12462
0,0,0.124693
0,0,0.124945
0,0,0.124974
0,0,0.125063
0,0,0.125089
0,0,0.125097
0,0,0.125809
0,0,0.125813
0,0,0.126084
0,0,0.126192
0,0,0.126375
0,0,0.126394
0,0,0.126425
0,0,0.12659
0,0,0.126621
0,0,0.126784
0,0,0.126879
0,0,0.127109
0,0,0.127391
0,0,0.127447
0,0,0.127569
0,0,0.127631
0,0,0.127723
0,0,0.128111
0,0,0.128234
0,0,0.128891
0,0,0.128913
0,0,0.129161
0,0,0.129493
0,0,0.12969
0,0,0.12974
0,0,0.129775
0,0,0.130033
0,0,0.130179
0,0,0.130181
0,0,0.130232
0,0,0.130272
0,0,0.130534
0,0,0.130805
0,0,0.131452
0,0,0.131521
0,0,0.13169
0,0,0.131744
0,0,0.132158
0,0,0.132612
0,0,0.132783
0,0,0.132801
0,0,0.133134
0,0,0.133185
0,0,0.133194
0,0,0.133495
0,0,0.133873
0,0,0.134068
0,0,0.134098
0,0,0.134191
0,0,0.134359
0,0,0.134581
0,0,0.134671
0,0,0.134882
0,0,0.135193
0,0,0.135198
0,0,0.135267
0,0,0.135387
0,0,0.135511
0,0,0.135589
0,0,0.135615
0,0,0.135687
0,0,0.135804
0,0,0.135992
0,0,0.136391
0,0,0.136396
0,0,0.136771
0,0,0.136976
0,0,0.137062
0,0,0.137156
0,0,0.137359
0,0,0.137714
0,0,0.138017
0,0,0.13806
0,0,0.138081
0,0,0.138278
0,0,0.138401
0,0,0.138773
0,0,0.13911
0,0,0.139375
0,0,0.139391
0,0,0.139421
0,0,0.139464
0,0,0.139616
0,0,0.139672
0,0,0.139756
0,0,0.139877
0,0,0.140036
0,0,0.140067
0,0,0.140307
0,0,0.140343
0,0,0.140523
0,0,0.140651
0,0,0.140786
0,0,0.141094
0,0,0.141168
0,0,0.1412
0,0,0.141482
0,0,0.141683
0,0,0.141945
0,0,0.142013
0,0,0.142023
0,0,0.142103
0,0,0.142397
0,0,0.142882
0,0,0.143192
0,0,0.143529
0,0,0.143546
0,0,0.143613
0,0,0.144392
0,0,0.14447
0,0,0.144547
0,0,0.144726
0,0,0.144731
0,0,0.145125
0,0,0.145141
0,0,0.145175
0,0,0.145492
0,0,0.145557
0,0,0.14564
0,0,0.14586
0,0,0.145942
0,0,0.145954
0,0,0.146353
0,0,0.146611
0,0,0.14714
0,0,0.147436
0,0,0.147518
0,0,0.147629
0,0,0.147725
0,0,0.147866
0,0,0.148107
0,0,0.148195
0,0,0.148482
0,0,0.148497
0,0,0.148615
0,0,0.148655
0,0,0.148904
0,0,0.148952
0,0,0.149126
0,0,0.149189
0,0,0.149493
0,0,0.149612
0,0,0.149731
0,0,0.149849
0,0,0.150007
0,0,0.150119
0,0,0.150321
0,0,0.150321
0,0,0.150387
0,0,0.150578
0,0,0.15067
0,0,0.150675
0,0,0.1508
0,0,0.151112
0,0,0.151737
0,0,0.152121
0,0,0.152136
0,0,0.152382
0,0,0.152529
0,0,0.152599
0,0,0.152954
0,0,0.153335
0,0,0.153337
0,0,0.153443
0,0,0.153919
0,0,0.154212
0,0,0.154234
0,0,0.154308
0,0,0.154337
0,0,0.154486
0,0,0.154565
0,0,0.154599
0,0,0.154851
0,0,0.154862
0,0,0.154966
0,0,0.155219
0,0,0.155316
0,0,0.155676
0,0,0.15572
0,0,0.155782
0,0,0.155851
0,0,0.155869
0,0,0.156004
0,0,0.156016
0,0,0.156147
0,0,0.156205
0,0,0.156294
0,0,0.156512
0,0,0.156638
0,0,0.156764
0,0,0.156974
0,0,0.157033
0,0,0.157215
0,0,0.157391
0,0,0.157497
0,0,0.15758
0,0,0.15764
0,0,0.157716
0,0,0.157837
0,0,0.158315
0,0,0.158936
0,0,0.159026
0,0,0.159074
0,0,0.159229
0,0,0.159378
0,0,0.159585
0,0,0.159596
0,0,0.15968
0,0,0.160018
0,0,0.160348
0,0,0.160579
0,0,0.160788
0,0,0.160864
0,0,0.161534
0,0,0.161785
0,0,0.162007
0,0,0.162009
0,0,0.162039
0,0,0.162155
0,0,0.162383
0,0,0.16249
0,0,0.16264
0,0,0.162904
0,0,0.163114
0,0,0.163421
0,0,0.163426
0,0,0.16343
0,0,0.163738
0,0,0.163915
0,0,0.163941
0,0,0.16411
0,0,0.16424
0,0,0.164389
0,0,0.164664
0,0,0.164839
0,0,0.164927
0,0,0.164961
0,0,0.165031
0,0,0.165122
0,0,0.165192
0,0,0.165235
0,0,0.165418
0,0,0.165601
0,0,0.16605
0,0,0.16642
0,0,0.166881
0,0,0.167639
0,0,0.167649
0,0,0.167682
0,0,0.167691
0,0,0.167891
0,0,0.167993
0,0,0.168097
0,0,0.168378
0,0,0.168566
0,0,0.168604
0,0,0.168991
0,0,0.169655
0,0,0.169677
0,0,0.169853
0,0,0.170262
0,0,0.170564
0,0,0.170695
0,0,0.170917
0,0,0.171011
0,0,0.171039
0,0,0.171051
0,0,0.171295
0,0,0.171354
0,0,0.171386
0,0,0.171479
0,0,0.171531
0,0,0.171621
0,0,0.172085
0,0,0.172137
0,0,0.172172
0,0,0.172328
0,0,0.17248
0,0,0.172594
0,0,0.172961
0,0,0.17327
0,0,0.173495
0,0,0.173756
0,0,0.174141
0,0,0.174305
0,0,0.174905
0,0,0.174915
0,0,0.174955
0,0,0.175184
0,0,0.1754
0,0,0.175484
0,0,0.175587
0,0,0.175976
0,0,0.176117
0,0,0.176639
0,0,0.176736
0,0,0.176824
0,0,0.177152
0,0,0.177681
0,0,0.177732
0,0,0.178026
0,0,0.178392
0,0,0.178553
0,0,0.178571
0,0,0.178646
0,0,0.179214
0,0,0.179586
0,0,0.179663
0,0,0.179691
0,0,0.179941
0,0,0.179956
0,0,0.180101
0,0,0.18024
0,0,0.180535
0,0,0.18073
0,0,0.181054
0,0,0.181057
0,0,0.181132
0,0,0.181172
0,0,0.181413
0,0,0.181438
0,0,0.181471
0,0,0.182035
0,0,0.182599
0,0,0.182645
0,0,0.182695
0,0,0.183421
0,0,0.183463
0,0,0.183726
0,0,0.184306
0,0,0.184353
0,0,0.184469
0,0,0.18447
0,0,0.184951
0,0,0.185024
0,0,0.185961
0,0,0.18647
0,0,0.18659
0,0,0.18685
0,0,0.187053
0,0,0.187205
0,0,0.187443
0,0,0.187913
0,0,0.188509
0,0,0.18867
0,0,0.188711
0,0,0.188769
0,0,0.188889
0,0,0.189212
0,0,0.189303
0,0,0.189331
0,0,0.189657
0,0,0.189834
0,0,0.189999
0,0,0.190157
0,0,0.190254
0,0,0.190316
0,0,0.190891
0,0,0.191205
0,0,0.191553
0,0,0.192222
0,0,0.192992
0,0,0.193344
0,0,0.193452
0,0,0.193484
0,0,0.194519
0,0,0.194536
0,0,0.194801
0,0,0.194949
0,0,0.195839
0,0,0.196185
0,0,0.196658
0,0,0.196866
0,0,0.197271
0,0,0.197609
0,0,0.197657
0,0,0.197681
0,0,0.198274
0,0,0.198361
0,0,0.198369
0,0,0.19838
0,0,0.198394
0,0,0.198458
0,0,0.199141
0,0,0.199197
0,0,0.199248
0,0,0.199416
0,0,0.199619
0,0,0.199667
0,0,0.199783
0,0,0.199856
0,0,0.200736
0,0,0.200756
0,0,0.200863
0,0,0.200923
0,0,0.201117
0,0,0.20145
0,0,0.201698
0,0,0.201848
0,0,0.202261
0,0,0.203077
0,0,0.20351
0,0,0.204163
0,0,0.204792
0,0,0.204861
0,0,0.204973
0,0,0.205244
0,0,0.205658
0,0,0.205865
0,0,0.206801
0,0,0.206913
0,0,0.20707
0,0,0.207325
0,0,0.207334
0,0,0.207351
0,0,0.207565
0,0,0.207811
0,0,0.207826
0,0,0.207887
0,0,0.208207
0,0,0.208279
0,0,0.20831
0,0,0.208379
0,0,0.209499
0,0,0.209553
0,0,0.209578
0,0,0.209608
0,0,0.209805
0,0,0.209847
0,0,0.210136
0,0,0.210808
0,0,0.210943
0,0,0.211124
0,0,0.211544
0,0,0.211794
0,0,0.212089
0,0,0.212314
0,0,0.212425
0,0,0.213072
0,0,0.213122
0,0,0.213379
0,0,0.213556
0,0,0.213603
0,0,0.213631
0,0,0.213899
0,0,0.214047
0,0,0.214578
0,0,0.215411
0,0,0.215425
0,0,0.215554
0,0,0.216022
0,0,0.21618
0,0,0.216741
0,0,0.216771
0,0,0.217083
0,0,0.217122
0,0,0.217216
0,0,0.217906
0,0,0.218471
0,0,0.218639
0,0,0.218769
0,0,0.219308
0,0,0.22063
0,0,0.221049
0,0,0.22117
0,0,0.221893
0,0,0.2222
0,0,0.222255
0,0,0.222618
0,0,0.222987
0,0,0.2231
0,0,0.22336
0,0,0.22371
0,0,0.224301
0,0,0.224498
0,0,0.224537
0,0,0.22486
0,0,0.2251
0,0,0.226589
0,0,0.226877
0,0,0.226883
0,0,0.227222
0,0,0.227258
0,0,0.22735
0,0,0.227831
0,0,0.228293
0,0,0.229249
0,0,0.229329
0,0,0.229652
0,0,0.230129
0,0,0.230135
0,0,0.23054
0,0,0.230597
0,0,0.231379
0,0,0.231566
0,0,0.2319
0,0,0.233015
0,0,0.233678
0,0,0.233942
0,0,0.234629
0,0,0.235104
0,0,0.235498
0,0,0.235949
0,0,0.236551
0,0,0.236976
0,0,0.237186
0,0,0.23734
0,0,0.238042
0,0,0.23867
0,0,0.239125
0,0,0.239728
0,0,0.240284
0,0,0.240634
0,0,0.240664
0,0,0.240984
0,0,0.241189
0,0,0.241422
0,0,0.241632
0,0,0.241674
0,0,0.242493
0,0,0.243362
0,0,0.243643
0,0,0.243826
0,0,0.244241
0,0,0.245491
0,0,0.246457
0,0,0.246773
0,0,0.24733
0,0,0.247515
0,0,0.247555
0,0,0.248473
0,0,0.248636
0,0,0.248731
0,0,0.249403
0,0,0.249412
0,0,0.249574
0,0,0.249931
0,0,0.250624
0,0,0.250627
0,0,0.250936
0,0,0.251112
0,0,0.251302
0,0,0.251557
0,0,0.251651
0,0,0.252928
0,0,0.253198
0,0,0.254435
0,0,0.255606
0,0,0.255888
0,0,0.256486
0,0,0.256836
0,0,0.257648
0,0,0.257657
0,0,0.257819
0,0,0.258886
0,0,0.258916
0,0,0.259075
0,0,0.259307
0,0,0.259684
0,0,0.260029
0,0,0.260491
0,0,0.261015
0,0,0.261174
0,0,0.26167
0,0,0.261678
0,0,0.262402
0,0,0.263161
0,0,0.263397
0,0,0.263468
0,0,0.264207
0,0,0.264567
0,0,0.265112
0,0,0.26514
0,0,0.265512
0,0,0.26597
0,0,0.266915
0,0,0.267345
0,0,0.267711
0,0,0.268189
0,0,0.268541
0,0,0.268695
0,0,0.268712
0,0,0.26917
0,0,0.269223
0,0,0.269597
0,0,0.269814
0,0,0.270609
0,0,0.271711
0,0,0.271798
0,0,0.271809
0,0,0.273024
0,0,0.273176
0,0,0.273934
0,0,0.274084
0,0,0.274543
0,0,0.274731
0,0,0.274893
0,0,0.275783
0,0,0.27681
0,0,0.27689
0,0,0.277249
0,0,0.277553
0,0,0.278214
0,0,0.278368
0,0,0.278616
0,0,0.279387
0,0,0.279597
0,0,0.280619
0,0,0.281178
0,0,0.282283
0,0,0.284254
0,0,0.285477
0,0,0.286391
0,0,0.287014
0,0,0.287053
0,0,0.289107
0,0,0.290271
0,0,0.290778
0,0,0.291683
0,0,0.291918
0,0,0.292007
0,0,0.29215
0,0,0.292775
0,0,0.29287
0,0,0.294053
0,0,0.29408
0,0,0.294993
0,0,0.295446
0,0,0.295685
0,0,0.295994
0,0,0.296414
0,0,0.296647
0,0,0.296889
0,0,0.297289
0,0,0.297548
0,0,0.298733
0,0,0.298911
0,0,0.298927
0,0,0.300527
0,0,0.30105
0,0,0.302567
0,0,0.303726
0,0,0.303933
0,0,0.304791
0,0,0.305183
0,0,0.305258
0,0,0.305383
0,0,0.306836
0,0,0.306906
0,0,0.307135
0,0,0.307322
0,0,0.308057
0,0,0.308708
0,0,0.309086
0,0,0.309654
0,0,0.310436
0,0,0.310993
0,0,0.311164
0,0,0.311376
0,0,0.311384
0,0,0.311919
0,0,0.312018
0,0,0.312754
0,0,0.313462
0,0,0.31379
0,0,0.314642
0,0,0.314666
0,0,0.314749
0,0,0.315421
0,0,0.316367
0,0,0.317078
0,0,0.317456
0,0,0.319066
0,0,0.319147
0,0,0.319196
0,0,0.31974
0,0,0.321022
0,0,0.321616
0,0,0.323554
0,0,0.324261
0,0,0.324432
0,0,0.324738
0,0,0.326108
0,0,0.328705
0,0,0.328946
0,0,0.32983
0,0,0.329964
0,0,0.33303
0,0,0.333663
0,0,0.334611
0,0,0.334935
0,0,0.335994
0,0,0.336498
0,0,0.337081
0,0,0.337958
0,0,0.338386
0,0,0.338513
0,0,0.338757
0,0,0.339159
0,0,0.340945
0,0,0.342479
0,0,0.343904
0,0,0.34471
0,0,0.346549
0,0,0.347021
0,0,0.347038
0,0,0.348732
0,0,0.351893
0,0,0.353046
0,0,0.354598
0,0,0.355232
0,0,0.355753
0,0,0.358028
0,0,0.358616
0,0,0.359501
0,0,0.359572
0,0,0.360911
0,0,0.361823
0,0,0.361841
0,0,0.361934
0,0,0.362125
0,0,0.362769
0,0,0.367462
0,0,0.36903
0,0,0.37014
0,0,0.375812
0,0,0.376383
0,0,0.378248
0,0,0.378874
0,0,0.379463
0,0,0.38148
0,0,0.382931
0,0,0.383146
0,0,0.386147
0,0,0.388527
0,0,0.390465
0,0,0.391982
0,0,0.398628
0,0,0.398945
0,0,0.399423
0,0,0.401669
0,0,0.403774
0,0,0.406753
0,0,0.407287
0,0,0.410296
0,0,0.410736
0,0,0.412769
0,0,0.4158
0,0,0.417328
0,0,0.417544
0,0,0.419452
0,0,0.425364
0,0,0.426026
0,0,0.429373
0,0,0.429711
0,0,0.429944
0,0,0.435873
0,0,0.447157
0,0,0.453652
0,0,0.454004
0,0,0.457441
0,0,0.457446
0,0,0.460619
0,0,0.462306
0,0,0.463055
0,0,0.463657
0,0,0.473531
0,0,0.477159
0,0,0.481199
0,0,0.484025
0,0,0.490496
0,0,0.500233
0,0,0.501927
0,0,0.505851
0,0,0.50683
0,0,0.508875
0,0,0.511466
0,0,0.515503
0,0,0.517631
0,0,0.52956
0,0,0.531921
0,0,0.540026
0,0,0.54883
0,0,0.582973
0,0,0.595765
0,0,0.596198
0,0,0.604234
0,0,0.605086
0,0,0.612907
0,0,0.631557
0,0,0.655187
0,0,0.657908
0,0,0.663335
0,0,0.77636
0,0,0.80588
0,0,0.836153
0,0,0.877537
0,0,0.948329
0,0,0.949765
0,0,3
1,1.35247,1.37975
1,1.27357,1.32808
1,1.2454,1.29496
1,1.24377,1.27166
1,1.0777,1.10271
1,1.05295,1.50057
1,1.0471,1.05509
1,1.03791,1.04505
1,0.965668,1.0817
1,0.941214,1.08531
1,0.940525,1.04291
1,0.928642,1.06312
1,0.922064,1.03249
1,0.887431,1.10917
1,0.837194,1.06544
1,0.810148,0.826692
1,0.804206,0.843176
1,0.79231,0.883105
1,0.772887,0.796622
1,0.764593,0.790179
1,0.760979,0.948581
1,0.749022,0.939681
1,0.73973,0.744614
1,0.737681,0.766149
1,0.713694,0.730126
1,0.708099,0.851694
1,0.702366,0.712377
1,0.698312,0.734497
1,0.695688,0.742545
1,0.68941,0.965318
1,0.688796,0.723806
1,0.679313,0.727583
1,0.677448,0.72806
1,0.665988,0.756506
1,0.665492,0.890758
1,0.660417,0.770598
1,0.65153,0.833023
1,0.638684,0.639829
1,0.637803,0.868046
1,0.637626,0.682386
1,0.635897,0.694463
1,0.619114,0.68627
1,0.612035,0.670587
1,0.611915,0.628886
1,0.606468,1.00785
1,0.605922,0.607242
1,0.59982,0.624982
1,0.599749,0.605659
1,0.598192,0.630932
1,0.583733,0.688876
1,0.581482,0.686936
1,0.580496,0.588001
1,0.576704,0.696372
1,0.572672,0.640109
1,0.569186,0.617023
1,0.569033,0.577389
1,0.568168,0.619147
1,0.566447,0.578235
1,0.562545,0.605588
1,0.559828,0.595325
1,0.557447,0.582316
1,0.552185,0.809416
1,0.543609,0.875431
1,0.538984,0.540799
1,0.536639,0.542263
1,0.532389,0.629924
1,0.531879,0.592336
1,0.528097,0.611485
1,0.52675,0.574116
1,0.516744,0.527004
1,0.515958,0.531451
1,0.512435,0.519134
1,0.50907,0.524059
1,0.505458,0.525342
1,0.50103,0.531489
1,0.500896,0.634293
1,0.500859,0.584757
1,0.497092,0.537239
1,0.493608,0.606846
1,0.488129,0.499254
1,0.486401,0.544258
1,0.48627,0.533013
1,0.481175,0.545408
1,0.47848,0.488596
1,0.47739,0.489037
1,0.476747,0.502904
1,0.474989,0.483256
1,0.473312,0.595382
1,0.46345,0.517925
1,0.459868,0.508773
1,0.454303,0.497761
1,0.454206,0.677599
1,0.446746,1.01725
1,0.44526,0.446306
1,0.444812,0.513602
1,0.44052,0.449457
1,0.437854,0.903767
1,0.435991,0.598921
1,0.435176,0.449891
1,0.434809,0.438478
1,0.434102,0.611366
1,0.428848,0.467006
1,0.425389,0.491374
1,0.422167,0.520977
1,0.417655,0.442272
1,0.415809,0.423853
1,0.415647,0.718486
1,0.415406,0.430123
1,0.412839,0.788046
1,0.405864,0.471222
1,0.402537,0.498919
1,0.402407,0.404709
1,0.401163,0.407045
1,0.400144,0.480557
1,0.399812,0.454922
1,0.395066,0.465291
1,0.394982,0.402006
1,0.394385,0.441898
1,0.391557,0.440002
1,0.391468,0.395038
1,0.390595,0.562996
1,0.390424,0.398022
1,0.390069,0.401944
1,0.388605,0.426383
1,0.386683,0.48517
1,0.386306,0.423656
1,0.385422,0.570278
1,0.384048,0.385278
1,0.381265,0.42125
1,0.377955,0.613041
1,0.377283,0.383003
1,0.375613,0.449037
1,0.375375,0.414599
1,0.374867,0.493125
1,0.374359,0.434916
1,0.370289,0.462923
1,0.367822,0.495177
1,0.367291,0.419917
1,0.366688,0.495844
1,0.364493,0.392701
1,0.363026,0.449319
1,0.362502,0.463255
1,0.362242,0.376101
1,0.357426,0.389879
1,0.357021,0.488842
1,0.356224,0.406307
1,0.355492,0.539319
1,0.355155,0.398073
1,0.352473,0.378666
1,0.349431,0.440484
1,0.349093,0.403925
1,0.348216,0.486959
1,0.34688,0.509324
1,0.341628,0.34751
1,0.340424,0.372224
1,0.340047,0.350485
1,0.339832,0.365323
1,0.338705,0.462519
1,0.335394,0.368673
1,0.333955,0.339371
1,0.331086,0.375933
1,0.329907,0.415299
1,0.327916,0.359302
1,0.327076,0.330984
1,0.326984,0.398869
1,0.326828,0.3309
1,0.325663,0.403925
1,0.324483,0.372356
1,0.323916,0.468085
1,0.322371,0.339216
1,0.322051,0.367469
1,0.320854,0.325348
1,0.320321,0.42916
1,0.31996,0.320282
1,0.319622,0.443531
1,0.319277,0.336253
1,0.318927,0.410851
1,0.318355,0.329674
1,0.318238,0.328957
1,0.317542,0.507739
1,0.317133,0.456649
1,0.31648,0.323518
1,0.316388,0.40796
1,0.31511,0.318019
1,0.315087,0.33472
1,0.315085,0.347103
1,0.314975,0.340126
1,0.313444,0.339371
1,0.3126,0.408291
1,0.311721,0.314272
1,0.311636,0.313156
1,0.311636,0.313602
1,0.309077,0.353471
1,0.308596,0.328345
1,0.304736,0.663107
1,0.30225,0.314687
1,0.301799,0.326421
1,0.301262,0.329991
1,0.2991,0.363599
1,0.296801,0.385405
1,0.296685,0.323969
1,0.29612,0.335736
1,0.295522,0.371136
1,0.295056,0.295588
1,0.294739,0.324219
1,0.294478,0.318996
1,0.293708,0.297439
1,0.292298,0.320032
1,0.29199,0.531753
1,0.291701,0.320242
1,0.291412,0.373877
1,0.290589,0.398724
1,0.287267,0.363422
1,0.287227,0.296856
1,0.287184,0.291699
1,0.286712,0.374634
1,0.285829,0.292136
1,0.285825,0.306894
1,0.284481,0.290612
1,0.283447,0.305183
1,0.281958,0.296921
1,0.281818,0.306444
1,0.280548,0.301382
1,0.28054,0.317028
1,0.27981,0.312934
1,0.279748,0.288767
1,0.279514,0.308555
1,0.277847,0.361908
1,0.277526,0.286681
1,0.277121,0.323496
1,0.276016,0.3279
1,0.275082,0.293107
1,0.274806,0.409334
1,0.274796,0.291451
1,0.274101,0.347323
1,0.273301,0.295608
1,0.273218,0.31548
1,0.272436,0.284165
1,0.271838,0.33772
1,0.270597,0.295094
1,0.269232,0.422533
1,0.268275,0.310065
1,0.267076,0.297075
1,0.264889,0.277509
1,0.263658,0.399549
1,0.263656,0.322773
1,0.263088,0.275867
1,0.260681,0.272907
1,0.260641,0.26387
1,0.2603,0.304867
1,0.260297,0.27666
1,0.259647,0.285924
1,0.259496,0.265885
1,0.258887,0.283817
1,0.257062,0.277232
1,0.256429,0.299078
1,0.256102,0.283758
1,0.255376,0.259227
1,0.255071,0.420401
1,0.254612,0.255484
1,0.254176,0.319549
1,0.253636,0.268659
1,0.253432,0.263357
1,0.252485,0.274352
1,0.25137,0.305137
1,0.249741,0.267886
1,0.249683,0.257747
1,0.249653,0.265586
1,0.248463,0.259563
1,0.247483,0.254491
1,0.247424,0.251165
1,0.247401,0.255842
1,0.246238,0.257293
1,0.244178,0.245765
1,0.243594,0.2458
1,0.242788,0.246514
1,0.242142,0.267399
1,0.242021,0.326048
1,0.241116,0.317192
1,0.241056,0.254871
1,0.240454,0.261817
1,0.240349,0.323764
1,0.240073,0.320267
1,0.238502,0.292399
1,0.238411,0.283953
1,0.237185,0.261054
1,0.236878,0.247623
1,0.234993,0.240422
1,0.234277,0.263254
1,0.233322,0.234005
1,0.233265,0.283441
1,0.232753,0.238765
1,0.232532,0.467802
1,0.232444,0.312158
1,0.232186,0.237451
1,0.230221,0.237817
1,0.229451,0.329006
1,0.229015,0.232655
1,0.22845,0.266902
1,0.228329,0.229696
1,0.228306,0.253054
1,0.228068,0.354187
1,0.226188,0.226434
1,0.225869,0.247217
1,0.225768,0.29055
1,0.225072,0.238657
1,0.224552,0.308045
1,0.22445,0.224797
1,0.223659,0.232772
1,0.22314,0.24371
1,0.222658,0.222771
1,0.222593,0.225529
1,0.222391,0.243543
1,0.222349,0.228395
1,0.219845,0.335231
1,0.218466,0.239719
1,0.218341,0.32976
1,0.218324,0.228272
1,0.218093,0.239281
1,0.217628,0.276275
1,0.21749,0.27037
1,0.217191,0.265207
1,0.215345,0.217126
1,0.212609,0.262638
1,0.212554,0.23695
1,0.212299,0.224797
1,0.212155,0.255597
1,0.21197,0.301297
1,0.211259,0.258733
1,0.210913,0.240439
1,0.210624,0.23745
1,0.210529,0.239611
1,0.210053,0.235495
1,0.21001,0.227181
1,0.209726,0.241136
1,0.209651,0.297855
1,0.209206,0.230465
1,0.208985,0.243838
1,0.208407,0.232331
1,0.207791,0.216213
1,0.207644,0.241159
1,0.20647,0.251235
1,0.205896,0.22523
1,0.204387,0.252355
1,0.203324,0.240909
1,0.202147,0.246042
1,0.20197,0.228777
1,0.20193,0.246389
1,0.201614,0.257076
1,0.201147,0.291168
1,0.20063,0.226288
1,0.199366,0.225477
1,0.198926,0.251917
1,0.198403,0.226409
1,0.198007,0.258598
1,0.197159,0.281761
1,0.196418,0.253278
1,0.195134,0.23745
1,0.195041,0.217485
1,0.19478,0.199839
1,0.194547,0.224511
1,0.192886,0.230624
1,0.191388,0.24222
1,0.190831,0.239399
1,0.188478,0.216326
1,0.188167,0.211487
1,0.186994,0.189708
1,0.18545,0.230663
1,0.184462,0.217228
1,0.184135,0.186435
1,0.183371,0.213064
1,0.182207,0.19914
1,0.181989,0.190558
1,0.18198,0.186594
1,0.181476,0.216795
1,0.181054,0.241969
1,0.180509,0.253263
1,0.179511,0.192886
1,0.177864,0.250339
1,0.177156,0.203087
1,0.176237,0.188639
1,0.1762,0.185179
1,0.17547,0.176174
1,0.174336,0.20941
1,0.173453,0.18169
1,0.173239,0.174162
1,0.173174,0.212836
1,0.172535,0.181941
1,0.171527,0.176135
1,0.170684,0.174424
1,0.170648,0.174842
1,0.170441,0.209578
1,0.170219,0.253045
1,0.169869,0.247437
1,0.169571,0.172874
1,0.168886,0.303107
1,0.168055,0.184427
1,0.167837,0.168577
1,0.167538,0.204519
1,0.167503,0.196665
1,0.165852,0.200113
1,0.165771,0.167877
1,0.165566,0.178667
1,0.164524,0.182032
1,0.164106,0.239405
1,0.163304,0.196352
1,0.160261,0.174224
1,0.158907,0.174389
1,0.158882,0.167273
1,0.157887,0.161139
1,0.156946,0.16651
1,0.156151,0.162439
1,0.154585,0.186435
1,0.153842,0.169996
1,0.153771,0.187499
1,0.152729,0.17967
1,0.152589,0.208689
1,0.152533,0.172865
1,0.151418,0.184483
1,0.151025,0.162439
1,0.150609,0.168287
1,0.15039,0.151562
1,0.150131,0.184803
1,0.148878,0.162526
1,0.145,0.154388
1,0.144442,0.159002
1,0.143574,0.144881
1,0.143144,0.1689
1,0.139804,0.147725
1,0.136282,0.151739
1,0.13571,0.162382
1,0.135046,0.182924
1,0.134743,0.152824
1,0.129347,0.129861
1,0.126871,0.157298
1,0.125246,0.128509
1,0.123576,0.133543
1,0.122784,0.127513
1,0.121765,0.133341
1,0.119015,0.130479
1,0.118598,0.139443
1,0.117928,0.161943
1,0.116756,0.150131
1,0.115375,0.118474
1,0.115172,0.116335
1,0.115146,0.11726
1,0.112359,0.152887
1,0.11057,0.127014
1,0.109028,0.123343
1,0.107735,0.1252
1,0.107293,0.109518
1,0.106905,0.139939
1,0.105838,0.116584
1,0.105065,0.130519
1,0.104634,0.143912
1,0.10111,0.111915
1,0.100132,0.104785
1,0.0981902,0.110516
1,0.0979102,0.104491
1,0.0975662,0.118836
1,0.0963602,0.119904
1,0.0933268,0.119456
1,0.0922473,0.111533
1,0.0904133,0.0985326
1,0.0842352,0.0873848
1,0.0834323,0.100698
1,0.0833796,0.110645
1,0.0829262,0.113753
1,0.0821092,0.0916284
1,0.0808248,0.0903806
1,0.0801858,0.0810703
1,0.0794285,0.0826246
1,0.0791373,0.0796876
1,0.0784644,0.082686
1,0.0784138,0.0863074
1,0.0782667,0.0921256
1,0.0779109,0.083309
1,0.0769572,0.077162
1,0.0766714,0.0835016
1,0.0749344,0.0826246
1,0.0749017,0.0791885
1,0.0734779,0.0837855
1,0.0734513,0.0948072
1,0.072264,0.0921361
1,0.0722316,0.102841
1,0.0661796,0.0765117
1,0.0640732,0.0702939
1,0.0640462,0.0790289
2,1.59133,1.64437
2,1.23222,1.24231
2,1.09932,1.10327
2,1.00384,1.00563
2,0.955496,0.973634
2,0.903653,0.912919
2,0.88389,0.884417
2,0.716389,0.728444
2,0.661491,0.676234
2,0.636824,0.644233
2,0.622059,0.699719
2,0.59682,0.637777
2,0.580112,0.605784
2,0.564309,0.565251
2,0.539132,0.568069
2,0.507933,0.513398
2,0.480967,0.481737
2,0.472774,0.474715
2,0.465053,0.488224
2,0.442548,0.512982
2,0.422856,0.470056
2,0.418923,0.42562
2,0.409821,0.414045
2,0.409566,0.422748
2,0.407777,0.410043
2,0.400978,0.409581
2,0.400211,0.428896
2,0.395501,0.399479
2,0.394853,0.413155
2,0.394247,0.405831
2,0.38966,0.405164
2,0.370173,0.382182
2,0.369433,0.373235
2,0.36418,0.401126
2,0.353655,0.391704
2,0.34137,0.346684
2,0.33684,0.337541
2,0.332817,0.333441
2,0.326943,0.347869
2,0.326485,0.333091
2,0.314904,0.32036
2,0.31107,0.3132
2,0.294243,0.296908
2,0.294123,0.332858
2,0.288794,0.305922
2,0.28273,0.282838
2,0.277564,0.278337
2,0.261928,0.270719
2,0.260214,0.262
2,0.25068,0.270037
2,0.250194,0.2535
2,0.24912,0.281302
2,0.244027,0.262343
2,0.227557,0.237931
2,0.219206,0.225218
2,0.216407,0.234829
2,0.195622,0.216714
2,0.168892,0.176647
2,0.162635,0.182555
2,0.124684,0.127645
2,0.124667,0.125747
