point cloud with 1692 points in dimension 3
0,0,0.00994532
0,0,0.0110523
0,0,0.0117971
0,0,0.0123234
0,0,0.012712
0,0,0.0128189
0,0,0.0129803
0,0,0.0134978
0,0,0.0138673
0,0,0.0157647
0,0,0.0158718
0,0,0.0163036
0,0,0.016412
0,0,0.0167502
0,0,0.0170781
0,0,0.0174238
0,0,0.0177166
0,0,0.0181141
0,0,0.0184143
0,0,0.0192214
0,0,0.0195397
0,0,0.0201323
0,0,0.0204016
0,0,0.0208076
0,0,0.0214426
0,0,0.021464
0,0,0.0222539
0,0,0.0239035
0,0,0.0240801
0,0,0.0241844
0,0,0.0248228
0,0,0.0250682
0,0,0.0250718
0,0,0.0258266
0,0,0.0259379
0,0,0.0260592
0,0,0.0261106
0,0,0.026334
0,0,0.026561
0,0,0.0266836
0,0,0.0269139
0,0,0.0269391
0,0,0.0271851
0,0,0.0275669
0,0,0.0278653
0,0,0.0285827
0,0,0.0287021
0,0,0.0290059
0,0,0.02926
0,0,0.0293894
0,0,0.0294442
0,0,0.0294613
0,0,0.0295169
0,0,0.0295221
0,0,0.0295347
0,0,0.029609
0,0,0.0296097
0,0,0.0302949
0,0,0.0305421
0,0,0.0307362
0,0,0.030747
0,0,0.0311171
0,0,0.0311635
0,0,0.0312356
0,0,0.0312357
0,0,0.0317709
0,0,0.0319905
0,0,0.0320931
0,0,0.032191
0,0,0.0325851
0,0,0.0329355
0,0,0.03295
0,0,0.0336567
0,0,0.0337327
0,0,0.0338736
0,0,0.0339127
0,0,0.0341598
0,0,0.0341931
0,0,0.0345014
0,0,0.0346062
0,0,0.0347599
0,0,0.0349828
0,0,0.0350547
0,0,0.0354254
0,0,0.0355281
0,0,0.0355655
0,0,0.0358581
0,0,0.0359561
0,0,0.0359781
0,0,0.0362643
0,0,0.0363058
0,0,0.0372094
0,0,0.0372981
0,0,0.0374072
0,0,0.0374445
0,0,0.0375046
0,0,0.037574
0,0,0.0379601
0,0,0.0379783
0,0,0.0383269
0,0,0.0386261
0,0,0.0386308
0,0,0.0387525
0,0,0.0391088
0,0,0.0401414
0,0,0.0402604
0,0,0.0402649
0,0,0.0402802
0,0,0.0403615
0,0,0.0404378
0,0,0.0406135
0,0,0.0407343
0,0,0.0408104
0,0,0.0411371
0,0,0.0411379
0,0,0.0412143
0,0,0.0412884
0,0,0.0413381
0,0,0.0416238
0,0,0.0417059
0,0,0.0417656
0,0,0.0417731
0,0,0.0418537
0,0,0.0422805
0,0,0.0425162
0,0,0.0425515
0,0,0.042573
0,0,0.0425905
0,0,0.0426497
0,0,0.0426821
0,0,0.0431646
0,0,0.043254
0,0,0.0437508
0,0,0.0437583
0,0,0.0439252
0,0,0.0440952
0,0,0.0441676
0,0,0.0445151
0,0,0.0445597
0,0,0.0446742
0,0,0.0446966
0,0,0.0447121
0,0,0.044832
0,0,0.0450109
0,0,0.0450136
0,0,0.0450425
0,0,0.0451673
0,0,0.0452595
0,0,0.0453185
0,0,0.045417
0,0,0.0455317
0,0,0.0455353
0,0,0.0457779
0,0,0.0458428
0,0,0.0459265
0,0,0.0461517
0,0,0.0461646
0,0,0.0462961
0,0,0.0469061
0,0,0.0470274
0,0,0.0470926
0,0,0.0472703
0,0,0.0473202
0,0,0.0474508
0,0,0.0474966
0,0,0.0475168
0,0,0.0480833
0,0,0.0485443
0,0,0.048638
0,0,0.0487308
0,0,0.0488261
0,0,0.0488343
0,0,0.0488633
0,0,0.0498148
0,0,0.0498275
0,0,0.0499863
0,0,0.0499961
0,0,0.0500177
0,0,0.0501987
0,0,0.0502405
0,0,0.0504852
0,0,0.0505594
0,0,0.0506213
0,0,0.0507333
0,0,0.0512494
0,0,0.0513135
0,0,0.0513778
0,0,0.0514804
0,0,0.0515099
0,0,0.0519147
0,0,0.0519534
0,0,0.0519723
0,0,0.0520454
0,0,0.0522314
0,0,0.0522505
0,0,0.0522948
0,0,0.0526229
0,0,0.0528176
0,0,0.0529073
0,0,0.0529775
0,0,0.0532838
0,0,0.0532979
0,0,0.0533251
0,0,0.0533309
0,0,0.053404
0,0,0.0534825
0,0,0.0535157
0,0,0.0538649
0,0,0.0540185
0,0,0.0541841
0,0,0.0545706
0,0,0.0545866
0,0,0.0548951
0,0,0.0549265
0,0,0.0550381
0,0,0.0550537
0,0,0.0551105
0,0,0.0552262
0,0,0.055582
0,0,0.0556872
0,0,0.0559295
0,0,0.0559414
0,0,0.0560299
0,0,0.0560674
0,0,0.0560757
0,0,0.0561094
0,0,0.0562496
0,0,0.0563889
0,0,0.0565139
0,0,0.0565904
0,0,0.0565932
0,0,0.0567757
0,0,0.0573023
0,0,0.0573552
0,0,0.057514
0,0,0.0576021
0,0,0.057701
0,0,0.0577031
0,0,0.0578355
0,0,0.0579351
0,0,0.0580391
0,0,0.0580715
0,0,0.0580999
0,0,0.0582273
0,0,0.0582776
0,0,0.0584608
0,0,0.0587552
0,0,0.0587973
0,0,0.0588389
0,0,0.0589183
0,0,0.0590283
0,0,0.0591339
0,0,0.0591405
0,0,0.0593167
0,0,0.0593232
0,0,0.0594005
0,0,0.0596088
0,0,0.059746
0,0,0.0600369
0,0,0.0602729
0,0,0.0604308
0,0,0.060548
0,0,0.0606198
0,0,0.0606987
0,0,0.0607874
0,0,0.0610199
0,0,0.0611949
0,0,0.0612382
0,0,0.0612567
0,0,0.0614322
0,0,0.0614338
0,0,0.061701
0,0,0.0617129
0,0,0.0617815
0,0,0.0618132
0,0,0.0618179
0,0,0.0620127
0,0,0.062157
0,0,0.0621706
0,0,0.062203
0,0,0.0622181
0,0,0.0623442
0,0,0.0623705
0,0,0.0624799
0,0,0.0625457
0,0,0.0625467
0,0,0.0627154
0,0,0.0628407
0,0,0.062853
0,0,0.0629196
0,0,0.062939
0,0,0.0630057
0,0,0.0630666
0,0,0.06315
0,0,0.0632444
0,0,0.0635359
0,0,0.0635712
0,0,0.0636107
0,0,0.0639101
0,0,0.0639196
0,0,0.0640054
0,0,0.0640939
0,0,0.0642946
0,0,0.0643485
0,0,0.0643524
0,0,0.0643951
0,0,0.0643993
0,0,0.0644276
0,0,0.0644345
0,0,0.0645229
0,0,0.0646564
0,0,0.0648105
0,0,0.0648906
0,0,0.0652108
0,0,0.0653058
0,0,0.0657179
0,0,0.0657262
0,0,0.0659133
0,0,0.0661058
0,0,0.0661473
0,0,0.0662011
0,0,0.0662293
0,0,0.0663157
0,0,0.0663647
0,0,0.0665515
0,0,0.0666109
0,0,0.0667755
0,0,0.0668176
0,0,0.0668845
0,0,0.0670636
0,0,0.0674239
0,0,0.0675152
0,0,0.0675603
0,0,0.0677025
0,0,0.067709
0,0,0.067742
0,0,0.0678796
0,0,0.0684232
0,0,0.0687628
0,0,0.068988
0,0,0.069105
0,0,0.0692914
0,0,0.0694055
0,0,0.0694276
0,0,0.0694982
0,0,0.069764
0,0,0.0698876
0,0,0.069941
0,0,0.0699846
0,0,0.0699997
0,0,0.0704104
0,0,0.0704371
0,0,0.0705327
0,0,0.0705611
0,0,0.0706703
0,0,0.0708184
0,0,0.0708951
0,0,0.0709403
0,0,0.0711326
0,0,0.0712071
0,0,0.0713235
0,0,0.0713988
0,0,0.0714106
0,0,0.0714343
0,0,0.0715527
0,0,0.0717042
0,0,0.0717695
0,0,0.072032
0,0,0.0720761
0,0,0.0721422
0,0,0.072166
0,0,0.0723778
0,0,0.0724515
0,0,0.0724598
0,0,0.0724719
0,0,0.0725263
0,0,0.0726078
0,0,0.0726801
0,0,0.072773
0,0,0.0735935
0,0,0.0736599
0,0,0.0736984
0,0,0.0737318
0,0,0.0738737
0,0,0.0741135
0,0,0.0741271
0,0,0.0741519
0,0,0.0741876
0,0,0.0743186
0,0,0.07438
0,0,0.0744621
0,0,0.0746939
0,0,0.0747115
0,0,0.0749525
0,0,0.0749976
0,0,0.0750401
0,0,0.0750492
0,0,0.0750962
0,0,0.0752451
0,0,0.0756064
0,0,0.0757017
0,0,0.0759866
0,0,0.0761371
0,0,0.0762326
0,0,0.0763386
0,0,0.0764075
0,0,0.0765602
0,0,0.0767082
0,0,0.0767502
0,0,0.0767932
0,0,0.0768107
0,0,0.0770836
0,0,0.077111
0,0,0.0773904
0,0,0.0774491
0,0,0.0774555
0,0,0.077806
0,0,0.077893
0,0,0.077923
0,0,0.0780141
0,0,0.0780669
0,0,0.0781249
0,0,0.0782186
0,0,0.0782383
0,0,0.0782545
0,0,0.0782744
0,0,0.0784285
0,0,0.0784769
0,0,0.0785027
0,0,0.0787299
0,0,0.0787853
0,0,0.0788406
0,0,0.0792827
0,0,0.079351
0,0,0.0794656
0,0,0.07978
0,0,0.0800063
0,0,0.0800223
0,0,0.0804743
0,0,0.0806974
0,0,0.0807025
0,0,0.080763
0,0,0.0808514
0,0,0.0809393
0,0,0.0809949
0,0,0.0810856
0,0,0.0812008
0,0,0.0812258
0,0,0.0813364
0,0,0.0813613
0,0,0.0814059
0,0,0.0815493
0,0,0.0815697
0,0,0.0817233
0,0,0.0819386
0,0,0.0819395
0,0,0.0821341
0,0,0.0822462
0,0,0.0822946
0,0,0.0824044
0,0,0.0824102
0,0,0.0824211
0,0,0.0825879
0,0,0.0826875
0,0,0.082731
0,0,0.0829414
0,0,0.0830541
0,0,0.0832963
0,0,0.0833702
0,0,0.0833795
0,0,0.0834107
0,0,0.0836774
0,0,0.0837763
0,0,0.0839402
0,0,0.0839551
0,0,0.0840301
0,0,0.0843739
0,0,0.0845125
0,0,0.0845699
0,0,0.0848697
0,0,0.0849474
0,0,0.0849565
0,0,0.0849947
0,0,0.0850107
0,0,0.0850695
0,0,0.0850713
0,0,0.0851767
0,0,0.0853616
0,0,0.0853997
0,0,0.0855415
0,0,0.0856074
0,0,0.085638
0,0,0.0857911
0,0,0.0860223
0,0,0.0861633
0,0,0.0862177
0,0,0.086374
0,0,0.0864179
0,0,0.086443
0,0,0.0865574
0,0,0.0866358
0,0,0.0867437
0,0,0.0867516
0,0,0.0869474
0,0,0.0869554
0,0,0.0869613
0,0,0.086976
0,0,0.0869874
0,0,0.0870103
0,0,0.087037
0,0,0.0870468
0,0,0.0871883
0,0,0.0873794
0,0,0.0874018
0,0,0.0874563
0,0,0.0875399
0,0,0.0877533
0,0,0.0877575
0,0,0.0881104
0,0,0.0881425
0,0,0.0882696
0,0,0.0883211
0,0,0.0884329
0,0,0.0884998
0,0,0.088618
0,0,0.0887125
0,0,0.0893632
0,0,0.0895603
0,0,0.0897607
0,0,0.089852
0,0,0.0899458
0,0,0.0901472
0,0,0.0904076
0,0,0.0905617
0,0,0.0905753
0,0,0.0908367
0,0,0.0908801
0,0,0.0910529
0,0,0.0912686
0,0,0.0912957
0,0,0.0913443
0,0,0.0917859
0,0,0.0919802
0,0,0.0920125
0,0,0.0920669
0,0,0.092156
0,0,0.0921955
0,0,0.0924674
0,0,0.0925883
0,0,0.0925894
0,0,0.0926152
0,0,0.09301
0,0,0.0931349
0,0,0.0931543
0,0,0.0931583
0,0,0.0931797
0,0,0.093274
0,0,0.0932905
0,0,0.093458
0,0,0.093714
0,0,0.0937756
0,0,0.0940292
0,0,0.0940508
0,0,0.0941359
0,0,0.0941371
0,0,0.0941629
0,0,0.0949276
0,0,0.0949586
0,0,0.0949685
0,0,0.0950138
0,0,0.095101
0,0,0.0952746
0,0,0.0963063
0,0,0.096325
0,0,0.0964906
0,0,0.0965129
0,0,0.0965666
0,0,0.0966103
0,0,0.0967234
0,0,0.0967461
0,0,0.0967493
0,0,0.0970007
0,0,0.0970312
0,0,0.0972886
0,0,0.0973713
0,0,0.097511
0,0,0.097517
0,0,0.0975548
0,0,0.097661
0,0,0.0978861
0,0,0.0981604
0,0,0.0982297
0,0,0.0982666
0,0,0.0983006
0,0,0.0983869
0,0,0.0983891
0,0,0.0983896
0,0,0.0985033
0,0,0.0985731
0,0,0.0987167
0,0,0.0990194
0,0,0.0993885
0,0,0.0994569
0,0,0.0994683
0,0,0.0995689
0,0,0.0996285
0,0,0.100089
0,0,0.100213
0,0,0.100223
0,0,0.100234
0,0,0.100277
0,0,0.100419
0,0,0.100424
0,0,0.100544
0,0,0.100554
0,0,0.10066
0,0,0.10068
0,0,0.100704
0,0,0.101089
0,0,0.101192
0,0,0.101408
0,0,0.101469
0,0,0.101641
0,0,0.101712
0,0,0.101723
0,0,0.10182
0,0,0.102162
0,0,0.102282
0,0,0.102521
0,0,0.102587
0,0,0.102674
0,0,0.10272
0,0,0.103134
0,0,0.103169
0,0,0.10331
0,0,0.103354
0,0,0.103412
0,0,0.103425
0,0,0.103468
0,0,0.103591
0,0,0.103608
0,0,0.103631
0,0,0.103667
0,0,0.103783
0,0,0.103851
0,0,0.103997
0,0,0.104037
0,0,0.104195
0,0,0.104195
0,0,0.10485
0,0,0.105112
0,0,0.105187
0,0,0.105254
0,0,0.105258
0,0,0.105314
0,0,0.105351
0,0,0.105452
0,0,0.105546
0,0,0.105674
0,0,0.105762
0,0,0.105978
0,0,0.106048
0,0,0.106256
0,0,0.106293
0,0,0.106328
0,0,0.106406
0,0,0.106477
0,0,0.106663
0,0,0.106812
0,0,0.106997
0,0,0.107225
0,0,0.107304
0,0,0.107524
0,0,0.107583
0,0,0.107648
0,0,0.107685
0,0,0.10773
0,0,0.107828
0,0,0.10789
0,0,0.107934
0,0,0.108164
0,0,0.108268
0,0,0.108292
0,0,0.108598
0,0,0.108742
0,0,0.109206
0,0,0.109283
0,0,0.109312
0,0,0.109451
0,0,0.109489
0,0,0.109761
0,0,0.109821
0,0,0.109913
0,0,0.110003
0,0,0.1101
0,0,0.110104
0,0,0.110553
0,0,0.110597
0,0,0.110738
0,0,0.110762
0,0,0.11078
0,0,0.110871
0,0,0.111027
0,0,0.111048
0,0,0.111089
0,0,0.111145
0,0,0.111497
0,0,0.111522
0,0,0.111847
0,0,0.112293
0,0,0.112666
0,0,0.112696
0,0,0.112813
0,0,0.112816
0,0,0.113005
0,0,0.113032
0,0,0.113059
0,0,0.113148
0,0,0.113252
0,0,0.113375
0,0,0.113612
0,0,0.11373
0,0,0.113869
0,0,0.113958
0,0,0.114063
0,0,0.114124
0,0,0.114162
0,0,0.11421
0,0,0.114277
0,0,0.114519
0,0,0.114823
0,0,0.114827
0,0,0.114966
0,0,0.114994
0,0,0.115323
0,0,0.115358
0,0,0.115515
0,0,0.11557
0,0,0.115609
0,0,0.115693
0,0,0.11573
0,0,0.115753
0,0,0.115761
0,0,0.115762
0,0,0.115837
0,0,0.115945
0,0,0.116077
0,0,0.116109
0,0,0.116367
0,0,0.116598
0,0,0.116867
0,0,0.116921
0,0,0.117029
0,0,0.117224
0,0,0.117274
0,0,0.117549
0,0,0.117613
0,0,0.117923
0,0,0.11801
0,0,0.118259
0,0,0.118363
0,0,0.119111
0,0,0.119466
0,0,0.119616
0,0,0.119685
0,0,0.119686
0,0,0.119805
0,0,0.119933
0,0,0.119948
0,0,0.120123
0,0,0.120462
0,0,0.120467
0,0,0.120686
0,0,0.120968
0,0,0.121285
0,0,0.12129
0,0,0.121617
0,0,0.121728
0,0,0.121923
0,0,0.122213
0,0,0.122344
0,0,0.122412
0,0,0.122498
0,0,0.122641
0,0,0.122649
0,0,0.122829
0,0,0.122848
0,0,0.122867
0,0,0.12292
0,0,0.122962
0,0,0.123034
0,0,0.123075
0,0,0.123331
0,0,0.123478
0,0,0.123729
0,0,0.123902
0,0,0.123993
0,0,0.124004
0,0,0.124032
0,0,0.124045
0,0,0.124178
0,0,0.124207
0,0,0.12423
0,0,0.125622
0,0,0.125643
0,0,0.125663
0,0,0.125782
0,0,0.125787
0,0,0.125791
0,0,0.125904
0,0,0.125961
0,0,0.12602
0,0,0.126083
0,0,0.126324
0,0,0.126331
0,0,0.12689
0,0,0.126891
0,0,0.12706
0,0,0.127216
0,0,0.127274
0,0,0.127526
0,0,0.127531
0,0,0.127546
0,0,0.128061
0,0,0.128183
0,0,0.128315
0,0,0.128434
0,0,0.12879
0,0,0.129224
0,0,0.129679
0,0,0.129722
0,0,0.129752
0,0,0.129892
0,0,0.130193
0,0,0.130347
0,0,0.130457
0,0,0.130462
0,0,0.130465
0,0,0.130603
0,0,0.130707
0,0,0.130791
0,0,0.130809
0,0,0.130909
0,0,0.130945
0,0,0.131195
0,0,0.131862
0,0,0.131994
0,0,0.132617
0,0,0.132779
0,0,0.132782
0,0,0.132891
0,0,0.132904
0,0,0.133061
0,0,0.13307
0,0,0.133593
0,0,0.133795
0,0,0.133819
0,0,0.133931
0,0,0.133978
0,0,0.134028
0,0,0.134081
0,0,0.134142
0,0,0.134222
0,0,0.134272
0,0,0.134391
0,0,0.13442
0,0,0.13443
0,0,0.135117
0,0,0.135199
0,0,0.135201
0,0,0.135202
0,0,0.135355
0,0,0.135383
0,0,0.135464
0,0,0.135565
0,0,0.135589
0,0,0.135596
0,0,0.135628
0,0,0.135731
0,0,0.135815
0,0,0.135826
0,0,0.135908
0,0,0.136008
0,0,0.136092
0,0,0.136183
0,0,0.136362
0,0,0.136422
0,0,0.136511
0,0,0.136994
0,0,0.137015
0,0,0.137114
0,0,0.137151
0,0,0.137402
0,0,0.137849
0,0,0.138063
0,0,0.138089
0,0,0.138092
0,0,0.138262
0,0,0.138489
0,0,0.138587
0,0,0.138967
0,0,0.139032
0,0,0.139061
0,0,0.13925
0,0,0.139614
0,0,0.139665
0,0,0.139877
0,0,0.140069
0,0,0.140207
0,0,0.140244
0,0,0.140447
0,0,0.140473
0,0,0.140502
0,0,0.140719
0,0,0.141009
0,0,0.141527
0,0,0.142176
0,0,0.142379
0,0,0.142429
0,0,0.142666
0,0,0.142748
0,0,0.143028
0,0,0.143134
0,0,0.143265
0,0,0.143273
0,0,0.143304
0,0,0.143318
0,0,0.143373
0,0,0.143873
0,0,0.143989
0,0,0.144115
0,0,0.144176
0,0,0.144328
0,0,0.144502
0,0,0.144534
0,0,0.144539
0,0,0.144633
0,0,0.144649
0,0,0.144836
0,0,0.145006
0,0,0.145313
0,0,0.145488
0,0,0.145514
0,0,0.145897
0,0,0.145929
0,0,0.145975
0,0,0.146133
0,0,0.146564
0,0,0.146762
0,0,0.146843
0,0,0.146856
0,0,0.146917
0,0,0.147181
0,0,0.147282
0,0,0.147469
0,0,0.147543
0,0,0.147827
0,0,0.147867
0,0,0.147912
0,0,0.148108
0,0,0.148285
0,0,0.148412
0,0,0.148482
0,0,0.148845
0,0,0.148896
0,0,0.149103
0,0,0.149121
0,0,0.149122
0,0,0.149136
0,0,0.149563
0,0,0.149589
0,0,0.150242
0,0,0.150336
0,0,0.150372
0,0,0.150799
0,0,0.15083
0,0,0.150957
0,0,0.15121
0,0,0.15128
0,0,0.151758
0,0,0.151824
0,0,0.152002
0,0,0.152146
0,0,0.152237
0,0,0.152406
0,0,0.152478
0,0,0.152484
0,0,0.152546
0,0,0.152863
0,0,0.15297
0,0,0.153113
0,0,0.153447
0,0,0.153878
0,0,0.154075
0,0,0.154132
0,0,0.154281
0,0,0.155408
0,0,0.155726
0,0,0.155748
0,0,0.155754
0,0,0.15589
0,0,0.156138
0,0,0.156155
0,0,0.156216
0,0,0.156387
0,0,0.156452
0,0,0.156521
0,0,0.156573
0,0,0.156782
0,0,0.157059
0,0,0.157062
0,0,0.157367
0,0,0.15745
0,0,0.157482
0,0,0.157484
0,0,0.157529
0,0,0.157566
0,0,0.157904
0,0,0.15796
0,0,0.157985
0,0,0.158177
0,0,0.158196
0,0,0.158256
0,0,0.158529
0,0,0.158896
0,0,0.158957
0,0,0.159404
0,0,0.160016
0,0,0.160434
0,0,0.160564
0,0,0.161145
0,0,0.1613
0,0,0.161467
0,0,0.161558
0,0,0.161626
0,0,0.161925
0,0,0.161927
0,0,0.162429
0,0,0.162598
0,0,0.162684
0,0,0.162893
0,0,0.162918
0,0,0.162963
0,0,0.163109
0,0,0.163175
0,0,0.163187
0,0,0.163298
0,0,0.16351
0,0,0.163604
0,0,0.163631
0,0,0.163672
0,0,0.163764
0,0,0.163951
0,0,0.164058
0,0,0.164145
0,0,0.164559
0,0,0.164624
0,0,0.165017
0,0,0.165168
0,0,0.165285
0,0,0.16554
0,0,0.165574
0,0,0.165717
0,0,0.166552
0,0,0.166573
0,0,0.166679
0,0,0.16676
0,0,0.167055
0,0,0.167443
0,0,0.167608
0,0,0.167626
0,0,0.167644
0,0,0.167728
0,0,0.168208
0,0,0.168262
0,0,0.168387
0,0,0.168393
0,0,0.168574
0,0,0.16879
0,0,0.169038
0,0,0.169062
0,0,0.169259
0,0,0.169494
0,0,0.169545
0,0,0.169552
0,0,0.169727
0,0,0.169771
0,0,0.170036
0,0,0.170196
0,0,0.170393
0,0,0.170398
0,0,0.170529
0,0,0.170638
0,0,0.170876
0,0,0.171084
0,0,0.171246
0,0,0.171288
0,0,0.171316
0,0,0.171493
0,0,0.171635
0,0,0.171916
0,0,0.172054
0,0,0.172077
0,0,0.17232
0,0,0.172343
0,0,0.172517
0,0,0.172737
0,0,0.173487
0,0,0.17354
0,0,0.174601
0,0,0.174839
0,0,0.175105
0,0,0.175264
0,0,0.175315
0,0,0.175787
0,0,0.17593
0,0,0.176135
0,0,0.176147
0,0,0.176319
0,0,0.176524
0,0,0.176729
0,0,0.177016
0,0,0.177051
0,0,0.177159
0,0,0.177683
0,0,0.177956
0,0,0.17815
0,0,0.178668
0,0,0.178867
0,0,0.178959
0,0,0.179044
0,0,0.179176
0,0,0.179282
0,0,0.179464
0,0,0.179519
0,0,0.179558
0,0,0.180532
0,0,0.180685
0,0,0.180795
0,0,0.18107
0,0,0.181139
0,0,0.181145
0,0,0.181274
0,0,0.181285
0,0,0.18147
0,0,0.181787
0,0,0.181896
0,0,0.181912
0,0,0.182089
0,0,0.182159
0,0,0.182224
0,0,0.182941
0,0,0.182988
0,0,0.183169
0,0,0.183296
0,0,0.183395
0,0,0.183425
0,0,0.183979
0,0,0.184052
0,0,0.184258
0,0,0.184284
0,0,0.184585
0,0,0.184767
0,0,0.18489
0,0,0.185117
0,0,0.185213
0,0,0.18533
0,0,0.18549
0,0,0.185966
0,0,0.18652
0,0,0.186802
0,0,0.186818
0,0,0.187592
0,0,0.187789
0,0,0.187933
0,0,0.187944
0,0,0.187979
0,0,0.188532
0,0,0.188563
0,0,0.188654
0,0,0.188766
0,0,0.188899
0,0,0.189191
0,0,0.189253
0,0,0.189633
0,0,0.189879
0,0,0.189914
0,0,0.18997
0,0,0.190002
0,0,0.19008
0,0,0.190161
0,0,0.190703
0,0,0.190735
0,0,0.190766
0,0,0.190915
0,0,0.191075
0,0,0.191159
0,0,0.191343
0,0,0.191375
0,0,0.191653
0,0,0.19169
0,0,0.192121
0,0,0.192198
0,0,0.192246
0,0,0.192573
0,0,0.192669
0,0,0.192987
0,0,0.193213
0,0,0.193303
0,0,0.193418
0,0,0.193589
0,0,0.193636
0,0,0.194082
0,0,0.194115
0,0,0.194208
0,0,0.194232
0,0,0.19433
0,0,0.194603
0,0,0.194707
0,0,0.194817
0,0,0.194832
0,0,0.194946
0,0,0.195326
0,0,0.195485
0,0,0.195669
0,0,0.196001
0,0,0.196114
0,0,0.196172
0,0,0.196302
0,0,0.196656
0,0,0.196827
0,0,0.196957
0,0,0.198036
0,0,0.198324
0,0,0.198344
0,0,0.1985
0,0,0.198842
0,0,0.19905
0,0,0.199284
0,0,0.199492
0,0,0.199586
0,0,0.199688
0,0,0.200472
0,0,0.200852
0,0,0.200915
0,0,0.200997
0,0,0.201641
0,0,0.202815
0,0,0.203
0,0,0.203214
0,0,0.203532
0,0,0.203655
0,0,0.203868
0,0,0.203976
0,0,0.204178
0,0,0.204363
0,0,0.204513
0,0,0.204641
0,0,0.205063
0,0,0.206095
0,0,0.206176
0,0,0.206387
0,0,0.206434
0,0,0.206475
0,0,0.207341
0,0,0.207866
0,0,0.208377
0,0,0.209242
0,0,0.20927
0,0,0.209626
0,0,0.209896
0,0,0.210124
0,0,0.210257
0,0,0.210628
0,0,0.211121
0,0,0.211147
0,0,0.211279
0,0,0.211316
0,0,0.211422
0,0,0.21199
0,0,0.212173
0,0,0.212214
0,0,0.212303
0,0,0.212565
0,0,0.212821
0,0,0.213605
0,0,0.213972
0,0,0.214413
0,0,0.214418
0,0,0.214606
0,0,0.214665
0,0,0.214726
0,0,0.215361
0,0,0.21583
0,0,0.216456
0,0,0.216576
0,0,0.216801
0,0,0.217493
0,0,0.218013
0,0,0.218146
0,0,0.218427
0,0,0.218563
0,0,0.219415
0,0,0.219728
0,0,0.219785
0,0,0.219851
0,0,0.219878
0,0,0.220372
0,0,0.220631
0,0,0.220762
0,0,0.220763
0,0,0.220872
0,0,0.220898
0,0,0.220952
0,0,0.221905
0,0,0.221975
0,0,0.222424
0,0,0.222479
0,0,0.222559
0,0,0.222841
0,0,0.223238
0,0,0.223425
0,0,0.224161
0,0,0.224343
0,0,0.224364
0,0,0.224512
0,0,0.224541
0,0,0.224768
0,0,0.224803
0,0,0.224951
0,0,0.225041
0,0,0.22549
0,0,0.225918
0,0,0.226255
0,0,0.226261
0,0,0.226456
0,0,0.226625
0,0,0.22681
0,0,0.226824
0,0,0.227303
0,0,0.227658
0,0,0.228045
0,0,0.228073
0,0,0.228149
0,0,0.228177
0,0,0.228714
0,0,0.228785
0,0,0.22885
0,0,0.229028
0,0,0.229558
0,0,0.229982
0,0,0.229984
0,0,0.230073
0,0,0.230083
0,0,0.230251
0,0,0.230434
0,0,0.230545
0,0,0.230798
0,0,0.230914
0,0,0.23093
0,0,0.231107
0,0,0.23119
0,0,0.23152
0,0,0.231846
0,0,0.232285
0,0,0.232314
0,0,0.232723
0,0,0.233088
0,0,0.233407
0,0,0.233453
0,0,0.233805
0,0,0.23422
0,0,0.234551
0,0,0.235303
0,0,0.235346
0,0,0.235494
0,0,0.235555
0,0,0.236057
0,0,0.236111
0,0,0.236476
0,0,0.236588
0,0,0.238292
0,0,0.239433
0,0,0.239709
0,0,0.239748
0,0,0.239752
0,0,0.239784
0,0,0.239978
0,0,0.240726
0,0,0.240829
0,0,0.241472
0,0,0.241823
0,0,0.242134
0,0,0.242367
0,0,0.242406
0,0,0.242721
0,0,0.243783
0,0,0.244337
0,0,0.244495
0,0,0.244664
0,0,0.245136
0,0,0.245392
0,0,0.245416
0,0,0.245498
0,0,0.245639
0,0,0.245792
0,0,0.245795
0,0,0.246009
0,0,0.246146
0,0,0.246256
0,0,0.246396
0,0,0.246545
0,0,0.24694
0,0,0.246956
0,0,0.247204
0,0,0.24759
0,0,0.247711
0,0,0.248216
0,0,0.249605
0,0,0.249959
0,0,0.250128
0,0,0.250284
0,0,0.250559
0,0,0.250656
0,0,0.251023
0,0,0.251539
0,0,0.251709
0,0,0.252045
0,0,0.252103
0,0,0.25254
0,0,0.252679
0,0,0.253002
0,0,0.253016
0,0,0.25313
0,0,0.254222
0,0,0.255002
0,0,0.255597
0,0,0.255635
0,0,0.256098
0,0,0.257638
0,0,0.258121
0,0,0.258825
0,0,0.258939
0,0,0.259033
0,0,0.25911
0,0,0.259772
0,0,0.259786
0,0,0.259896
0,0,0.26055
0,0,0.261081
0,0,0.261263
0,0,0.262661
0,0,0.262736
0,0,0.262963
0,0,0.263129
0,0,0.263217
0,0,0.264027
0,0,0.264474
0,0,0.264762
0,0,0.264786
0,0,0.264845
0,0,0.265428
0,0,0.265522
0,0,0.266483
0,0,0.266828
0,0,0.267015
0,0,0.267087
0,0,0.267109
0,0,0.267352
0,0,0.267353
0,0,0.268102
0,0,0.268679
0,0,0.269777
0,0,0.270535
0,0,0.270691
0,0,0.271381
0,0,0.271648
0,0,0.272198
0,0,0.27226
0,0,0.2729
0,0,0.272906
0,0,0.273058
0,0,0.274221
0,0,0.27506
0,0,0.275697
0,0,0.27574
0,0,0.277048
0,0,0.277452
0,0,0.278071
0,0,0.278168
0,0,0.2789
0,0,0.279531
0,0,0.280336
0,0,0.280739
0,0,0.281159
0,0,0.282082
0,0,0.28251
0,0,0.284105
0,0,0.284139
0,0,0.284365
0,0,0.28462
0,0,0.285414
0,0,0.285452
0,0,0.285669
0,0,0.287617
0,0,0.288831
0,0,0.288889
0,0,0.289265
0,0,0.290898
0,0,0.291418
0,0,0.292014
0,0,0.29233
0,0,0.294905
0,0,0.295093
0,0,0.296864
0,0,0.296926
0,0,0.297034
0,0,0.297324
0,0,0.29829
0,0,0.298712
0,0,0.299363
0,0,0.299663
0,0,0.299841
0,0,0.300338
0,0,0.300436
0,0,0.302557
0,0,0.303837
0,0,0.305214
0,0,0.305405
0,0,0.305918
0,0,0.308675
0,0,0.309119
0,0,0.309309
0,0,0.311416
0,0,0.313494
0,0,0.313859
0,0,0.314461
0,0,0.316152
0,0,0.316641
0,0,0.317027
0,0,0.317507
0,0,0.318071
0,0,0.318682
0,0,0.31899
0,0,0.319887
0,0,0.320367
0,0,0.320509
0,0,0.32266
0,0,0.323051
0,0,0.323089
0,0,0.323623
0,0,0.324003
0,0,0.325415
0,0,0.326736
0,0,0.327402
0,0,0.329537
0,0,0.332107
0,0,0.332147
0,0,0.332542
0,0,0.333137
0,0,0.333522
0,0,0.33669
0,0,0.337377
0,0,0.338865
0,0,0.339721
0,0,0.342148
0,0,0.342171
0,0,0.342214
0,0,0.342613
0,0,0.343888
0,0,0.344892
0,0,0.344977
0,0,0.345047
0,0,0.345633
0,0,0.347612
0,0,0.350856
0,0,0.352908
0,0,0.354501
0,0,0.355841
0,0,0.356094
0,0,0.356726
0,0,0.358441
0,0,0.359309
0,0,0.362101
0,0,0.363481
0,0,0.364366
0,0,0.3675
0,0,0.370343
0,0,0.370833
0,0,0.371773
0,0,0.372342
0,0,0.373203
0,0,0.374023
0,0,0.375574
0,0,0.37641
0,0,0.377368
0,0,0.379815
0,0,0.380447
0,0,0.382216
0,0,0.384434
0,0,0.388106
0,0,0.389352
0,0,0.390259
0,0,0.392415
0,0,0.39292
0,0,0.393101
0,0,0.393436
0,0,0.394053
0,0,0.396439
0,0,0.397062
0,0,0.399264
0,0,0.400449
0,0,0.404037
0,0,0.406702
0,0,0.406932
0,0,0.407146
0,0,0.407853
0,0,0.408427
0,0,0.409217
0,0,0.409869
0,0,0.411123
0,0,0.413472
0,0,0.415196
0,0,0.416298
0,0,0.42186
0,0,0.42522
0,0,0.43354
0,0,0.435311
0,0,0.437709
0,0,0.439643
0,0,0.440348
0,0,0.441681
0,0,0.449409
0,0,0.450528
0,0,0.458106
0,0,0.460937
0,0,0.461461
0,0,0.463613
0,0,0.47027
0,0,0.474191
0,0,0.474622
0,0,0.47708
0,0,0.477264
0,0,0.479273
0,0,0.482892
0,0,0.492682
0,0,0.493501
0,0,0.493876
0,0,0.496591
0,0,0.496818
0,0,0.501775
0,0,0.502848
0,0,0.50755
0,0,0.50821
0,0,0.509799
0,0,0.510387
0,0,0.510736
0,0,0.522
0,0,0.522655
0,0,0.523029
0,0,0.523116
0,0,0.526422
0,0,0.53173
0,0,0.532556
0,0,0.539362
0,0,0.539832
0,0,0.540053
0,0,0.546082
0,0,0.549296
0,0,0.561582
0,0,0.562172
0,0,0.571219
0,0,0.575831
0,0,0.580566
0,0,0.600185
0,0,0.606431
0,0,0.647108
0,0,0.651825
0,0,0.657205
0,0,0.669863
0,0,0.672692
0,0,0.682516
0,0,0.71111
0,0,0.777088
0,0,0.792521
0,0,0.794556
0,0,0.802596
0,0,0.808337
0,0,0.826963
0,0,0.934777
0,0,0.966809
0,0,3
1,1.42335,1.45397
1,1.33038,1.46445
1,1.19876,1.25039
1,1.1527,1.35343
1,1.04512,1.3724
1,1.02723,1.12324
1,0.982859,1.00727
1,0.967043,1.00994
1,0.966344,1.02704
1,0.961809,1.05257
1,0.933427,1.60714
1,0.932632,1.23421
1,0.924448,1.09161
1,0.89083,0.898132
1,0.846162,0.889564
1,0.814616,0.901634
1,0.765812,0.873477
1,0.757814,0.900533
1,0.755238,0.810999
1,0.752621,0.759316
1,0.751788,0.755345
1,0.745666,0.819352
1,0.745015,0.986895
1,0.735807,0.863926
1,0.73383,1.06592
1,0.730797,0.807665
1,0.730655,0.745834
1,0.727472,0.787761
1,0.727183,0.88243
1,0.719386,0.733794
1,0.701964,0.723719
1,0.685736,0.826421
1,0.683532,0.69448
1,0.663929,0.839663
1,0.660185,0.755511
1,0.658442,0.767598
1,0.657925,0.689229
1,0.656417,0.714528
1,0.654151,0.675032
1,0.643273,0.845478
1,0.629074,0.629909
1,0.627765,0.786554
1,0.613578,0.631233
1,0.61169,0.629061
1,0.607337,0.674137
1,0.602481,0.744723
1,0.601608,1.04049
1,0.601205,0.806378
1,0.599647,0.647575
1,0.596599,0.624431
1,0.594354,0.675696
1,0.584775,0.651903
1,0.576226,0.718871
1,0.575461,0.621086
1,0.573319,0.649365
1,0.572911,0.591682
1,0.570356,0.821979
1,0.56975,0.660684
1,0.560818,0.631064
1,0.559854,0.565939
1,0.559403,0.799304
1,0.55669,0.959454
1,0.55578,1.13761
1,0.55558,0.652638
1,0.553786,1.00727
1,0.552593,0.63022
1,0.54811,0.58311
1,0.54778,0.549879
1,0.543275,0.589237
1,0.541863,0.63528
1,0.539774,0.605975
1,0.537613,0.650694
1,0.532161,0.61389
1,0.531724,0.531902
1,0.531695,0.576215
1,0.520905,0.578551
1,0.516792,0.591446
1,0.506339,0.746631
1,0.496542,0.573796
1,0.495268,0.553441
1,0.494657,0.506484
1,0.492348,0.556657
1,0.491476,0.549033
1,0.488502,0.528196
1,0.486509,0.584225
1,0.4863,0.682376
1,0.482521,0.553024
1,0.480442,0.506022
1,0.479602,0.691366
1,0.478937,0.636984
1,0.477446,0.58149
1,0.473324,0.503341
1,0.473056,0.478384
1,0.47224,0.597496
1,0.470915,0.484817
1,0.467647,0.575635
1,0.466021,0.470757
1,0.461671,0.502687
1,0.459821,0.498763
1,0.454581,0.482573
1,0.453446,0.545862
1,0.451559,0.516594
1,0.451118,0.46811
1,0.448311,0.54009
1,0.44728,0.517238
1,0.447115,0.510217
1,0.445841,0.699532
1,0.444632,0.480936
1,0.442439,0.636382
1,0.441092,0.741336
1,0.432828,0.608226
1,0.429576,0.444795
1,0.428052,0.440821
1,0.423999,0.47782
1,0.422779,0.464672
1,0.421424,0.517051
1,0.420504,0.567973
1,0.420152,0.430268
1,0.419498,0.427578
1,0.417981,0.421296
1,0.417591,0.419242
1,0.41753,0.429018
1,0.410469,0.449985
1,0.410186,0.477977
1,0.407994,0.416624
1,0.406609,0.427679
1,0.405989,0.713807
1,0.404939,0.546241
1,0.403449,0.445808
1,0.403301,0.456533
1,0.402404,0.425923
1,0.400894,0.622956
1,0.398394,0.400874
1,0.398297,0.516397
1,0.397738,0.427475
1,0.396375,0.431992
1,0.395336,0.409819
1,0.393799,0.477578
1,0.393287,0.482809
1,0.391891,0.447776
1,0.390208,0.419825
1,0.390133,0.432112
1,0.389308,0.434078
1,0.38724,0.463691
1,0.386903,0.421331
1,0.386625,0.593286
1,0.384163,0.446188
1,0.380165,0.394818
1,0.377085,0.425501
1,0.376838,0.403097
1,0.373749,0.393121
1,0.373525,0.399448
1,0.373346,0.40439
1,0.37182,0.418703
1,0.371568,0.390988
1,0.370568,0.388746
1,0.369877,0.423041
1,0.369698,0.438496
1,0.367864,0.463454
1,0.367586,0.406345
1,0.36666,0.411756
1,0.366197,0.394434
1,0.365692,0.425813
1,0.364568,0.397468
1,0.363211,0.388441
1,0.363071,0.366746
1,0.362946,0.379406
1,0.362589,0.364739
1,0.362555,0.446495
1,0.360167,0.377944
1,0.360155,0.373414
1,0.359869,0.474919
1,0.35967,0.398043
1,0.358975,0.369575
1,0.358788,0.408964
1,0.358582,0.381607
1,0.358041,0.430109
1,0.357402,0.377832
1,0.356338,0.424395
1,0.356237,0.399128
1,0.355669,0.404023
1,0.355186,0.411728
1,0.354725,0.537088
1,0.352181,0.477991
1,0.352174,0.368815
1,0.351533,0.423732
1,0.351527,0.372679
1,0.350711,0.369754
1,0.350121,0.417459
1,0.349705,0.392785
1,0.349101,0.354613
1,0.348852,0.381296
1,0.344719,0.365758
1,0.344291,0.378151
1,0.344194,0.349117
1,0.343746,0.403713
1,0.340936,0.383579
1,0.339891,0.342478
1,0.339795,0.340778
1,0.339618,0.387187
1,0.338786,0.574328
1,0.338766,0.424764
1,0.337692,0.359454
1,0.337206,0.338913
1,0.337088,0.3657
1,0.336697,0.339726
1,0.336177,0.344435
1,0.336134,0.483981
1,0.335937,0.365982
1,0.33503,0.460706
1,0.333908,0.448583
1,0.333906,0.41027
1,0.333705,0.352142
1,0.332994,0.435505
1,0.331057,0.33482
1,0.329918,0.338968
1,0.328861,0.333887
1,0.327917,0.369598
1,0.324617,0.387735
1,0.32321,0.408899
1,0.323209,0.425515
1,0.322381,0.326076
1,0.321035,0.373469
1,0.320652,0.418079
1,0.320523,0.531154
1,0.319245,0.385397
1,0.318793,0.421742
1,0.318755,0.400558
1,0.318212,0.383985
1,0.318008,0.485895
1,0.317977,0.324788
1,0.316334,0.329649
1,0.315631,0.320886
1,0.315439,0.374396
1,0.314317,0.39216
1,0.313528,0.350562
1,0.31343,0.343598
1,0.31321,0.403109
1,0.312804,0.329835
1,0.312427,0.360965
1,0.311718,0.328198
1,0.311714,0.37752
1,0.307996,0.375966
1,0.306989,0.356531
1,0.306898,0.407912
1,0.306613,0.371346
1,0.305517,0.308255
1,0.304528,0.312829
1,0.304493,0.405001
1,0.303459,0.322875
1,0.302802,0.406178
1,0.301697,0.307662
1,0.300999,0.349461
1,0.300299,0.316123
1,0.299828,0.312761
1,0.298784,0.389369
1,0.298584,0.486375
1,0.296994,0.420236
1,0.296744,0.315658
1,0.296464,0.297726
1,0.296024,0.362287
1,0.295915,0.453066
1,0.29577,0.30252
1,0.294199,0.41703
1,0.293777,0.294008
1,0.293086,0.571538
1,0.292563,0.331139
1,0.292336,0.296736
1,0.291709,0.360509
1,0.291661,0.504401
1,0.291314,0.362468
1,0.289528,0.451918
1,0.289303,0.293151
1,0.288374,0.288519
1,0.288369,0.323148
1,0.287167,0.30727
1,0.286934,0.297628
1,0.286127,0.387655
1,0.285383,0.417322
1,0.2847,0.326506
1,0.284581,0.288792
1,0.284212,0.353423
1,0.282141,0.310703
1,0.282135,0.296252
1,0.281795,0.340053
1,0.281503,0.289562
1,0.280908,0.313084
1,0.280078,0.292192
1,0.279538,0.319046
1,0.278736,0.326414
1,0.278066,0.320546
1,0.276457,0.28457
1,0.27577,0.290926
1,0.27496,0.309484
1,0.273486,0.30933
1,0.273341,0.405282
1,0.273311,0.285184
1,0.270368,0.29467
1,0.269998,0.295625
1,0.269434,0.270144
1,0.269291,0.30322
1,0.269109,0.28781
1,0.268064,0.268786
1,0.267477,0.357146
1,0.266095,0.2747
1,0.265744,0.283653
1,0.264971,0.328573
1,0.264422,0.28457
1,0.264417,0.268206
1,0.264068,0.314499
1,0.263636,0.305571
1,0.263626,0.317914
1,0.263434,0.417213
1,0.262959,0.385397
1,0.26229,0.463466
1,0.262017,0.300674
1,0.261705,0.317526
1,0.261678,0.274286
1,0.261605,0.380078
1,0.260479,0.261779
1,0.260081,0.326072
1,0.259368,0.262634
1,0.258648,0.276914
1,0.258579,0.286823
1,0.258301,0.321871
1,0.258131,0.363302
1,0.257375,0.293998
1,0.257344,0.284756
1,0.257333,0.323148
1,0.256572,0.289019
1,0.256169,0.272433
1,0.254643,0.264611
1,0.252942,0.307064
1,0.250947,0.343605
1,0.249806,0.24991
1,0.24953,0.384152
1,0.24938,0.259589
1,0.248684,0.264023
1,0.248424,0.337848
1,0.248182,0.340347
1,0.247917,0.273443
1,0.247326,0.270576
1,0.246781,0.304102
1,0.246185,0.262531
1,0.244352,0.267748
1,0.244316,0.250239
1,0.24408,0.258818
1,0.243711,0.265353
1,0.243064,0.370844
1,0.24271,0.310777
1,0.242537,0.353445
1,0.241515,0.280401
1,0.241324,0.383328
1,0.24088,0.31457
1,0.239918,0.317474
1,0.239792,0.257247
1,0.239005,0.254754
1,0.238908,0.278111
1,0.23793,0.393373
1,0.236843,0.251747
1,0.236585,0.288488
1,0.235979,0.242509
1,0.235404,0.288798
1,0.23532,0.25187
1,0.234605,0.247884
1,0.233879,0.251906
1,0.233614,0.259045
1,0.233381,0.25523
1,0.23256,0.25102
1,0.231528,0.231636
1,0.229322,0.236467
1,0.227331,0.283601
1,0.226866,0.277212
1,0.226508,0.299147
1,0.226468,0.329298
1,0.225311,0.227951
1,0.224414,0.235446
1,0.221281,0.229344
1,0.221055,0.23685
1,0.220874,0.270722
1,0.220283,0.220781
1,0.219794,0.335991
1,0.219427,0.256789
1,0.219262,0.229632
1,0.218328,0.256254
1,0.218266,0.287738
1,0.216538,0.239106
1,0.21595,0.216653
1,0.215647,0.261091
1,0.214546,0.273608
1,0.213055,0.220746
1,0.212815,0.241106
1,0.211828,0.418249
1,0.211569,0.237369
1,0.210796,0.227142
1,0.210594,0.342633
1,0.210208,0.263679
1,0.209945,0.22881
1,0.209537,0.210648
1,0.207735,0.221429
1,0.207324,0.216236
1,0.207096,0.217969
1,0.204718,0.256183
1,0.204167,0.236806
1,0.204066,0.215985
1,0.203188,0.219627
1,0.201984,0.294566
1,0.201458,0.207882
1,0.201312,0.22564
1,0.20078,0.2299
1,0.200638,0.213499
1,0.199715,0.263252
1,0.199264,0.205144
1,0.19817,0.226006
1,0.194843,0.23042
1,0.193601,0.239383
1,0.193473,0.193844
1,0.192872,0.226507
1,0.19254,0.226243
1,0.192483,0.256265
1,0.192305,0.271433
1,0.192278,0.197119
1,0.192089,0.196364
1,0.191598,0.228529
1,0.191445,0.24256
1,0.190695,0.199053
1,0.19037,0.238813
1,0.190252,0.256467
1,0.189719,0.253602
1,0.188679,0.198733
1,0.188504,0.208152
1,0.188041,0.213977
1,0.18724,0.205637
1,0.187127,0.217319
1,0.1867,0.198401
1,0.184037,0.236355
1,0.183784,0.196536
1,0.183494,0.190204
1,0.183451,0.293118
1,0.181855,0.201137
1,0.180773,0.189152
1,0.180708,0.182737
1,0.180684,0.198976
1,0.178824,0.202825
1,0.178195,0.240038
1,0.177459,0.17934
1,0.176249,0.217308
1,0.17471,0.182494
1,0.174034,0.213928
1,0.173835,0.174468
1,0.173558,0.227774
1,0.173379,0.176266
1,0.173011,0.227414
1,0.171587,0.208023
1,0.171477,0.189386
1,0.170867,0.218443
1,0.170832,0.171338
1,0.170219,0.176655
1,0.169788,0.176991
1,0.169689,0.227773
1,0.169523,0.228241
1,0.169241,0.211225
1,0.16871,0.17843
1,0.167676,0.17109
1,0.167181,0.206925
1,0.166527,0.167865
1,0.166509,0.167744
1,0.166509,0.18229
1,0.166366,0.219274
1,0.164254,0.26014
1,0.164179,0.190237
1,0.16137,0.188483
1,0.161051,0.1983
1,0.160689,0.224627
1,0.158573,0.169361
1,0.157078,0.176108
1,0.15584,0.179167
1,0.155243,0.191206
1,0.154385,0.213473
1,0.154323,0.183225
1,0.154233,0.20593
1,0.153541,0.155777
1,0.152007,0.158062
1,0.149451,0.198897
1,0.149092,0.168306
1,0.148724,0.150063
1,0.148435,0.201164
1,0.148298,0.165428
1,0.147776,0.152596
1,0.147253,0.170151
1,0.147173,0.173216
1,0.147087,0.171357
1,0.146619,0.20601
1,0.146028,0.186825
1,0.144871,0.17013
1,0.144587,0.200035
1,0.143659,0.186176
1,0.142658,0.176829
1,0.142638,0.148663
1,0.141017,0.202491
1,0.140823,0.151566
1,0.140815,0.162026
1,0.140567,0.158579
1,0.14049,0.14123
1,0.139975,0.147726
1,0.139678,0.145627
1,0.139432,0.164132
1,0.13906,0.157075
1,0.138145,0.143255
1,0.137181,0.144791
1,0.137161,0.220125
1,0.134876,0.159643
1,0.134247,0.156539
1,0.13269,0.136369
1,0.129815,0.145818
1,0.129591,0.140964
1,0.128974,0.133329
1,0.128974,0.159551
1,0.128512,0.133287
1,0.126768,0.139578
1,0.126451,0.137904
1,0.125233,0.12612
1,0.125012,0.14017
1,0.124241,0.165365
1,0.123599,0.140807
1,0.122547,0.125412
1,0.122406,0.156003
1,0.121517,0.146344
1,0.121458,0.129265
1,0.120346,0.137654
1,0.120328,0.120536
1,0.119742,0.130532
1,0.119336,0.136218
1,0.11873,0.133146
1,0.118054,0.142017
1,0.117945,0.142183
1,0.117152,0.123534
1,0.117118,0.12211
1,0.117071,0.196373
1,0.1155,0.13236
1,0.115286,0.1299
1,0.114243,0.127056
1,0.114196,0.136983
1,0.113896,0.135568
1,0.113815,0.122804
1,0.113352,0.139989
1,0.112954,0.139904
1,0.111501,0.113257
1,0.1105,0.136903
1,0.109982,0.11118
1,0.108864,0.121267
1,0.108576,0.109749
1,0.10841,0.114937
1,0.107826,0.140447
1,0.106771,0.14609
1,0.106624,0.12078
1,0.106461,0.137619
1,0.105586,0.124591
1,0.1051,0.10938
1,0.104945,0.118385
1,0.101637,0.106677
1,0.100708,0.10388
1,0.0990616,0.107148
1,0.0966869,0.106661
1,0.0966013,0.113868
1,0.0953077,0.116497
1,0.0950454,0.124057
1,0.0947972,0.0981324
1,0.0945538,0.0946236
1,0.0945366,0.110698
1,0.0930929,0.0979866
1,0.090897,0.0937127
1,0.0894694,0.107283
1,0.0892707,0.111435
1,0.0887118,0.094238
1,0.0859658,0.115651
1,0.0850679,0.0991678
1,0.0847164,0.0850871
1,0.0844053,0.107728
1,0.0844021,0.106044
1,0.0843171,0.091642
1,0.0836778,0.0848925
1,0.0819625,0.106071
1,0.0810982,0.0838434
1,0.0805589,0.11047
1,0.0803497,0.107739
1,0.0792562,0.0881867
1,0.0759805,0.0992062
1,0.0734192,0.0808665
1,0.0727256,0.0743763
1,0.0695975,0.0743763
1,0.067353,0.0881527
1,0.0668944,0.0789865
1,0.0653835,0.0728088
1,0.0603441,0.0607709
1,0.0551105,0.0595552
1,0.0500493,0.0556256
2,1.49872,1.53052
2,1.36372,1.40078
2,0.986895,1.02353
2,0.970018,0.996908
2,0.911243,0.922729
2,0.90349,0.963342
2,0.882221,1.01187
2,0.848458,0.864549
2,0.838369,0.894866
2,0.836353,0.870787
2,0.831472,0.935883
2,0.82448,0.94375
2,0.799304,0.803698
2,0.773867,0.783594
2,0.737133,0.779583
2,0.706014,0.715792
2,0.648206,0.683606
2,0.644828,0.730253
2,0.642815,0.647817
2,0.641053,0.643466
2,0.617603,0.63186
2,0.599033,0.649942
2,0.598584,0.603687
2,0.591134,0.633108
2,0.576808,0.637373
2,0.56082,0.569389
2,0.536852,0.571268
2,0.531656,0.559461
2,0.528541,0.557716
2,0.51504,0.530413
2,0.498138,0.573322
2,0.48734,0.48877
2,0.486891,0.492105
2,0.483998,0.530378
2,0.471813,0.498902
2,0.463992,0.47081
2,0.462407,0.478971
2,0.459392,0.463076
2,0.455291,0.49251
2,0.455034,0.463477
2,0.451844,0.459119
2,0.447994,0.449496
2,0.444324,0.476902
2,0.438873,0.462122
2,0.435221,0.440353
2,0.434759,0.44475
2,0.426008,0.484691
2,0.415264,0.438427
2,0.412038,0.430903
2,0.405086,0.40626
2,0.396385,0.407275
2,0.396045,0.412445
2,0.38812,0.452027
2,0.385603,0.38827
2,0.383609,0.407582
2,0.377393,0.394539
2,0.376211,0.379021
2,0.373469,0.37798
2,0.366452,0.378535
2,0.361229,0.370486
2,0.350706,0.384453
2,0.350665,0.379766
2,0.347209,0.357384
2,0.344413,0.361566
2,0.34379,0.347945
2,0.33747,0.341133
2,0.329961,0.331375
2,0.327906,0.340365
2,0.322412,0.331809
2,0.314277,0.328434
2,0.31061,0.310871
2,0.309527,0.31671
2,0.307964,0.339174
2,0.304102,0.318741
2,0.295963,0.341975
2,0.287546,0.289816
2,0.283398,0.312848
2,0.266765,0.28087
2,0.266448,0.270207
2,0.241517,0.249627
2,0.239796,0.251024
2,0.235828,0.237309
2,0.229774,0.237797
2,0.22564,0.22892
2,0.217986,0.25269
2,0.217886,0.236575
2,0.216423,0.221912
2,0.215039,0.218886
2,0.196634,0.222793
2,0.188452,0.203821
2,0.176166,0.183334
2,0.16951,0.184952
2,0.147775,0.152753
2,0.135093,0.150048
2,0.124261,0.128716
2,0.116634,0.11702
2,0.109679,0.112499
