point cloud with 1201 points in dimension 3
0,0,0.00984513
0,0,0.0105057
0,0,0.0119667
0,0,0.0143014
0,0,0.0150502
0,0,0.0156801
0,0,0.0174433
0,0,0.0205661
0,0,0.0207547
0,0,0.021993
0,0,0.0233783
0,0,0.0234066
0,0,0.0239797
0,0,0.024584
0,0,0.024661
0,0,0.0249107
0,0,0.0251637
0,0,0.0255337
0,0,0.0265782
0,0,0.0266307
0,0,0.027153
0,0,0.0292427
0,0,0.0294986
0,0,0.029514
0,0,0.0298393
0,0,0.0301945
0,0,0.0303869
0,0,0.031016
0,0,0.0316956
0,0,0.0318507
0,0,0.0322813
0,0,0.0323684
0,0,0.0328245
0,0,0.0329602
0,0,0.0330805
0,0,0.0334619
0,0,0.0337234
0,0,0.033824
0,0,0.0344755
0,0,0.0346855
0,0,0.034815
0,0,0.034853
0,0,0.0352587
0,0,0.0353479
0,0,0.0353833
0,0,0.036008
0,0,0.0363575
0,0,0.0364558
0,0,0.0368252
0,0,0.0370487
0,0,0.0373648
0,0,0.0377366
0,0,0.0377488
0,0,0.0383405
0,0,0.0387206
0,0,0.0396067
0,0,0.0402323
0,0,0.0405598
0,0,0.0411832
0,0,0.0414117
0,0,0.0414289
0,0,0.0415739
0,0,0.0416175
0,0,0.0416337
0,0,0.0417334
0,0,0.0417372
0,0,0.0419225
0,0,0.0420164
0,0,0.0421414
0,0,0.0422479
0,0,0.042401
0,0,0.0424758
0,0,0.0427179
0,0,0.0429197
0,0,0.0430678
0,0,0.0431215
0,0,0.043164
0,0,0.0432358
0,0,0.0433721
0,0,0.0435539
0,0,0.0439999
0,0,0.0443812
0,0,0.0444684
0,0,0.0444833
0,0,0.0447694
0,0,0.0448059
0,0,0.0451033
0,0,0.0451567
0,0,0.045212
0,0,0.0456366
0,0,0.0457866
0,0,0.0459604
0,0,0.0459835
0,0,0.0460015
0,0,0.0462891
0,0,0.0464095
0,0,0.0468363
0,0,0.0470878
0,0,0.0473054
0,0,0.0477688
0,0,0.047983
0,0,0.0482789
0,0,0.0484285
0,0,0.048461
0,0,0.04849
0,0,0.0488706
0,0,0.0490789
0,0,0.0491265
0,0,0.0492639
0,0,0.0493933
0,0,0.0494835
0,0,0.0494861
0,0,0.0496601
0,0,0.0496856
0,0,0.0500555
0,0,0.050149
0,0,0.0501941
0,0,0.0503435
0,0,0.0505781
0,0,0.0506357
0,0,0.0511653
0,0,0.0512183
0,0,0.0514321
0,0,0.0517053
0,0,0.051711
0,0,0.0518409
0,0,0.0519924
0,0,0.052117
0,0,0.0522551
0,0,0.0523316
0,0,0.052772
0,0,0.0528389
0,0,0.0529938
0,0,0.0531099
0,0,0.0531207
0,0,0.0531805
0,0,0.0533105
0,0,0.0533778
0,0,0.0536553
0,0,0.0538553
0,0,0.0539617
0,0,0.0542505
0,0,0.0543737
0,0,0.0546607
0,0,0.0551137
0,0,0.0551397
0,0,0.0553956
0,0,0.0560629
0,0,0.056109
0,0,0.0561569
0,0,0.0563163
0,0,0.0564545
0,0,0.0567443
0,0,0.0567833
0,0,0.0568414
0,0,0.0573824
0,0,0.0574744
0,0,0.0574904
0,0,0.0576529
0,0,0.0580391
0,0,0.0580834
0,0,0.0582742
0,0,0.0582747
0,0,0.0584845
0,0,0.0586071
0,0,0.0587005
0,0,0.0589062
0,0,0.0590809
0,0,0.059233
0,0,0.0592426
0,0,0.0593326
0,0,0.0601092
0,0,0.0601917
0,0,0.0603264
0,0,0.0608808
0,0,0.061232
0,0,0.0614636
0,0,0.0616409
0,0,0.0616531
0,0,0.06218
0,0,0.0621848
0,0,0.0622068
0,0,0.0628679
0,0,0.0628766
0,0,0.062891
0,0,0.0629744
0,0,0.0633036
0,0,0.0633284
0,0,0.0634454
0,0,0.0640002
0,0,0.0640595
0,0,0.0646105
0,0,0.0647951
0,0,0.0648061
0,0,0.0648778
0,0,0.0649248
0,0,0.0649374
0,0,0.0650173
0,0,0.0654599
0,0,0.0656475
0,0,0.0657456
0,0,0.0658746
0,0,0.0662587
0,0,0.066297
0,0,0.0663331
0,0,0.0663496
0,0,0.0669813
0,0,0.0670565
0,0,0.067155
0,0,0.0677729
0,0,0.0682834
0,0,0.0683917
0,0,0.0684448
0,0,0.0687037
0,0,0.0687311
0,0,0.0688286
0,0,0.0690541
0,0,0.0692353
0,0,0.069268
0,0,0.069453
0,0,0.0697546
0,0,0.0700053
0,0,0.070127
0,0,0.0702045
0,0,0.0702489
0,0,0.0703802
0,0,0.0711529
0,0,0.0714139
0,0,0.0715355
0,0,0.0716268
0,0,0.0717959
0,0,0.0719593
0,0,0.0722791
0,0,0.072406
0,0,0.072649
0,0,0.0728931
0,0,0.0729594
0,0,0.0729926
0,0,0.0732691
0,0,0.0737456
0,0,0.0739658
0,0,0.0742512
0,0,0.0745116
0,0,0.0747172
0,0,0.0749597
0,0,0.0749999
0,0,0.075083
0,0,0.0752675
0,0,0.0757068
0,0,0.075763
0,0,0.0758089
0,0,0.0759712
0,0,0.0760277
0,0,0.0761009
0,0,0.0761042
0,0,0.0767881
0,0,0.0769161
0,0,0.0773233
0,0,0.0773651
0,0,0.0773904
0,0,0.077498
0,0,0.0776119
0,0,0.0776131
0,0,0.0776579
0,0,0.0777631
0,0,0.0778885
0,0,0.0779103
0,0,0.0784035
0,0,0.0785801
0,0,0.0786247
0,0,0.0787033
0,0,0.0787316
0,0,0.0792857
0,0,0.0793616
0,0,0.0793892
0,0,0.079501
0,0,0.0797786
0,0,0.0798919
0,0,0.0799558
0,0,0.0801944
0,0,0.0802952
0,0,0.0803234
0,0,0.0803979
0,0,0.0808267
0,0,0.0812008
0,0,0.0812028
0,0,0.0812477
0,0,0.0813377
0,0,0.0815182
0,0,0.081692
0,0,0.0818883
0,0,0.0819252
0,0,0.081942
0,0,0.0821441
0,0,0.0821461
0,0,0.0823105
0,0,0.0824595
0,0,0.0824795
0,0,0.0824939
0,0,0.0825172
0,0,0.0825283
0,0,0.0825352
0,0,0.0825657
0,0,0.0826461
0,0,0.0828288
0,0,0.0828702
0,0,0.0828956
0,0,0.0830556
0,0,0.0837127
0,0,0.0837656
0,0,0.0840111
0,0,0.0841889
0,0,0.0842988
0,0,0.0843977
0,0,0.0844734
0,0,0.0846706
0,0,0.084748
0,0,0.0847639
0,0,0.0847662
0,0,0.0848806
0,0,0.0850696
0,0,0.0851992
0,0,0.0853733
0,0,0.0854984
0,0,0.0855313
0,0,0.0857879
0,0,0.0861549
0,0,0.0863088
0,0,0.0863235
0,0,0.0863616
0,0,0.0864166
0,0,0.0864751
0,0,0.0865099
0,0,0.086738
0,0,0.0868148
0,0,0.087014
0,0,0.0871619
0,0,0.0871916
0,0,0.0873022
0,0,0.0876685
0,0,0.0880705
0,0,0.0884866
0,0,0.0886548
0,0,0.088754
0,0,0.0891652
0,0,0.0892432
0,0,0.0900352
0,0,0.0901618
0,0,0.0901685
0,0,0.0905362
0,0,0.0906791
0,0,0.0908587
0,0,0.0911083
0,0,0.0912116
0,0,0.0912846
0,0,0.091392
0,0,0.091406
0,0,0.0915243
0,0,0.0917264
0,0,0.0917768
0,0,0.0919764
0,0,0.0921366
0,0,0.092181
0,0,0.0929067
0,0,0.09297
0,0,0.0931306
0,0,0.0933146
0,0,0.093521
0,0,0.0937456
0,0,0.0938884
0,0,0.0938909
0,0,0.0941455
0,0,0.0942321
0,0,0.0942584
0,0,0.094304
0,0,0.0944254
0,0,0.0951066
0,0,0.0951151
0,0,0.0952023
0,0,0.0952315
0,0,0.095361
0,0,0.0955152
0,0,0.0955886
0,0,0.0956538
0,0,0.0960116
0,0,0.0961661
0,0,0.0964197
0,0,0.0965877
0,0,0.0966229
0,0,0.0967485
0,0,0.0968768
0,0,0.0968785
0,0,0.0969671
0,0,0.0970318
0,0,0.097137
0,0,0.0974497
0,0,0.0979917
0,0,0.0982574
0,0,0.0985933
0,0,0.0986926
0,0,0.0988398
0,0,0.0988929
0,0,0.0989313
0,0,0.0990505
0,0,0.0991061
0,0,0.0992669
0,0,0.0994149
0,0,0.0994557
0,0,0.0997222
0,0,0.0999072
0,0,0.10031
0,0,0.100355
0,0,0.100634
0,0,0.100885
0,0,0.101373
0,0,0.101377
0,0,0.101609
0,0,0.101714
0,0,0.10183
0,0,0.102044
0,0,0.102127
0,0,0.102282
0,0,0.102618
0,0,0.10268
0,0,0.102832
0,0,0.103099
0,0,0.103404
0,0,0.103438
0,0,0.10353
0,0,0.103628
0,0,0.103693
0,0,0.103706
0,0,0.103807
0,0,0.103872
0,0,0.103905
0,0,0.10393
0,0,0.104086
0,0,0.104089
0,0,0.104482
0,0,0.104658
0,0,0.104913
0,0,0.105122
0,0,0.105226
0,0,0.10528
0,0,0.105708
0,0,0.106371
0,0,0.106417
0,0,0.106616
0,0,0.106763
0,0,0.107021
0,0,0.107207
0,0,0.107288
0,0,0.107401
0,0,0.107431
0,0,0.107441
0,0,0.108089
0,0,0.108188
0,0,0.10833
0,0,0.10864
0,0,0.108872
0,0,0.108975
0,0,0.109055
0,0,0.109175
0,0,0.109348
0,0,0.10965
0,0,0.109665
0,0,0.109841
0,0,0.109874
0,0,0.109981
0,0,0.110243
0,0,0.110282
0,0,0.110322
0,0,0.11052
0,0,0.11196
0,0,0.112219
0,0,0.112273
0,0,0.112563
0,0,0.112964
0,0,0.11312
0,0,0.113173
0,0,0.113402
0,0,0.113459
0,0,0.113525
0,0,0.113699
0,0,0.113897
0,0,0.114047
0,0,0.114096
0,0,0.114137
0,0,0.114188
0,0,0.114413
0,0,0.114639
0,0,0.114639
0,0,0.114939
0,0,0.115111
0,0,0.115138
0,0,0.115139
0,0,0.115387
0,0,0.115412
0,0,0.116262
0,0,0.116457
0,0,0.116506
0,0,0.116844
0,0,0.117287
0,0,0.117434
0,0,0.117532
0,0,0.118014
0,0,0.118207
0,0,0.118475
0,0,0.118597
0,0,0.118904
0,0,0.119114
0,0,0.119365
0,0,0.119399
0,0,0.119958
0,0,0.12089
0,0,0.121117
0,0,0.121138
0,0,0.121156
0,0,0.12134
0,0,0.121407
0,0,0.12177
0,0,0.121889
0,0,0.122243
0,0,0.122783
0,0,0.12298
0,0,0.123008
0,0,0.123087
0,0,0.123348
0,0,0.123504
0,0,0.123937
0,0,0.124
0,0,0.124446
0,0,0.124556
0,0,0.124657
0,0,0.124741
0,0,0.124985
0,0,0.125107
0,0,0.125203
0,0,0.125363
0,0,0.125531
0,0,0.125621
0,0,0.125645
0,0,0.125886
0,0,0.126056
0,0,0.126338
0,0,0.126383
0,0,0.126398
0,0,0.126418
0,0,0.126552
0,0,0.127333
0,0,0.127398
0,0,0.12745
0,0,0.127513
0,0,0.128078
0,0,0.128635
0,0,0.128789
0,0,0.12894
0,0,0.128948
0,0,0.129196
0,0,0.129199
0,0,0.12929
0,0,0.129546
0,0,0.129598
0,0,0.129822
0,0,0.129822
0,0,0.129944
0,0,0.130549
0,0,0.130736
0,0,0.130778
0,0,0.130887
0,0,0.131014
0,0,0.131117
0,0,0.131247
0,0,0.131435
0,0,0.131532
0,0,0.13154
0,0,0.13186
0,0,0.131999
0,0,0.132178
0,0,0.132362
0,0,0.132419
0,0,0.132804
0,0,0.132921
0,0,0.133147
0,0,0.133215
0,0,0.133414
0,0,0.13369
0,0,0.134316
0,0,0.134318
0,0,0.134824
0,0,0.134936
0,0,0.134951
0,0,0.135003
0,0,0.135045
0,0,0.135451
0,0,0.135595
0,0,0.135699
0,0,0.135889
0,0,0.135936
0,0,0.136445
0,0,0.136488
0,0,0.136496
0,0,0.136939
0,0,0.137286
0,0,0.13773
0,0,0.13792
0,0,0.138802
0,0,0.138977
0,0,0.13936
0,0,0.139383
0,0,0.139519
0,0,0.13997
0,0,0.140196
0,0,0.140424
0,0,0.140504
0,0,0.140679
0,0,0.141665
0,0,0.141743
0,0,0.14214
0,0,0.142475
0,0,0.142562
0,0,0.142581
0,0,0.143137
0,0,0.143154
0,0,0.143446
0,0,0.143876
0,0,0.144603
0,0,0.144735
0,0,0.144971
0,0,0.144992
0,0,0.145126
0,0,0.145424
0,0,0.145629
0,0,0.145779
0,0,0.14624
0,0,0.146647
0,0,0.146915
0,0,0.146946
0,0,0.147073
0,0,0.147774
0,0,0.147781
0,0,0.147992
0,0,0.148138
0,0,0.148446
0,0,0.148628
0,0,0.149054
0,0,0.149097
0,0,0.149607
0,0,0.149792
0,0,0.149806
0,0,0.150552
0,0,0.151626
0,0,0.151783
0,0,0.151936
0,0,0.152009
0,0,0.152085
0,0,0.152088
0,0,0.152222
0,0,0.152507
0,0,0.152715
0,0,0.15293
0,0,0.15333
0,0,0.153511
0,0,0.153952
0,0,0.154244
0,0,0.154582
0,0,0.154707
0,0,0.154759
0,0,0.154894
0,0,0.154987
0,0,0.155674
0,0,0.155739
0,0,0.155946
0,0,0.15628
0,0,0.156692
0,0,0.156882
0,0,0.157238
0,0,0.157893
0,0,0.158044
0,0,0.158377
0,0,0.15882
0,0,0.158823
0,0,0.159094
0,0,0.159101
0,0,0.159162
0,0,0.159242
0,0,0.159299
0,0,0.159299
0,0,0.159908
0,0,0.160257
0,0,0.160316
0,0,0.160534
0,0,0.160677
0,0,0.160723
0,0,0.16107
0,0,0.161476
0,0,0.162256
0,0,0.162391
0,0,0.162432
0,0,0.162513
0,0,0.162551
0,0,0.162581
0,0,0.162599
0,0,0.1629
0,0,0.162978
0,0,0.163897
0,0,0.16394
0,0,0.164602
0,0,0.164812
0,0,0.164847
0,0,0.165269
0,0,0.165405
0,0,0.16548
0,0,0.166216
0,0,0.166285
0,0,0.166422
0,0,0.166486
0,0,0.167122
0,0,0.167122
0,0,0.167455
0,0,0.168157
0,0,0.168611
0,0,0.168689
0,0,0.168931
0,0,0.170165
0,0,0.170571
0,0,0.170588
0,0,0.171078
0,0,0.171134
0,0,0.171225
0,0,0.171406
0,0,0.171677
0,0,0.172172
0,0,0.172188
0,0,0.172325
0,0,0.172779
0,0,0.173155
0,0,0.173337
0,0,0.173946
0,0,0.174245
0,0,0.174521
0,0,0.17479
0,0,0.174812
0,0,0.174953
0,0,0.175147
0,0,0.175261
0,0,0.175269
0,0,0.175838
0,0,0.175957
0,0,0.176258
0,0,0.17629
0,0,0.176871
0,0,0.177154
0,0,0.17727
0,0,0.177292
0,0,0.17773
0,0,0.177795
0,0,0.178289
0,0,0.178325
0,0,0.179104
0,0,0.179515
0,0,0.179659
0,0,0.180044
0,0,0.180089
0,0,0.180542
0,0,0.181148
0,0,0.18153
0,0,0.181612
0,0,0.181644
0,0,0.181857
0,0,0.181922
0,0,0.182164
0,0,0.182274
0,0,0.182375
0,0,0.182518
0,0,0.182989
0,0,0.183061
0,0,0.183387
0,0,0.184411
0,0,0.184487
0,0,0.184682
0,0,0.185742
0,0,0.186195
0,0,0.186415
0,0,0.186465
0,0,0.187864
0,0,0.187872
0,0,0.188034
0,0,0.188149
0,0,0.188156
0,0,0.189007
0,0,0.189116
0,0,0.1892
0,0,0.190002
0,0,0.190685
0,0,0.190779
0,0,0.190917
0,0,0.191092
0,0,0.191761
0,0,0.191874
0,0,0.192062
0,0,0.192144
0,0,0.192496
0,0,0.192832
0,0,0.193046
0,0,0.193279
0,0,0.194303
0,0,0.194582
0,0,0.194649
0,0,0.195511
0,0,0.195635
0,0,0.196002
0,0,0.196162
0,0,0.196463
0,0,0.197102
0,0,0.197359
0,0,0.197773
0,0,0.198601
0,0,0.198767
0,0,0.198833
0,0,0.199093
0,0,0.199399
0,0,0.199646
0,0,0.200301
0,0,0.201152
0,0,0.201282
0,0,0.201903
0,0,0.202252
0,0,0.202667
0,0,0.203052
0,0,0.203053
0,0,0.203126
0,0,0.20332
0,0,0.203817
0,0,0.204058
0,0,0.204424
0,0,0.204455
0,0,0.204546
0,0,0.204719
0,0,0.204763
0,0,0.204947
0,0,0.205347
0,0,0.205489
0,0,0.205596
0,0,0.205795
0,0,0.206273
0,0,0.206528
0,0,0.206749
0,0,0.207108
0,0,0.207116
0,0,0.207183
0,0,0.207641
0,0,0.207733
0,0,0.207772
0,0,0.207984
0,0,0.208516
0,0,0.208583
0,0,0.208601
0,0,0.20891
0,0,0.209049
0,0,0.209086
0,0,0.20949
0,0,0.209683
0,0,0.210004
0,0,0.210364
0,0,0.210601
0,0,0.211353
0,0,0.21145
0,0,0.211724
0,0,0.212234
0,0,0.212798
0,0,0.21287
0,0,0.214718
0,0,0.214852
0,0,0.215355
0,0,0.215548
0,0,0.215643
0,0,0.216395
0,0,0.216815
0,0,0.216898
0,0,0.217167
0,0,0.21731
0,0,0.21759
0,0,0.217943
0,0,0.218016
0,0,0.218494
0,0,0.219218
0,0,0.2195
0,0,0.220258
0,0,0.220456
0,0,0.220899
0,0,0.22094
0,0,0.221056
0,0,0.221103
0,0,0.221455
0,0,0.221518
0,0,0.221603
0,0,0.221764
0,0,0.222168
0,0,0.22321
0,0,0.22525
0,0,0.228392
0,0,0.228947
0,0,0.229613
0,0,0.231044
0,0,0.231768
0,0,0.232141
0,0,0.232889
0,0,0.23347
0,0,0.233566
0,0,0.23616
0,0,0.236643
0,0,0.236957
0,0,0.237401
0,0,0.237569
0,0,0.237848
0,0,0.238147
0,0,0.238397
0,0,0.2389
0,0,0.239455
0,0,0.239903
0,0,0.240395
0,0,0.240732
0,0,0.241349
0,0,0.241597
0,0,0.241639
0,0,0.241869
0,0,0.24192
0,0,0.242271
0,0,0.242445
0,0,0.242967
0,0,0.24362
0,0,0.243643
0,0,0.243782
0,0,0.243889
0,0,0.244123
0,0,0.244544
0,0,0.244873
0,0,0.245053
0,0,0.245314
0,0,0.246176
0,0,0.246267
0,0,0.246505
0,0,0.246995
0,0,0.247194
0,0,0.247289
0,0,0.247325
0,0,0.247394
0,0,0.247408
0,0,0.247896
0,0,0.247968
0,0,0.24829
0,0,0.249033
0,0,0.249681
0,0,0.250036
0,0,0.250872
0,0,0.250952
0,0,0.252532
0,0,0.253347
0,0,0.253661
0,0,0.254102
0,0,0.254358
0,0,0.254567
0,0,0.254607
0,0,0.255096
0,0,0.255548
0,0,0.257184
0,0,0.257618
0,0,0.257763
0,0,0.257932
0,0,0.258358
0,0,0.258592
0,0,0.258691
0,0,0.259268
0,0,0.259367
0,0,0.259702
0,0,0.259841
0,0,0.25988
0,0,0.260939
0,0,0.261026
0,0,0.261249
0,0,0.261589
0,0,0.26233
0,0,0.263529
0,0,0.263592
0,0,0.264113
0,0,0.264118
0,0,0.264253
0,0,0.264893
0,0,0.265422
0,0,0.26649
0,0,0.266501
0,0,0.266768
0,0,0.267437
0,0,0.268413
0,0,0.26911
0,0,0.269258
0,0,0.269713
0,0,0.270149
0,0,0.270508
0,0,0.271407
0,0,0.271592
0,0,0.272036
0,0,0.273274
0,0,0.273409
0,0,0.273949
0,0,0.274223
0,0,0.274496
0,0,0.275207
0,0,0.275972
0,0,0.276473
0,0,0.276655
0,0,0.277482
0,0,0.27877
0,0,0.281365
0,0,0.281559
0,0,0.282394
0,0,0.283605
0,0,0.283973
0,0,0.284059
0,0,0.284329
0,0,0.286517
0,0,0.286556
0,0,0.28808
0,0,0.288429
0,0,0.28981
0,0,0.29047
0,0,0.291006
0,0,0.291219
0,0,0.291323
0,0,0.291356
0,0,0.291637
0,0,0.291842
0,0,0.293473
0,0,0.293649
0,0,0.294275
0,0,0.294959
0,0,0.295858
0,0,0.296104
0,0,0.296139
0,0,0.297449
0,0,0.298788
0,0,0.298917
0,0,0.3019
0,0,0.301997
0,0,0.30241
0,0,0.305173
0,0,0.306879
0,0,0.307702
0,0,0.308758
0,0,0.310725
0,0,0.314596
0,0,0.314928
0,0,0.315575
0,0,0.316568
0,0,0.316639
0,0,0.318339
0,0,0.318561
0,0,0.319149
0,0,0.319241
0,0,0.319441
0,0,0.319782
0,0,0.320287
0,0,0.320513
0,0,0.321437
0,0,0.321542
0,0,0.323351
0,0,0.323733
0,0,0.324621
0,0,0.32608
0,0,0.32724
0,0,0.327862
0,0,0.329023
0,0,0.329262
0,0,0.330403
0,0,0.331803
0,0,0.331865
0,0,0.332598
0,0,0.33424
0,0,0.334463
0,0,0.334573
0,0,0.334649
0,0,0.334799
0,0,0.335342
0,0,0.335862
0,0,0.336043
0,0,0.337493
0,0,0.338828
0,0,0.338879
0,0,0.34101
0,0,0.341134
0,0,0.341621
0,0,0.342107
0,0,0.343131
0,0,0.343516
0,0,0.343691
0,0,0.344052
0,0,0.347029
0,0,0.349716
0,0,0.351025
0,0,0.352732
0,0,0.353473
0,0,0.357816
0,0,0.357981
0,0,0.361349
0,0,0.361374
0,0,0.361722
0,0,0.362388
0,0,0.365553
0,0,0.367301
0,0,0.367935
0,0,0.368387
0,0,0.368429
0,0,0.368457
0,0,0.369356
0,0,0.371523
0,0,0.372043
0,0,0.372245
0,0,0.372607
0,0,0.373866
0,0,0.3745
0,0,0.374816
0,0,0.375541
0,0,0.376547
0,0,0.378172
0,0,0.379828
0,0,0.383166
0,0,0.383269
0,0,0.383354
0,0,0.385499
0,0,0.386959
0,0,0.387217
0,0,0.391393
0,0,0.392205
0,0,0.392607
0,0,0.396957
0,0,0.397325
0,0,0.397655
0,0,0.397971
0,0,0.400904
0,0,0.403499
0,0,0.403962
0,0,0.406535
0,0,0.408825
0,0,0.410363
0,0,0.41212
0,0,0.413682
0,0,0.414977
0,0,0.415112
0,0,0.417502
0,0,0.423784
0,0,0.430305
0,0,0.432346
0,0,0.433027
0,0,0.433862
0,0,0.438387
0,0,0.439473
0,0,0.442455
0,0,0.445008
0,0,0.445221
0,0,0.446382
0,0,0.446805
0,0,0.448727
0,0,0.449996
0,0,0.45261
0,0,0.453854
0,0,0.45642
0,0,0.458214
0,0,0.461086
0,0,0.464708
0,0,0.485363
0,0,0.489895
0,0,0.491345
0,0,0.499107
0,0,0.50179
0,0,0.506488
0,0,0.519631
0,0,0.520247
0,0,0.524988
0,0,0.542555
0,0,0.544253
0,0,0.54829
0,0,0.605671
0,0,0.606176
0,0,0.615575
0,0,0.618232
0,0,0.620689
0,0,0.623915
0,0,0.64258
0,0,0.669873
0,0,0.69266
0,0,0.77222
0,0,0.797408
0,0,0.835846
0,0,0.862409
0,0,0.868583
0,0,0.954021
0,0,1.01848
0,0,1.02755
0,0,1.25275
0,0,3
1,1.90291,2.00155
1,1.66296,1.71296
1,1.49236,1.53219
1,1.39915,1.46851
1,1.39371,1.57874
1,1.18719,1.27204
1,1.15533,1.28789
1,1.1521,1.52065
1,1.10826,1.35387
1,1.09222,1.90185
1,1.05866,1.15225
1,0.982892,1.01219
1,0.977737,1.56821
1,0.91293,1.0528
1,0.910872,1.48148
1,0.893991,1.00371
1,0.871358,0.936604
1,0.85573,1.00683
1,0.85183,0.954434
1,0.772992,0.782848
1,0.746973,0.755408
1,0.731841,0.7422
1,0.718074,0.733548
1,0.704537,0.830556
1,0.700861,0.829267
1,0.695142,0.721143
1,0.675001,0.720701
1,0.649456,0.804849
1,0.646118,1.5738
1,0.638214,0.799697
1,0.637957,0.661728
1,0.631827,0.651227
1,0.625636,0.629341
1,0.625202,0.729627
1,0.618922,0.694567
1,0.615208,0.696874
1,0.605825,0.646899
1,0.603328,0.73503
1,0.602142,0.831689
1,0.599455,0.875618
1,0.596801,0.752408
1,0.583456,0.64217
1,0.57588,0.583893
1,0.574026,0.593576
1,0.572358,0.686193
1,0.57057,0.607482
1,0.569878,0.5936
1,0.562189,0.66113
1,0.557207,0.680503
1,0.556572,0.621229
1,0.539152,0.57302
1,0.538503,0.739029
1,0.533185,0.662172
1,0.531335,0.782216
1,0.529251,0.672643
1,0.528542,0.555127
1,0.528447,0.601325
1,0.526539,0.79171
1,0.514863,0.565417
1,0.507847,0.883422
1,0.506171,0.586179
1,0.505128,0.935044
1,0.50355,0.573137
1,0.502905,0.525944
1,0.500536,0.51128
1,0.500468,0.546311
1,0.494212,0.500943
1,0.493454,0.501923
1,0.484014,0.565281
1,0.483234,0.506501
1,0.472913,0.486011
1,0.463428,0.503786
1,0.45895,0.501977
1,0.458469,0.508132
1,0.457183,0.566724
1,0.453652,0.478003
1,0.450032,0.58348
1,0.445499,0.453475
1,0.437393,0.487308
1,0.436829,0.453494
1,0.436141,0.558745
1,0.434638,0.591383
1,0.432383,0.479135
1,0.430173,0.433067
1,0.429961,0.634878
1,0.429394,0.443494
1,0.428871,0.429372
1,0.426954,0.539226
1,0.424808,0.476326
1,0.419869,0.463726
1,0.41837,0.433225
1,0.418273,0.508327
1,0.415489,0.478249
1,0.41303,0.417221
1,0.407604,0.414072
1,0.407534,0.41067
1,0.40734,0.443659
1,0.404793,0.482423
1,0.403575,0.443572
1,0.402116,0.404176
1,0.402108,0.415094
1,0.399825,0.541318
1,0.397811,0.46975
1,0.396913,0.614842
1,0.396341,0.457383
1,0.394851,0.418217
1,0.393849,0.425959
1,0.392327,0.405246
1,0.390875,0.539742
1,0.390335,0.47373
1,0.38805,0.44654
1,0.385497,0.393285
1,0.382514,0.396632
1,0.374541,0.414781
1,0.366072,0.450444
1,0.36218,0.390447
1,0.358741,0.376795
1,0.355547,0.432852
1,0.35334,0.355483
1,0.351829,0.47186
1,0.349282,0.394384
1,0.346314,0.47189
1,0.343799,0.38487
1,0.343751,0.505433
1,0.343145,0.3435
1,0.342389,0.469006
1,0.339367,0.424803
1,0.33889,0.504502
1,0.338791,0.343321
1,0.336959,0.416471
1,0.336881,0.352598
1,0.33647,0.645142
1,0.335403,0.357404
1,0.332699,0.63488
1,0.330072,0.381112
1,0.328278,0.443656
1,0.327625,0.360505
1,0.327472,0.328649
1,0.324357,0.329223
1,0.324158,0.333091
1,0.324082,0.329049
1,0.323873,0.328043
1,0.322705,0.348935
1,0.322073,0.323006
1,0.320844,0.350657
1,0.319385,0.576232
1,0.31872,0.383513
1,0.316491,0.324467
1,0.316433,0.499631
1,0.315934,0.340729
1,0.314535,0.358872
1,0.314413,0.479745
1,0.313034,0.361286
1,0.312868,0.366324
1,0.312768,0.371119
1,0.312092,0.324599
1,0.312068,0.312976
1,0.311922,0.400945
1,0.310619,0.344838
1,0.30998,0.328249
1,0.30887,0.321727
1,0.308866,0.350435
1,0.308454,0.327859
1,0.306093,0.318589
1,0.306006,0.338269
1,0.30546,0.316057
1,0.305344,0.328465
1,0.30489,0.499176
1,0.302992,0.421646
1,0.302991,0.335957
1,0.302644,0.419266
1,0.299154,0.313804
1,0.298516,0.325391
1,0.298502,0.309672
1,0.298087,0.338998
1,0.297626,0.363414
1,0.29614,0.332667
1,0.294543,0.31655
1,0.294193,0.298143
1,0.294006,0.298573
1,0.290569,0.327859
1,0.290333,0.310546
1,0.286117,0.288274
1,0.285275,0.340536
1,0.284982,0.299148
1,0.283925,0.397748
1,0.283054,0.301827
1,0.2828,0.436103
1,0.28113,0.425726
1,0.278484,0.356813
1,0.275563,0.313223
1,0.274476,0.284764
1,0.272774,0.402649
1,0.271519,0.278417
1,0.271339,0.290813
1,0.270798,0.307701
1,0.269075,0.272707
1,0.268309,0.284383
1,0.267989,0.284569
1,0.267329,0.321802
1,0.267,0.269203
1,0.266505,0.326841
1,0.265719,0.30959
1,0.265617,0.325896
1,0.264861,0.280654
1,0.264659,0.371871
1,0.262268,0.328043
1,0.259639,0.276182
1,0.257787,0.262462
1,0.257317,0.32348
1,0.255524,0.264971
1,0.253682,0.268501
1,0.251239,0.256806
1,0.249651,0.253788
1,0.248701,0.265439
1,0.248322,0.251287
1,0.241815,0.26258
1,0.240725,0.250365
1,0.239586,0.292266
1,0.239112,0.259188
1,0.23666,0.286224
1,0.236346,0.252177
1,0.235985,0.248716
1,0.233391,0.252832
1,0.233275,0.318204
1,0.231974,0.242743
1,0.23171,0.351156
1,0.230103,0.296502
1,0.228194,0.302549
1,0.225823,0.262207
1,0.225695,0.236427
1,0.223085,0.226791
1,0.222055,0.242163
1,0.221653,0.264001
1,0.220301,0.322505
1,0.2193,0.288649
1,0.216277,0.2179
1,0.214323,0.2252
1,0.213473,0.246709
1,0.212076,0.25955
1,0.209685,0.288441
1,0.2096,0.212742
1,0.208741,0.246406
1,0.208563,0.288906
1,0.205209,0.210118
1,0.204883,0.215816
1,0.204227,0.212457
1,0.202878,0.236427
1,0.202773,0.223526
1,0.200265,0.309678
1,0.198083,0.232739
1,0.197319,0.197677
1,0.191748,0.204351
1,0.190316,0.205027
1,0.18694,0.217161
1,0.186323,0.19978
1,0.183273,0.204444
1,0.181953,0.204208
1,0.180234,0.189292
1,0.178749,0.185632
1,0.178605,0.232135
1,0.177711,0.18457
1,0.175929,0.198709
1,0.174629,0.197129
1,0.17112,0.179541
1,0.170945,0.198692
1,0.170663,0.188398
1,0.16972,0.226167
1,0.169645,0.169773
1,0.167245,0.179345
1,0.166898,0.191125
1,0.162476,0.16458
1,0.161719,0.180505
1,0.160546,0.177261
1,0.158056,0.167869
1,0.157698,0.168151
1,0.157504,0.161715
1,0.157145,0.170291
1,0.155033,0.165158
1,0.153943,0.15798
1,0.149904,0.152599
1,0.149856,0.162578
1,0.149755,0.169605
1,0.149312,0.153725
1,0.149124,0.150984
1,0.148683,0.166132
1,0.148467,0.160642
1,0.148203,0.153155
1,0.147696,0.18602
1,0.146474,0.167017
1,0.144859,0.188556
1,0.144586,0.147406
1,0.143784,0.160684
1,0.142656,0.16851
1,0.141538,0.18908
1,0.141013,0.196517
1,0.140157,0.17483
1,0.140148,0.165652
1,0.140099,0.149407
1,0.140077,0.192642
1,0.139794,0.169277
1,0.139541,0.144331
1,0.139068,0.17098
1,0.13902,0.171372
1,0.138868,0.161671
1,0.137541,0.200749
1,0.136419,0.153001
1,0.136289,0.151517
1,0.134939,0.14615
1,0.134182,0.141799
1,0.133323,0.149225
1,0.133206,0.163898
1,0.133015,0.166546
1,0.132167,0.141488
1,0.131894,0.132951
1,0.131753,0.134269
1,0.130378,0.167317
1,0.129458,0.144047
1,0.123516,0.186453
1,0.122726,0.130451
1,0.121531,0.123409
1,0.121144,0.124508
1,0.120946,0.175962
1,0.119098,0.181632
1,0.117999,0.120035
1,0.117567,0.127067
1,0.11742,0.122821
1,0.116584,0.141666
1,0.116356,0.145651
1,0.116076,0.160706
1,0.114729,0.177279
1,0.113806,0.129384
1,0.113476,0.121836
1,0.113304,0.123952
1,0.113012,0.11946
1,0.112815,0.165656
1,0.112701,0.124784
1,0.111002,0.143784
1,0.107801,0.131101
1,0.102907,0.108392
1,0.101151,0.106909
1,0.100991,0.107888
1,0.100566,0.139549
1,0.099147,0.118884
1,0.0988875,0.126418
1,0.097822,0.100948
1,0.096026,0.114975
1,0.0942516,0.10276
1,0.0934114,0.119946
1,0.0928474,0.110782
1,0.0921521,0.117473
1,0.0914293,0.110973
1,0.0833503,0.0857362
1,0.0803289,0.0898563
1,0.0780601,0.0969757
1,0.0765105,0.0784223
1,0.075887,0.0829474
1,0.0758743,0.0809846
1,0.0758218,0.0813641
1,0.0757742,0.0809994
1,0.0726724,0.084135
1,0.0570611,0.0584698
2,1.99394,1.99468
2,1.99295,2.07512
2,1.71286,1.74439
2,1.69582,1.76277
2,1.13025,1.1761
2,0.969108,0.985598
2,0.968818,1.03515
2,0.963053,1.04568
2,0.821272,0.833787
2,0.739272,0.766488
2,0.708879,0.746255
2,0.647965,0.666184
2,0.579631,0.580445
2,0.518875,0.522054
2,0.516793,0.532699
2,0.514799,0.532121
2,0.501086,0.519255
2,0.499631,0.530195
2,0.491916,0.576578
2,0.468888,0.473423
2,0.44444,0.479973
2,0.378878,0.405149
2,0.377154,0.404805
2,0.374592,0.375981
2,0.35946,0.365083
2,0.353172,0.371237
2,0.345743,0.346296
2,0.34286,0.344294
2,0.336629,0.350061
2,0.318797,0.319085
2,0.29046,0.295384
2,0.288547,0.296593
2,0.261739,0.266824
2,0.257179,0.279614
2,0.233637,0.242247
2,0.220522,0.222074
2,0.2172,0.233902
2,0.204984,0.206082
2,0.192303,0.195506
2,0.182829,0.210112
2,0.181866,0.182623
2,0.17317,0.177426
2,0.172483,0.172587
2,0.172483,0.185456
2,0.165652,0.171093
2,0.165565,0.169641
2,0.161472,0.164955
2,0.160706,0.162084
2,0.147869,0.151247
2,0.140813,0.143848
2,0.136355,0.138684
2,0.119179,0.121805
2,0.111966,0.113037
2,0.0895917,0.0951013
