point cloud with 729 points in dimension 3
0,0,0.0111224
0,0,0.0138248
0,0,0.0142513
0,0,0.0147584
0,0,0.0162041
0,0,0.0195012
0,0,0.0195398
0,0,0.0201953
0,0,0.0202962
0,0,0.0207214
0,0,0.0212762
0,0,0.0219633
0,0,0.0229494
0,0,0.0237271
0,0,0.0242413
0,0,0.024569
0,0,0.0251639
0,0,0.0255681
0,0,0.0259769
0,0,0.0268855
0,0,0.0271376
0,0,0.0277662
0,0,0.0280305
0,0,0.0280442
0,0,0.0286804
0,0,0.0287339
0,0,0.0296711
0,0,0.0299423
0,0,0.0299789
0,0,0.0302445
0,0,0.0308239
0,0,0.0314761
0,0,0.0315176
0,0,0.0317967
0,0,0.0325259
0,0,0.0346475
0,0,0.0347149
0,0,0.0353316
0,0,0.0355309
0,0,0.0364206
0,0,0.0369524
0,0,0.0373599
0,0,0.0374686
0,0,0.0375393
0,0,0.0378769
0,0,0.0390304
0,0,0.0391053
0,0,0.0392081
0,0,0.039485
0,0,0.0397014
0,0,0.0397206
0,0,0.0400315
0,0,0.0402482
0,0,0.0411176
0,0,0.0413348
0,0,0.0417451
0,0,0.042148
0,0,0.0426751
0,0,0.0427746
0,0,0.0428829
0,0,0.0430319
0,0,0.0438239
0,0,0.0438961
0,0,0.0445783
0,0,0.0450097
0,0,0.0456802
0,0,0.046945
0,0,0.0474136
0,0,0.0474644
0,0,0.0475071
0,0,0.047636
0,0,0.0482573
0,0,0.0484645
0,0,0.0485389
0,0,0.0491723
0,0,0.0496249
0,0,0.0498148
0,0,0.0498556
0,0,0.0499712
0,0,0.0512351
0,0,0.0517702
0,0,0.0520865
0,0,0.0526029
0,0,0.0526724
0,0,0.0528025
0,0,0.0528449
0,0,0.0529142
0,0,0.0529229
0,0,0.0539307
0,0,0.0553343
0,0,0.0556832
0,0,0.0558138
0,0,0.0558825
0,0,0.0569531
0,0,0.0569938
0,0,0.0574116
0,0,0.0578718
0,0,0.0579944
0,0,0.0591136
0,0,0.0591264
0,0,0.0595973
0,0,0.0597379
0,0,0.0611581
0,0,0.0613879
0,0,0.0616031
0,0,0.0628241
0,0,0.0628332
0,0,0.0628581
0,0,0.0634287
0,0,0.0636883
0,0,0.063802
0,0,0.0638666
0,0,0.0640593
0,0,0.0641236
0,0,0.0647144
0,0,0.0649086
0,0,0.0651765
0,0,0.0652835
0,0,0.0655475
0,0,0.065627
0,0,0.0659513
0,0,0.0660379
0,0,0.066179
0,0,0.06648
0,0,0.0668681
0,0,0.0669544
0,0,0.0670304
0,0,0.0670938
0,0,0.0673071
0,0,0.0674171
0,0,0.0674322
0,0,0.0675883
0,0,0.0676103
0,0,0.0686106
0,0,0.0692636
0,0,0.0696835
0,0,0.0699292
0,0,0.0703467
0,0,0.0704799
0,0,0.0708866
0,0,0.0714774
0,0,0.0716082
0,0,0.0717632
0,0,0.0720328
0,0,0.0721846
0,0,0.0723836
0,0,0.0726057
0,0,0.0726912
0,0,0.0729753
0,0,0.0731089
0,0,0.0731437
0,0,0.0736811
0,0,0.0737312
0,0,0.0737789
0,0,0.0749113
0,0,0.0751063
0,0,0.0752663
0,0,0.0756325
0,0,0.0756774
0,0,0.0758959
0,0,0.0761072
0,0,0.0763121
0,0,0.076445
0,0,0.0770176
0,0,0.0775744
0,0,0.0781504
0,0,0.0783363
0,0,0.0783885
0,0,0.0785401
0,0,0.0785908
0,0,0.0787333
0,0,0.0790743
0,0,0.0800508
0,0,0.0800676
0,0,0.0804196
0,0,0.0813123
0,0,0.0813232
0,0,0.0819166
0,0,0.0820233
0,0,0.0826685
0,0,0.0827266
0,0,0.082797
0,0,0.0828051
0,0,0.0829361
0,0,0.0830287
0,0,0.0837315
0,0,0.0838686
0,0,0.0841582
0,0,0.0841871
0,0,0.0842115
0,0,0.0845294
0,0,0.084571
0,0,0.0852341
0,0,0.0858895
0,0,0.0859901
0,0,0.0862112
0,0,0.0862311
0,0,0.0868245
0,0,0.0873356
0,0,0.0883252
0,0,0.0883913
0,0,0.0886497
0,0,0.0886743
0,0,0.0887477
0,0,0.0888409
0,0,0.0889985
0,0,0.0890724
0,0,0.0891732
0,0,0.0892832
0,0,0.0893238
0,0,0.0898279
0,0,0.0900891
0,0,0.0902502
0,0,0.090314
0,0,0.0906701
0,0,0.0908931
0,0,0.0913275
0,0,0.0919893
0,0,0.0920486
0,0,0.0922603
0,0,0.0928408
0,0,0.0931459
0,0,0.0932357
0,0,0.0932949
0,0,0.0936754
0,0,0.093813
0,0,0.0938867
0,0,0.0940311
0,0,0.094433
0,0,0.0945549
0,0,0.0947627
0,0,0.0948423
0,0,0.094974
0,0,0.0953713
0,0,0.0956422
0,0,0.0957293
0,0,0.0974882
0,0,0.097491
0,0,0.0977957
0,0,0.0983734
0,0,0.0984691
0,0,0.0984908
0,0,0.0989512
0,0,0.0994267
0,0,0.0996067
0,0,0.100187
0,0,0.100972
0,0,0.102354
0,0,0.102571
0,0,0.103043
0,0,0.10334
0,0,0.104053
0,0,0.10492
0,0,0.105222
0,0,0.105334
0,0,0.10581
0,0,0.105826
0,0,0.105881
0,0,0.107755
0,0,0.108533
0,0,0.108885
0,0,0.109443
0,0,0.109494
0,0,0.11021
0,0,0.110302
0,0,0.110629
0,0,0.111635
0,0,0.111941
0,0,0.112478
0,0,0.114417
0,0,0.11457
0,0,0.114623
0,0,0.115139
0,0,0.115555
0,0,0.115776
0,0,0.116118
0,0,0.116538
0,0,0.117246
0,0,0.117396
0,0,0.117454
0,0,0.117556
0,0,0.118337
0,0,0.118598
0,0,0.119079
0,0,0.120518
0,0,0.120549
0,0,0.120753
0,0,0.12081
0,0,0.121341
0,0,0.121877
0,0,0.121993
0,0,0.122978
0,0,0.123012
0,0,0.124007
0,0,0.124638
0,0,0.124644
0,0,0.125261
0,0,0.125478
0,0,0.125636
0,0,0.125884
0,0,0.127635
0,0,0.128515
0,0,0.12855
0,0,0.128696
0,0,0.128829
0,0,0.12886
0,0,0.128909
0,0,0.129957
0,0,0.130326
0,0,0.130539
0,0,0.130552
0,0,0.13056
0,0,0.130801
0,0,0.131005
0,0,0.131131
0,0,0.131589
0,0,0.131625
0,0,0.131881
0,0,0.132242
0,0,0.132275
0,0,0.132978
0,0,0.133082
0,0,0.133135
0,0,0.133545
0,0,0.133693
0,0,0.133708
0,0,0.134294
0,0,0.134396
0,0,0.134698
0,0,0.134849
0,0,0.135712
0,0,0.136223
0,0,0.136544
0,0,0.136625
0,0,0.136757
0,0,0.136839
0,0,0.137884
0,0,0.138064
0,0,0.138325
0,0,0.138351
0,0,0.138496
0,0,0.139573
0,0,0.139917
0,0,0.140213
0,0,0.140296
0,0,0.140441
0,0,0.140674
0,0,0.141692
0,0,0.141839
0,0,0.142033
0,0,0.142356
0,0,0.142713
0,0,0.143028
0,0,0.143171
0,0,0.143538
0,0,0.143582
0,0,0.143725
0,0,0.144292
0,0,0.144692
0,0,0.144868
0,0,0.144942
0,0,0.145601
0,0,0.145704
0,0,0.145957
0,0,0.145963
0,0,0.146389
0,0,0.147012
0,0,0.147278
0,0,0.147545
0,0,0.147879
0,0,0.147924
0,0,0.14802
0,0,0.14807
0,0,0.148934
0,0,0.149235
0,0,0.149823
0,0,0.151422
0,0,0.153904
0,0,0.154019
0,0,0.15419
0,0,0.154409
0,0,0.154555
0,0,0.154978
0,0,0.155539
0,0,0.155744
0,0,0.155872
0,0,0.15603
0,0,0.156094
0,0,0.15616
0,0,0.156312
0,0,0.157336
0,0,0.157593
0,0,0.15769
0,0,0.15927
0,0,0.160284
0,0,0.160599
0,0,0.160848
0,0,0.16331
0,0,0.164256
0,0,0.165058
0,0,0.165166
0,0,0.165314
0,0,0.165662
0,0,0.165689
0,0,0.166134
0,0,0.166303
0,0,0.167406
0,0,0.167431
0,0,0.167556
0,0,0.167872
0,0,0.168992
0,0,0.17134
0,0,0.172625
0,0,0.173065
0,0,0.175681
0,0,0.176201
0,0,0.179045
0,0,0.179422
0,0,0.179761
0,0,0.180934
0,0,0.182188
0,0,0.182404
0,0,0.183135
0,0,0.18347
0,0,0.183561
0,0,0.183576
0,0,0.18373
0,0,0.184063
0,0,0.186165
0,0,0.187179
0,0,0.187557
0,0,0.18864
0,0,0.18892
0,0,0.189195
0,0,0.190653
0,0,0.190925
0,0,0.191463
0,0,0.191775
0,0,0.191792
0,0,0.192563
0,0,0.192671
0,0,0.192734
0,0,0.194054
0,0,0.194551
0,0,0.194803
0,0,0.196097
0,0,0.196119
0,0,0.196286
0,0,0.196338
0,0,0.196705
0,0,0.196995
0,0,0.198132
0,0,0.198194
0,0,0.198293
0,0,0.199026
0,0,0.199662
0,0,0.200693
0,0,0.200721
0,0,0.200791
0,0,0.20189
0,0,0.20204
0,0,0.202455
0,0,0.203691
0,0,0.203866
0,0,0.20396
0,0,0.205434
0,0,0.205938
0,0,0.207527
0,0,0.207587
0,0,0.207612
0,0,0.208068
0,0,0.20819
0,0,0.2085
0,0,0.20906
0,0,0.210062
0,0,0.210467
0,0,0.210485
0,0,0.210568
0,0,0.210608
0,0,0.210969
0,0,0.211827
0,0,0.213276
0,0,0.213779
0,0,0.214973
0,0,0.215037
0,0,0.215088
0,0,0.215563
0,0,0.215628
0,0,0.216234
0,0,0.216804
0,0,0.217041
0,0,0.217108
0,0,0.217835
0,0,0.218021
0,0,0.218043
0,0,0.218628
0,0,0.220656
0,0,0.221716
0,0,0.22234
0,0,0.227871
0,0,0.228102
0,0,0.229454
0,0,0.231879
0,0,0.231986
0,0,0.23204
0,0,0.23238
0,0,0.232907
0,0,0.23297
0,0,0.233773
0,0,0.233843
0,0,0.234252
0,0,0.234494
0,0,0.236918
0,0,0.242167
0,0,0.242544
0,0,0.243636
0,0,0.243776
0,0,0.24538
0,0,0.248364
0,0,0.24944
0,0,0.252417
0,0,0.252468
0,0,0.253094
0,0,0.253145
0,0,0.253954
0,0,0.255288
0,0,0.256047
0,0,0.256313
0,0,0.257345
0,0,0.259685
0,0,0.259831
0,0,0.261024
0,0,0.261775
0,0,0.263264
0,0,0.263895
0,0,0.264565
0,0,0.264734
0,0,0.264953
0,0,0.267195
0,0,0.267629
0,0,0.268193
0,0,0.270359
0,0,0.272014
0,0,0.2736
0,0,0.275055
0,0,0.276756
0,0,0.276961
0,0,0.278199
0,0,0.278662
0,0,0.278707
0,0,0.279154
0,0,0.279646
0,0,0.28033
0,0,0.280392
0,0,0.281006
0,0,0.281183
0,0,0.282856
0,0,0.287537
0,0,0.287712
0,0,0.287823
0,0,0.291611
0,0,0.292734
0,0,0.292775
0,0,0.295079
0,0,0.297502
0,0,0.298295
0,0,0.298451
0,0,0.298505
0,0,0.298969
0,0,0.299037
0,0,0.300929
0,0,0.30189
0,0,0.301918
0,0,0.303812
0,0,0.304065
0,0,0.304398
0,0,0.305576
0,0,0.305717
0,0,0.305774
0,0,0.305778
0,0,0.306133
0,0,0.306443
0,0,0.307122
0,0,0.30775
0,0,0.308537
0,0,0.309522
0,0,0.310688
0,0,0.311058
0,0,0.314802
0,0,0.315196
0,0,0.316211
0,0,0.317044
0,0,0.317767
0,0,0.317849
0,0,0.318856
0,0,0.320446
0,0,0.320554
0,0,0.320894
0,0,0.321254
0,0,0.322338
0,0,0.323331
0,0,0.324368
0,0,0.324933
0,0,0.324998
0,0,0.325058
0,0,0.32556
0,0,0.328503
0,0,0.331024
0,0,0.331209
0,0,0.331798
0,0,0.332458
0,0,0.332466
0,0,0.333633
0,0,0.33389
0,0,0.335676
0,0,0.339304
0,0,0.339332
0,0,0.339411
0,0,0.339469
0,0,0.339527
0,0,0.343507
0,0,0.344319
0,0,0.345497
0,0,0.34907
0,0,0.349271
0,0,0.349451
0,0,0.349682
0,0,0.353729
0,0,0.354772
0,0,0.359596
0,0,0.360983
0,0,0.361322
0,0,0.362941
0,0,0.363986
0,0,0.364821
0,0,0.36496
0,0,0.369366
0,0,0.370334
0,0,0.371259
0,0,0.371566
0,0,0.372392
0,0,0.372866
0,0,0.379194
0,0,0.379449
0,0,0.382534
0,0,0.384234
0,0,0.384622
0,0,0.386773
0,0,0.388849
0,0,0.391256
0,0,0.391503
0,0,0.396412
0,0,0.396477
0,0,0.396628
0,0,0.397162
0,0,0.397753
0,0,0.399834
0,0,0.400203
0,0,0.400573
0,0,0.404339
0,0,0.405026
0,0,0.405928
0,0,0.409111
0,0,0.410093
0,0,0.412649
0,0,0.412684
0,0,0.413107
0,0,0.414523
0,0,0.415461
0,0,0.416776
0,0,0.419937
0,0,0.4252
0,0,0.426903
0,0,0.426936
0,0,0.427574
0,0,0.430694
0,0,0.431462
0,0,0.432008
0,0,0.433926
0,0,0.437885
0,0,0.438722
0,0,0.441126
0,0,0.444885
0,0,0.448103
0,0,0.452408
0,0,0.454066
0,0,0.45489
0,0,0.458244
0,0,0.460068
0,0,0.460883
0,0,0.46234
0,0,0.464625
0,0,0.468213
0,0,0.468691
0,0,0.471792
0,0,0.490288
0,0,0.492871
0,0,0.495234
0,0,0.498358
0,0,0.499828
0,0,0.501111
0,0,0.503951
0,0,0.506628
0,0,0.521059
0,0,0.533935
0,0,0.536131
0,0,0.537073
0,0,0.544156
0,0,0.564063
0,0,0.578632
0,0,0.58682
0,0,0.600739
0,0,0.601668
0,0,0.602365
0,0,0.604942
0,0,0.6054
0,0,0.614977
0,0,0.634375
0,0,0.659763
0,0,0.707568
0,0,0.714493
0,0,0.733178
0,0,0.812751
0,0,0.819836
0,0,0.829181
0,0,0.839468
0,0,0.891597
0,0,1.4408
0,0,3
1,1.58596,1.90675
1,1.47135,1.57485
1,1.30344,1.43577
1,1.13764,1.41468
1,1.10968,1.35692
1,1.08782,1.20734
1,1.00525,1.05613
1,0.992367,0.999031
1,0.951519,1.33056
1,0.948758,0.986129
1,0.929852,1.00695
1,0.897267,0.986129
1,0.828268,1.02793
1,0.82716,0.832973
1,0.77194,0.789315
1,0.766822,0.804819
1,0.747793,1.09868
1,0.745332,1.21712
1,0.718164,1.18499
1,0.708988,0.769015
1,0.704463,0.777843
1,0.701313,0.752516
1,0.69778,0.751527
1,0.695232,0.743282
1,0.691937,0.765603
1,0.689784,0.865536
1,0.687328,1.51126
1,0.682598,0.717499
1,0.6763,0.754817
1,0.662253,0.756664
1,0.661994,0.980231
1,0.661523,0.777117
1,0.648375,0.904816
1,0.642308,0.648513
1,0.642201,0.740024
1,0.633548,0.773884
1,0.630109,0.992842
1,0.61664,0.636023
1,0.611523,1.52688
1,0.608083,0.829385
1,0.605705,0.82899
1,0.572962,0.579811
1,0.569709,0.611393
1,0.569028,0.71618
1,0.56351,0.57479
1,0.554862,0.68876
1,0.550364,0.55935
1,0.543328,0.646121
1,0.537296,0.55037
1,0.527304,0.628033
1,0.526428,0.633239
1,0.523356,0.850983
1,0.516048,0.577702
1,0.515505,0.603128
1,0.510869,0.749267
1,0.510121,0.53474
1,0.494326,0.556589
1,0.486433,0.611593
1,0.486323,0.489754
1,0.480774,0.566764
1,0.480486,0.529091
1,0.478361,0.846285
1,0.473511,0.530866
1,0.472386,0.495517
1,0.459307,0.507175
1,0.458649,0.464945
1,0.457836,0.578351
1,0.447182,0.528465
1,0.446058,0.512037
1,0.44433,0.445217
1,0.442827,0.542073
1,0.439098,0.472957
1,0.435548,0.47262
1,0.429633,0.475494
1,0.428402,0.457932
1,0.428011,0.515657
1,0.422725,0.432008
1,0.422293,0.453615
1,0.419835,0.44446
1,0.41653,0.417413
1,0.41578,0.458711
1,0.401135,0.405088
1,0.399992,0.410107
1,0.393882,0.436868
1,0.393452,0.439976
1,0.371757,0.375795
1,0.362951,0.366172
1,0.360163,0.360277
1,0.358106,0.412306
1,0.356936,0.437442
1,0.341403,0.393854
1,0.338011,0.364502
1,0.334331,0.522323
1,0.32952,0.37267
1,0.329012,0.349033
1,0.327215,0.336385
1,0.326291,0.334787
1,0.320085,0.329137
1,0.318854,0.319928
1,0.312571,0.347592
1,0.297676,0.297964
1,0.289038,0.34411
1,0.280752,0.288784
1,0.27898,0.343944
1,0.277137,0.343484
1,0.266604,0.310925
1,0.257683,0.357759
1,0.257476,0.267978
1,0.254674,0.27176
1,0.249899,0.305802
1,0.24727,0.253727
1,0.246327,0.296327
1,0.2443,0.248418
1,0.243502,0.264722
1,0.242946,0.261618
1,0.240733,0.268282
1,0.239521,0.300999
1,0.239296,0.266584
1,0.237259,0.253546
1,0.231558,0.251486
1,0.229679,0.244993
1,0.225888,0.24155
1,0.221772,0.328569
1,0.221487,0.227286
1,0.221173,0.261963
1,0.2205,0.221411
1,0.217992,0.232222
1,0.213792,0.221266
1,0.21241,0.226397
1,0.211372,0.322027
1,0.207456,0.223233
1,0.207095,0.215143
1,0.205178,0.223157
1,0.204611,0.207354
1,0.204154,0.23456
1,0.20078,0.217153
1,0.199631,0.218075
1,0.198328,0.199149
1,0.197608,0.227466
1,0.19664,0.208854
1,0.196243,0.207489
1,0.195774,0.212646
1,0.19526,0.238317
1,0.190933,0.205909
1,0.190496,0.210949
1,0.188285,0.189683
1,0.188211,0.275136
1,0.187047,0.194826
1,0.185896,0.197744
1,0.181795,0.245944
1,0.178842,0.185766
1,0.175851,0.190109
1,0.173881,0.176053
1,0.170235,0.196923
1,0.166127,0.167767
1,0.160302,0.195521
1,0.158991,0.185003
1,0.157606,0.178298
1,0.155137,0.205027
1,0.152828,0.217453
1,0.151888,0.164609
1,0.148969,0.170514
1,0.142695,0.161239
1,0.141561,0.144263
1,0.135022,0.164669
1,0.13323,0.137704
1,0.132818,0.137265
1,0.131569,0.132476
1,0.126488,0.140759
1,0.126114,0.149923
1,0.124309,0.126372
1,0.124245,0.141438
1,0.122048,0.124661
1,0.111757,0.11428
1,0.106945,0.139924
1,0.104087,0.132476
1,0.102106,0.102112
1,0.101461,0.104637
1,0.0971609,0.0974468
1,0.0948629,0.0971446
1,0.0913204,0.105827
1,0.0911857,0.095504
1,0.0843008,0.0937768
1,0.0841699,0.0864266
1,0.0836232,0.0901028
1,0.0829368,0.0961305
1,0.0799943,0.103517
1,0.0797743,0.0908931
1,0.0768638,0.128326
1,0.0669818,0.0774572
1,0.0638586,0.0661539
1,0.0585696,0.0604982
1,0.0563161,0.060981
2,2.37217,2.38337
2,1.24227,1.26356
2,1.15829,1.19539
2,0.675777,0.682042
2,0.656406,0.657202
2,0.385818,0.386698
2,0.373864,0.376733
2,0.296327,0.32056
2,0.238415,0.241479
2,0.235359,0.241542
2,0.218775,0.221714
2,0.193362,0.19371
2,0.165074,0.167676
2,0.120845,0.125129
2,0.0918187,0.0920922
