point cloud with 1369 points in dimension 3
0,0,0.00760191
0,0,0.010094
0,0,0.0120168
0,0,0.0123854
0,0,0.0129818
0,0,0.0154278
0,0,0.0167746
0,0,0.0189349
0,0,0.0192394
0,0,0.0199731
0,0,0.0208481
0,0,0.0208666
0,0,0.0212557
0,0,0.0215109
0,0,0.0224378
0,0,0.0225215
0,0,0.0234525
0,0,0.0246638
0,0,0.0247029
0,0,0.0248309
0,0,0.0250304
0,0,0.0250329
0,0,0.0250886
0,0,0.025434
0,0,0.026108
0,0,0.0262863
0,0,0.0267249
0,0,0.0272276
0,0,0.027258
0,0,0.0274329
0,0,0.0276848
0,0,0.0282107
0,0,0.0284797
0,0,0.0286932
0,0,0.0288768
0,0,0.0300644
0,0,0.0303382
0,0,0.0304762
0,0,0.0306869
0,0,0.0307564
0,0,0.030823
0,0,0.0315118
0,0,0.0320402
0,0,0.0320446
0,0,0.0324466
0,0,0.0326018
0,0,0.0328965
0,0,0.0332565
0,0,0.0336568
0,0,0.0341781
0,0,0.0344773
0,0,0.0347898
0,0,0.0350057
0,0,0.0350413
0,0,0.0354086
0,0,0.0355058
0,0,0.0355434
0,0,0.0356653
0,0,0.0361355
0,0,0.0361389
0,0,0.0369055
0,0,0.0369156
0,0,0.0369856
0,0,0.0371504
0,0,0.0372746
0,0,0.038118
0,0,0.0381379
0,0,0.0382212
0,0,0.0384551
0,0,0.0387455
0,0,0.0387606
0,0,0.0392697
0,0,0.0397185
0,0,0.0404143
0,0,0.0411671
0,0,0.0416535
0,0,0.0417076
0,0,0.0417203
0,0,0.0419212
0,0,0.0419328
0,0,0.0419634
0,0,0.0427545
0,0,0.0429131
0,0,0.0433894
0,0,0.0434219
0,0,0.0436048
0,0,0.0439868
0,0,0.0440087
0,0,0.0445378
0,0,0.0446982
0,0,0.0447638
0,0,0.0449024
0,0,0.0449637
0,0,0.0451377
0,0,0.045216
0,0,0.0454116
0,0,0.0456217
0,0,0.0456797
0,0,0.0457676
0,0,0.0457848
0,0,0.0459185
0,0,0.0460651
0,0,0.0461343
0,0,0.0470284
0,0,0.0472947
0,0,0.0473735
0,0,0.0478391
0,0,0.0483672
0,0,0.0484091
0,0,0.0484743
0,0,0.0485082
0,0,0.0493128
0,0,0.0495045
0,0,0.0496576
0,0,0.0499788
0,0,0.0501471
0,0,0.0501872
0,0,0.0502617
0,0,0.050458
0,0,0.050616
0,0,0.0506456
0,0,0.0512492
0,0,0.0513993
0,0,0.0514175
0,0,0.0514913
0,0,0.0515689
0,0,0.0519479
0,0,0.0520132
0,0,0.0521198
0,0,0.0521779
0,0,0.0521886
0,0,0.0523837
0,0,0.0529995
0,0,0.053076
0,0,0.0531498
0,0,0.0531521
0,0,0.0539707
0,0,0.054322
0,0,0.0551246
0,0,0.0552473
0,0,0.05551
0,0,0.0556173
0,0,0.0556689
0,0,0.0556874
0,0,0.0560225
0,0,0.0564208
0,0,0.056702
0,0,0.0568247
0,0,0.0568813
0,0,0.0569037
0,0,0.0569411
0,0,0.0577075
0,0,0.0578375
0,0,0.0582714
0,0,0.0585486
0,0,0.0586077
0,0,0.0586594
0,0,0.0587688
0,0,0.0588344
0,0,0.0595375
0,0,0.0596745
0,0,0.0600488
0,0,0.0605516
0,0,0.060923
0,0,0.061772
0,0,0.0617974
0,0,0.0618684
0,0,0.0621486
0,0,0.0623326
0,0,0.0625422
0,0,0.062562
0,0,0.0628172
0,0,0.0629904
0,0,0.063091
0,0,0.0632195
0,0,0.0633197
0,0,0.0634152
0,0,0.0635036
0,0,0.0635085
0,0,0.0638481
0,0,0.0641209
0,0,0.064286
0,0,0.0642976
0,0,0.0643453
0,0,0.064399
0,0,0.0644045
0,0,0.0644539
0,0,0.0645182
0,0,0.0648609
0,0,0.064876
0,0,0.0648849
0,0,0.0650436
0,0,0.0650579
0,0,0.0651823
0,0,0.0656152
0,0,0.0656338
0,0,0.0656497
0,0,0.0656794
0,0,0.0661084
0,0,0.0664592
0,0,0.0665091
0,0,0.067142
0,0,0.0673606
0,0,0.0677207
0,0,0.0680424
0,0,0.0681469
0,0,0.0682725
0,0,0.0685527
0,0,0.0688053
0,0,0.0691481
0,0,0.0692018
0,0,0.0693155
0,0,0.0693166
0,0,0.0697247
0,0,0.070093
0,0,0.0701742
0,0,0.0702635
0,0,0.0704744
0,0,0.0706811
0,0,0.0708389
0,0,0.0711865
0,0,0.0713175
0,0,0.0714735
0,0,0.0715359
0,0,0.0715368
0,0,0.0723627
0,0,0.0726553
0,0,0.0727316
0,0,0.0728708
0,0,0.0732649
0,0,0.0733
0,0,0.0733647
0,0,0.0734505
0,0,0.0736913
0,0,0.0737942
0,0,0.0738231
0,0,0.0740138
0,0,0.0740874
0,0,0.0741639
0,0,0.0741769
0,0,0.0742441
0,0,0.0744851
0,0,0.0745012
0,0,0.0746038
0,0,0.074612
0,0,0.0747037
0,0,0.0749093
0,0,0.074946
0,0,0.0750657
0,0,0.0755706
0,0,0.0757225
0,0,0.0757339
0,0,0.0758897
0,0,0.0759436
0,0,0.076006
0,0,0.076058
0,0,0.0764031
0,0,0.0768878
0,0,0.0769509
0,0,0.0774445
0,0,0.0775157
0,0,0.0775556
0,0,0.0776331
0,0,0.0781645
0,0,0.0785417
0,0,0.0785758
0,0,0.0787988
0,0,0.079014
0,0,0.0790813
0,0,0.0799932
0,0,0.0800679
0,0,0.080197
0,0,0.0809083
0,0,0.0812342
0,0,0.0813686
0,0,0.0814473
0,0,0.0815348
0,0,0.08193
0,0,0.0820482
0,0,0.0820867
0,0,0.0821659
0,0,0.082299
0,0,0.0825504
0,0,0.0826446
0,0,0.0826852
0,0,0.082872
0,0,0.0829069
0,0,0.0830921
0,0,0.0831395
0,0,0.0831635
0,0,0.0833571
0,0,0.0833782
0,0,0.0838769
0,0,0.0839056
0,0,0.083948
0,0,0.0841944
0,0,0.0845582
0,0,0.0847569
0,0,0.0848005
0,0,0.0848679
0,0,0.0849101
0,0,0.0850122
0,0,0.0853188
0,0,0.0853346
0,0,0.0854804
0,0,0.0861664
0,0,0.0865793
0,0,0.0871909
0,0,0.0874092
0,0,0.0874506
0,0,0.087962
0,0,0.0879692
0,0,0.0881407
0,0,0.0881945
0,0,0.0882294
0,0,0.0884511
0,0,0.0884969
0,0,0.0886212
0,0,0.088719
0,0,0.0890144
0,0,0.0892191
0,0,0.0892311
0,0,0.0892754
0,0,0.0894096
0,0,0.0894851
0,0,0.0895114
0,0,0.089626
0,0,0.0898415
0,0,0.0899219
0,0,0.0899639
0,0,0.0903743
0,0,0.0906319
0,0,0.0907631
0,0,0.0907967
0,0,0.0908583
0,0,0.0909484
0,0,0.0909852
0,0,0.0911799
0,0,0.0915315
0,0,0.091735
0,0,0.0918313
0,0,0.0918677
0,0,0.0918821
0,0,0.0919467
0,0,0.0920768
0,0,0.0921745
0,0,0.0921827
0,0,0.0923223
0,0,0.0924325
0,0,0.0925037
0,0,0.0925255
0,0,0.0925963
0,0,0.092812
0,0,0.093065
0,0,0.0932409
0,0,0.0932922
0,0,0.093298
0,0,0.0933191
0,0,0.0935656
0,0,0.0941121
0,0,0.094604
0,0,0.0950321
0,0,0.0951207
0,0,0.0952335
0,0,0.0953163
0,0,0.0953515
0,0,0.0954117
0,0,0.0954414
0,0,0.0954984
0,0,0.0956466
0,0,0.0957261
0,0,0.0967352
0,0,0.0969595
0,0,0.0969782
0,0,0.0973406
0,0,0.0973518
0,0,0.0976231
0,0,0.0976459
0,0,0.0978054
0,0,0.0978762
0,0,0.0981515
0,0,0.0985649
0,0,0.098774
0,0,0.0988905
0,0,0.0991271
0,0,0.0992014
0,0,0.099265
0,0,0.0994425
0,0,0.0995274
0,0,0.0997562
0,0,0.10005
0,0,0.100149
0,0,0.10035
0,0,0.100555
0,0,0.100733
0,0,0.100838
0,0,0.10093
0,0,0.101252
0,0,0.101303
0,0,0.101495
0,0,0.101987
0,0,0.102086
0,0,0.102211
0,0,0.102269
0,0,0.102373
0,0,0.102373
0,0,0.102576
0,0,0.102676
0,0,0.102692
0,0,0.102887
0,0,0.103098
0,0,0.103131
0,0,0.103134
0,0,0.10395
0,0,0.104044
0,0,0.1048
0,0,0.104905
0,0,0.105004
0,0,0.105043
0,0,0.105527
0,0,0.105542
0,0,0.105622
0,0,0.105752
0,0,0.105757
0,0,0.105891
0,0,0.106116
0,0,0.106447
0,0,0.106514
0,0,0.106716
0,0,0.107034
0,0,0.107394
0,0,0.107757
0,0,0.107794
0,0,0.107991
0,0,0.108163
0,0,0.108286
0,0,0.108422
0,0,0.108453
0,0,0.108516
0,0,0.108559
0,0,0.108627
0,0,0.108901
0,0,0.109058
0,0,0.10932
0,0,0.109433
0,0,0.109812
0,0,0.109977
0,0,0.109985
0,0,0.110023
0,0,0.110363
0,0,0.110383
0,0,0.110498
0,0,0.110851
0,0,0.11133
0,0,0.111443
0,0,0.111488
0,0,0.111622
0,0,0.111666
0,0,0.111765
0,0,0.111931
0,0,0.112175
0,0,0.112281
0,0,0.112459
0,0,0.112589
0,0,0.112693
0,0,0.112957
0,0,0.113228
0,0,0.113307
0,0,0.113429
0,0,0.11356
0,0,0.113779
0,0,0.113962
0,0,0.114372
0,0,0.114485
0,0,0.114713
0,0,0.114974
0,0,0.114994
0,0,0.115033
0,0,0.116093
0,0,0.116275
0,0,0.116498
0,0,0.11672
0,0,0.116998
0,0,0.117284
0,0,0.117423
0,0,0.117445
0,0,0.117686
0,0,0.117699
0,0,0.118612
0,0,0.118694
0,0,0.118722
0,0,0.118841
0,0,0.119591
0,0,0.119598
0,0,0.119604
0,0,0.11983
0,0,0.120211
0,0,0.120764
0,0,0.120777
0,0,0.120781
0,0,0.121409
0,0,0.121661
0,0,0.121796
0,0,0.121838
0,0,0.12197
0,0,0.122003
0,0,0.12274
0,0,0.122932
0,0,0.122963
0,0,0.123116
0,0,0.123225
0,0,0.123562
0,0,0.123637
0,0,0.123729
0,0,0.124009
0,0,0.124038
0,0,0.12454
0,0,0.124611
0,0,0.124643
0,0,0.12467
0,0,0.124807
0,0,0.124807
0,0,0.125133
0,0,0.125177
0,0,0.125434
0,0,0.125517
0,0,0.125651
0,0,0.125659
0,0,0.125736
0,0,0.125775
0,0,0.126012
0,0,0.126767
0,0,0.126819
0,0,0.126854
0,0,0.126856
0,0,0.127152
0,0,0.127367
0,0,0.127416
0,0,0.128028
0,0,0.128119
0,0,0.128121
0,0,0.128125
0,0,0.128729
0,0,0.128731
0,0,0.128857
0,0,0.128979
0,0,0.129068
0,0,0.129082
0,0,0.129522
0,0,0.129541
0,0,0.129669
0,0,0.12967
0,0,0.129853
0,0,0.129993
0,0,0.130016
0,0,0.130116
0,0,0.130325
0,0,0.130354
0,0,0.130542
0,0,0.130556
0,0,0.130894
0,0,0.131059
0,0,0.132242
0,0,0.132356
0,0,0.132526
0,0,0.13261
0,0,0.132963
0,0,0.133158
0,0,0.13327
0,0,0.133332
0,0,0.133498
0,0,0.133545
0,0,0.133594
0,0,0.133595
0,0,0.134037
0,0,0.134644
0,0,0.134751
0,0,0.135044
0,0,0.135109
0,0,0.135211
0,0,0.135325
0,0,0.135438
0,0,0.135716
0,0,0.135891
0,0,0.136334
0,0,0.136454
0,0,0.136566
0,0,0.136859
0,0,0.13706
0,0,0.13713
0,0,0.137511
0,0,0.138011
0,0,0.138113
0,0,0.138466
0,0,0.13866
0,0,0.139021
0,0,0.139378
0,0,0.139392
0,0,0.139597
0,0,0.139625
0,0,0.139741
0,0,0.139773
0,0,0.14055
0,0,0.140699
0,0,0.140841
0,0,0.140966
0,0,0.141051
0,0,0.141095
0,0,0.141275
0,0,0.141288
0,0,0.141744
0,0,0.142393
0,0,0.142532
0,0,0.14266
0,0,0.14275
0,0,0.142761
0,0,0.142894
0,0,0.142915
0,0,0.143025
0,0,0.14308
0,0,0.143153
0,0,0.143339
0,0,0.144131
0,0,0.144193
0,0,0.144389
0,0,0.144564
0,0,0.144568
0,0,0.144778
0,0,0.144879
0,0,0.145112
0,0,0.14542
0,0,0.145521
0,0,0.146219
0,0,0.146458
0,0,0.146667
0,0,0.146894
0,0,0.146964
0,0,0.1472
0,0,0.147591
0,0,0.147669
0,0,0.1477
0,0,0.147814
0,0,0.147905
0,0,0.148069
0,0,0.148342
0,0,0.148411
0,0,0.148529
0,0,0.148768
0,0,0.14898
0,0,0.149168
0,0,0.149303
0,0,0.149751
0,0,0.150083
0,0,0.150277
0,0,0.150304
0,0,0.15038
0,0,0.150438
0,0,0.150674
0,0,0.150798
0,0,0.150906
0,0,0.150941
0,0,0.151218
0,0,0.151223
0,0,0.151429
0,0,0.15147
0,0,0.151493
0,0,0.151625
0,0,0.151919
0,0,0.152168
0,0,0.152395
0,0,0.152606
0,0,0.152734
0,0,0.152777
0,0,0.153036
0,0,0.153084
0,0,0.153091
0,0,0.153777
0,0,0.153906
0,0,0.154073
0,0,0.154877
0,0,0.154924
0,0,0.155278
0,0,0.155555
0,0,0.155826
0,0,0.156074
0,0,0.156282
0,0,0.156644
0,0,0.15665
0,0,0.156693
0,0,0.156714
0,0,0.156793
0,0,0.157358
0,0,0.157421
0,0,0.158494
0,0,0.158495
0,0,0.158679
0,0,0.158858
0,0,0.158909
0,0,0.159104
0,0,0.159383
0,0,0.159482
0,0,0.159597
0,0,0.160155
0,0,0.160193
0,0,0.160234
0,0,0.160249
0,0,0.160315
0,0,0.160409
0,0,0.160883
0,0,0.161049
0,0,0.161089
0,0,0.161206
0,0,0.162014
0,0,0.162126
0,0,0.162181
0,0,0.162607
0,0,0.163445
0,0,0.16351
0,0,0.163707
0,0,0.163719
0,0,0.163735
0,0,0.163778
0,0,0.164365
0,0,0.164485
0,0,0.164516
0,0,0.164744
0,0,0.164806
0,0,0.164836
0,0,0.165162
0,0,0.165561
0,0,0.165562
0,0,0.165792
0,0,0.166059
0,0,0.166448
0,0,0.166612
0,0,0.166845
0,0,0.167299
0,0,0.168676
0,0,0.168737
0,0,0.168969
0,0,0.169116
0,0,0.169132
0,0,0.169295
0,0,0.169437
0,0,0.169591
0,0,0.169591
0,0,0.169749
0,0,0.169927
0,0,0.169947
0,0,0.170045
0,0,0.170097
0,0,0.170432
0,0,0.171119
0,0,0.171213
0,0,0.171427
0,0,0.171461
0,0,0.171761
0,0,0.172102
0,0,0.172561
0,0,0.172601
0,0,0.172793
0,0,0.17302
0,0,0.173272
0,0,0.173415
0,0,0.174501
0,0,0.174871
0,0,0.175134
0,0,0.175222
0,0,0.175336
0,0,0.175446
0,0,0.175666
0,0,0.175848
0,0,0.176048
0,0,0.176073
0,0,0.176796
0,0,0.176825
0,0,0.17692
0,0,0.176991
0,0,0.177381
0,0,0.177424
0,0,0.177655
0,0,0.177721
0,0,0.177726
0,0,0.177851
0,0,0.177851
0,0,0.177909
0,0,0.177969
0,0,0.178202
0,0,0.178385
0,0,0.178399
0,0,0.178668
0,0,0.179084
0,0,0.179106
0,0,0.179318
0,0,0.179441
0,0,0.179534
0,0,0.179684
0,0,0.179956
0,0,0.180338
0,0,0.180563
0,0,0.180626
0,0,0.180659
0,0,0.180861
0,0,0.180963
0,0,0.180981
0,0,0.180986
0,0,0.181184
0,0,0.181292
0,0,0.181427
0,0,0.181441
0,0,0.181604
0,0,0.182332
0,0,0.182743
0,0,0.182851
0,0,0.182921
0,0,0.183033
0,0,0.18347
0,0,0.183603
0,0,0.183816
0,0,0.184168
0,0,0.184256
0,0,0.184415
0,0,0.184417
0,0,0.184418
0,0,0.184501
0,0,0.184526
0,0,0.184556
0,0,0.184606
0,0,0.184812
0,0,0.184845
0,0,0.184908
0,0,0.185012
0,0,0.185236
0,0,0.185621
0,0,0.185791
0,0,0.18609
0,0,0.186151
0,0,0.186667
0,0,0.186818
0,0,0.186919
0,0,0.186994
0,0,0.187356
0,0,0.187565
0,0,0.187602
0,0,0.188073
0,0,0.188308
0,0,0.188331
0,0,0.188376
0,0,0.188517
0,0,0.18853
0,0,0.189004
0,0,0.189103
0,0,0.189183
0,0,0.189419
0,0,0.189844
0,0,0.189895
0,0,0.190127
0,0,0.190421
0,0,0.190427
0,0,0.191549
0,0,0.191731
0,0,0.191951
0,0,0.191953
0,0,0.19206
0,0,0.192454
0,0,0.193041
0,0,0.193057
0,0,0.193577
0,0,0.193944
0,0,0.193948
0,0,0.194296
0,0,0.194356
0,0,0.194515
0,0,0.194691
0,0,0.194725
0,0,0.194864
0,0,0.195011
0,0,0.19508
0,0,0.195441
0,0,0.195919
0,0,0.195931
0,0,0.196005
0,0,0.196889
0,0,0.19741
0,0,0.197553
0,0,0.197555
0,0,0.197803
0,0,0.197845
0,0,0.198177
0,0,0.198581
0,0,0.199335
0,0,0.199783
0,0,0.199826
0,0,0.199863
0,0,0.199885
0,0,0.200062
0,0,0.200073
0,0,0.200121
0,0,0.200485
0,0,0.20058
0,0,0.200774
0,0,0.200855
0,0,0.201062
0,0,0.201257
0,0,0.201322
0,0,0.201387
0,0,0.201901
0,0,0.202686
0,0,0.20288
0,0,0.203439
0,0,0.203776
0,0,0.20406
0,0,0.204371
0,0,0.204455
0,0,0.205568
0,0,0.206417
0,0,0.206422
0,0,0.206474
0,0,0.206691
0,0,0.206901
0,0,0.206939
0,0,0.207164
0,0,0.207602
0,0,0.2077
0,0,0.208056
0,0,0.208328
0,0,0.209016
0,0,0.209359
0,0,0.209577
0,0,0.209606
0,0,0.209738
0,0,0.210018
0,0,0.210666
0,0,0.210742
0,0,0.210866
0,0,0.211192
0,0,0.211379
0,0,0.2117
0,0,0.211955
0,0,0.212258
0,0,0.213111
0,0,0.214511
0,0,0.214798
0,0,0.214846
0,0,0.214916
0,0,0.215095
0,0,0.215103
0,0,0.215158
0,0,0.215234
0,0,0.21571
0,0,0.215723
0,0,0.215814
0,0,0.216196
0,0,0.216241
0,0,0.216744
0,0,0.216848
0,0,0.21689
0,0,0.217095
0,0,0.217804
0,0,0.217928
0,0,0.217946
0,0,0.218586
0,0,0.218631
0,0,0.219176
0,0,0.219575
0,0,0.219782
0,0,0.219943
0,0,0.220165
0,0,0.220701
0,0,0.222668
0,0,0.222766
0,0,0.222917
0,0,0.223681
0,0,0.224152
0,0,0.224209
0,0,0.224308
0,0,0.224365
0,0,0.224373
0,0,0.224387
0,0,0.224399
0,0,0.224509
0,0,0.22486
0,0,0.224903
0,0,0.225244
0,0,0.22592
0,0,0.226063
0,0,0.226761
0,0,0.226762
0,0,0.227114
0,0,0.227527
0,0,0.227697
0,0,0.227803
0,0,0.22814
0,0,0.228295
0,0,0.228918
0,0,0.229111
0,0,0.22939
0,0,0.229525
0,0,0.229771
0,0,0.230041
0,0,0.230527
0,0,0.230551
0,0,0.230562
0,0,0.23078
0,0,0.231727
0,0,0.233022
0,0,0.233073
0,0,0.233111
0,0,0.233994
0,0,0.234855
0,0,0.234911
0,0,0.236065
0,0,0.236174
0,0,0.236292
0,0,0.237128
0,0,0.237241
0,0,0.237243
0,0,0.237425
0,0,0.237436
0,0,0.237737
0,0,0.237915
0,0,0.238357
0,0,0.239372
0,0,0.239635
0,0,0.23991
0,0,0.240557
0,0,0.241235
0,0,0.241568
0,0,0.241705
0,0,0.242427
0,0,0.242691
0,0,0.243164
0,0,0.243373
0,0,0.243461
0,0,0.244203
0,0,0.244576
0,0,0.245176
0,0,0.245197
0,0,0.245386
0,0,0.246254
0,0,0.246827
0,0,0.247085
0,0,0.247416
0,0,0.248441
0,0,0.248656
0,0,0.248786
0,0,0.248845
0,0,0.249078
0,0,0.249152
0,0,0.249285
0,0,0.25065
0,0,0.25083
0,0,0.251077
0,0,0.25136
0,0,0.251514
0,0,0.252003
0,0,0.253297
0,0,0.253304
0,0,0.253723
0,0,0.253914
0,0,0.254358
0,0,0.25512
0,0,0.255261
0,0,0.255492
0,0,0.25565
0,0,0.256539
0,0,0.25714
0,0,0.257625
0,0,0.257989
0,0,0.258603
0,0,0.258786
0,0,0.258822
0,0,0.258846
0,0,0.259007
0,0,0.259314
0,0,0.259367
0,0,0.25997
0,0,0.260335
0,0,0.260707
0,0,0.261246
0,0,0.26176
0,0,0.262087
0,0,0.262161
0,0,0.26264
0,0,0.263098
0,0,0.263757
0,0,0.263989
0,0,0.264026
0,0,0.264148
0,0,0.26423
0,0,0.264595
0,0,0.265921
0,0,0.266088
0,0,0.266401
0,0,0.266924
0,0,0.267021
0,0,0.267212
0,0,0.268239
0,0,0.268386
0,0,0.268569
0,0,0.268605
0,0,0.269093
0,0,0.27032
0,0,0.271059
0,0,0.271085
0,0,0.271829
0,0,0.271834
0,0,0.272105
0,0,0.272611
0,0,0.273336
0,0,0.273966
0,0,0.274046
0,0,0.274063
0,0,0.27416
0,0,0.274254
0,0,0.274273
0,0,0.274319
0,0,0.274444
0,0,0.274663
0,0,0.27484
0,0,0.275157
0,0,0.275488
0,0,0.275752
0,0,0.27637
0,0,0.276825
0,0,0.276948
0,0,0.27819
0,0,0.278947
0,0,0.27913
0,0,0.280083
0,0,0.280789
0,0,0.281067
0,0,0.281328
0,0,0.281409
0,0,0.28149
0,0,0.282484
0,0,0.282934
0,0,0.283175
0,0,0.28412
0,0,0.284532
0,0,0.284797
0,0,0.284907
0,0,0.284976
0,0,0.286844
0,0,0.287439
0,0,0.287814
0,0,0.287887
0,0,0.289857
0,0,0.289942
0,0,0.290407
0,0,0.291
0,0,0.291034
0,0,0.293263
0,0,0.293705
0,0,0.295783
0,0,0.296196
0,0,0.296904
0,0,0.297454
0,0,0.297708
0,0,0.297898
0,0,0.298283
0,0,0.298534
0,0,0.299193
0,0,0.299962
0,0,0.300041
0,0,0.300258
0,0,0.300446
0,0,0.300592
0,0,0.300613
0,0,0.300673
0,0,0.301445
0,0,0.301883
0,0,0.30438
0,0,0.304998
0,0,0.305031
0,0,0.305929
0,0,0.306187
0,0,0.307116
0,0,0.307168
0,0,0.307173
0,0,0.307916
0,0,0.307954
0,0,0.308286
0,0,0.308718
0,0,0.309173
0,0,0.310767
0,0,0.31087
0,0,0.313055
0,0,0.313319
0,0,0.313533
0,0,0.314304
0,0,0.314427
0,0,0.315003
0,0,0.316226
0,0,0.316259
0,0,0.318625
0,0,0.320309
0,0,0.320397
0,0,0.320663
0,0,0.321186
0,0,0.321435
0,0,0.321446
0,0,0.322027
0,0,0.322508
0,0,0.32285
0,0,0.323529
0,0,0.324056
0,0,0.324094
0,0,0.325362
0,0,0.325538
0,0,0.326017
0,0,0.326318
0,0,0.327728
0,0,0.327899
0,0,0.328097
0,0,0.328515
0,0,0.330152
0,0,0.332101
0,0,0.333187
0,0,0.333756
0,0,0.33407
0,0,0.335037
0,0,0.335111
0,0,0.335731
0,0,0.336428
0,0,0.336724
0,0,0.337522
0,0,0.337587
0,0,0.338434
0,0,0.340275
0,0,0.340912
0,0,0.341168
0,0,0.341186
0,0,0.341463
0,0,0.343261
0,0,0.343658
0,0,0.344131
0,0,0.345255
0,0,0.34594
0,0,0.346054
0,0,0.346205
0,0,0.346819
0,0,0.346873
0,0,0.347618
0,0,0.347884
0,0,0.348189
0,0,0.348191
0,0,0.348514
0,0,0.349008
0,0,0.350824
0,0,0.351331
0,0,0.351776
0,0,0.352524
0,0,0.352538
0,0,0.353721
0,0,0.354337
0,0,0.354451
0,0,0.354495
0,0,0.354515
0,0,0.355675
0,0,0.356225
0,0,0.357215
0,0,0.357807
0,0,0.357936
0,0,0.358042
0,0,0.360654
0,0,0.362172
0,0,0.364931
0,0,0.365225
0,0,0.368929
0,0,0.370935
0,0,0.372036
0,0,0.372825
0,0,0.373255
0,0,0.37327
0,0,0.373612
0,0,0.374018
0,0,0.374465
0,0,0.377094
0,0,0.378841
0,0,0.380521
0,0,0.380996
0,0,0.381927
0,0,0.382648
0,0,0.383082
0,0,0.3844
0,0,0.386171
0,0,0.386943
0,0,0.390375
0,0,0.391297
0,0,0.391478
0,0,0.392096
0,0,0.392693
0,0,0.394081
0,0,0.39444
0,0,0.398617
0,0,0.400445
0,0,0.401778
0,0,0.402386
0,0,0.402667
0,0,0.402771
0,0,0.404563
0,0,0.409077
0,0,0.409935
0,0,0.412733
0,0,0.413595
0,0,0.415769
0,0,0.419118
0,0,0.420872
0,0,0.422135
0,0,0.423727
0,0,0.423974
0,0,0.426015
0,0,0.431456
0,0,0.431747
0,0,0.432367
0,0,0.434875
0,0,0.436896
0,0,0.438504
0,0,0.442675
0,0,0.448292
0,0,0.449426
0,0,0.452426
0,0,0.455105
0,0,0.456453
0,0,0.464919
0,0,0.466039
0,0,0.474122
0,0,0.475097
0,0,0.476336
0,0,0.478311
0,0,0.482277
0,0,0.483649
0,0,0.490342
0,0,0.491916
0,0,0.493086
0,0,0.51246
0,0,0.514764
0,0,0.517145
0,0,0.524133
0,0,0.528419
0,0,0.529054
0,0,0.530951
0,0,0.531653
0,0,0.533558
0,0,0.534049
0,0,0.536817
0,0,0.538265
0,0,0.561766
0,0,0.564308
0,0,0.565829
0,0,0.596819
0,0,0.607179
0,0,0.608905
0,0,0.616825
0,0,0.617093
0,0,0.627676
0,0,0.643698
0,0,0.674896
0,0,0.682441
0,0,0.687774
0,0,0.700026
0,0,0.709852
0,0,0.717108
0,0,0.722065
0,0,0.731796
0,0,0.7722
0,0,0.796402
0,0,3
1,1.27751,1.27856
1,1.27607,1.29319
1,1.09109,1.1366
1,1.06305,1.10764
1,1.01798,1.42489
1,1.00377,1.01613
1,1.00282,1.17838
1,0.995896,0.998504
1,0.992172,1.09443
1,0.97549,1.08004
1,0.967367,1.09514
1,0.966442,1.00033
1,0.935619,1.001
1,0.901137,0.958831
1,0.897554,0.946854
1,0.894037,0.947203
1,0.853971,0.874729
1,0.853188,0.925146
1,0.839766,0.929631
1,0.837284,0.862307
1,0.826367,0.872702
1,0.819947,0.843592
1,0.819322,0.858276
1,0.808309,0.812928
1,0.800795,1.27166
1,0.791263,0.896634
1,0.789381,0.81554
1,0.781132,0.80748
1,0.778601,1.07454
1,0.762052,0.906391
1,0.747581,0.760854
1,0.735257,0.767271
1,0.72735,0.738662
1,0.712298,0.759313
1,0.711984,0.867608
1,0.710971,0.769075
1,0.707789,0.807864
1,0.682218,0.702215
1,0.667318,0.67025
1,0.655288,0.76918
1,0.65014,0.724048
1,0.636238,0.82056
1,0.635969,0.654564
1,0.635729,0.652881
1,0.633331,0.717081
1,0.629999,0.902018
1,0.614145,0.683149
1,0.61406,0.695661
1,0.613965,0.705435
1,0.611529,0.64559
1,0.608794,1.15858
1,0.606278,0.641638
1,0.600335,0.626783
1,0.58719,0.654543
1,0.584764,0.59993
1,0.582895,0.626266
1,0.582313,0.612425
1,0.57749,0.709279
1,0.568386,0.591043
1,0.560469,0.575328
1,0.557755,0.691932
1,0.556797,0.584459
1,0.555497,0.687765
1,0.550706,0.79966
1,0.546222,0.87977
1,0.533128,0.536147
1,0.533003,0.536439
1,0.529763,0.694201
1,0.529158,0.531204
1,0.526777,0.707822
1,0.524869,0.557858
1,0.524839,0.533272
1,0.524359,0.525069
1,0.522091,0.719572
1,0.521224,0.546041
1,0.521204,0.539717
1,0.520608,0.522227
1,0.51858,0.566888
1,0.51839,0.545253
1,0.515931,0.530945
1,0.506583,0.602471
1,0.50418,0.57734
1,0.503808,0.515656
1,0.503234,0.527469
1,0.50116,0.578065
1,0.497123,0.573556
1,0.495664,0.551199
1,0.4909,0.579861
1,0.489539,0.733907
1,0.488787,0.542165
1,0.486485,0.538966
1,0.485194,0.51931
1,0.483435,0.886997
1,0.481001,0.710023
1,0.480643,0.486623
1,0.479518,0.495456
1,0.475448,0.506533
1,0.471584,0.581987
1,0.471392,0.643982
1,0.470304,0.48355
1,0.466504,0.540555
1,0.46556,0.471946
1,0.464399,0.51175
1,0.463823,0.503656
1,0.46182,0.507263
1,0.461773,0.526374
1,0.461052,0.598357
1,0.457323,0.546214
1,0.456932,0.539836
1,0.45598,0.461458
1,0.452863,0.580245
1,0.450844,0.533256
1,0.450099,0.452772
1,0.449473,0.45126
1,0.448786,0.477937
1,0.447959,0.50295
1,0.447395,0.815951
1,0.444962,0.448961
1,0.440586,1.08729
1,0.440481,0.563251
1,0.439095,0.471221
1,0.436672,0.464254
1,0.436665,0.49812
1,0.433851,0.512872
1,0.431506,0.487471
1,0.431353,0.45595
1,0.430605,0.477436
1,0.430035,0.4828
1,0.427729,0.461917
1,0.425677,0.456816
1,0.424898,0.441796
1,0.423633,0.726468
1,0.422254,0.442469
1,0.420163,0.454251
1,0.420068,0.608697
1,0.419791,0.430234
1,0.4189,0.464817
1,0.413501,0.417055
1,0.411281,0.42373
1,0.410167,0.46631
1,0.409886,0.479244
1,0.408383,0.414864
1,0.408329,0.493524
1,0.408207,0.788052
1,0.40743,0.617497
1,0.406891,0.485176
1,0.406849,0.446963
1,0.405534,0.496258
1,0.400796,0.416826
1,0.399943,0.422143
1,0.399188,0.412685
1,0.399012,0.475194
1,0.398871,0.410482
1,0.398845,0.473666
1,0.398344,0.438663
1,0.395985,0.443108
1,0.395543,0.43107
1,0.394676,0.417218
1,0.394353,0.435016
1,0.392925,0.438338
1,0.392821,0.522616
1,0.392225,0.438914
1,0.390835,0.39181
1,0.38989,0.394923
1,0.389851,0.573233
1,0.388653,0.420673
1,0.38853,0.586785
1,0.387994,0.44639
1,0.387762,0.432394
1,0.385976,0.527272
1,0.382951,0.432169
1,0.378489,0.381887
1,0.378413,0.471486
1,0.378185,0.412581
1,0.377694,0.566168
1,0.376651,0.382925
1,0.375645,0.829815
1,0.375523,0.426656
1,0.375286,0.393657
1,0.375157,0.433231
1,0.374538,0.460751
1,0.373188,0.387214
1,0.371026,0.406889
1,0.370658,0.415552
1,0.369013,0.431772
1,0.36875,0.490949
1,0.368675,0.422283
1,0.367624,0.370173
1,0.366928,0.398624
1,0.364836,0.433874
1,0.363827,0.638403
1,0.362876,0.427393
1,0.362799,0.449089
1,0.362479,0.841284
1,0.361888,0.379165
1,0.361605,0.381179
1,0.357652,0.366769
1,0.35732,0.419253
1,0.35693,0.369946
1,0.355964,0.359197
1,0.353806,0.402365
1,0.352232,0.426089
1,0.351651,0.418161
1,0.351585,0.361479
1,0.350735,0.39551
1,0.349581,0.46578
1,0.348215,0.396976
1,0.348126,0.451
1,0.3474,0.436217
1,0.346245,0.448764
1,0.341569,0.368765
1,0.341536,0.346649
1,0.3414,0.348886
1,0.340931,0.395718
1,0.340229,0.362756
1,0.339823,0.377182
1,0.338226,0.359991
1,0.337941,0.545161
1,0.337501,0.3479
1,0.337469,0.347611
1,0.336584,0.35674
1,0.33489,0.340537
1,0.334704,0.576673
1,0.334389,0.444048
1,0.333194,0.345739
1,0.330043,0.406317
1,0.329365,0.61521
1,0.328743,0.370708
1,0.32484,0.464547
1,0.324454,0.399498
1,0.324316,0.381097
1,0.324233,0.32524
1,0.323684,0.32524
1,0.322898,0.590555
1,0.322677,0.386862
1,0.321695,0.331487
1,0.320397,0.383906
1,0.319236,0.326852
1,0.316558,0.417448
1,0.316545,0.43873
1,0.316282,0.364362
1,0.313541,0.315029
1,0.312889,0.481959
1,0.312047,0.333571
1,0.311875,0.330029
1,0.308046,0.531236
1,0.307581,0.422879
1,0.307113,0.370087
1,0.30645,0.361792
1,0.305056,0.45753
1,0.304341,0.397184
1,0.303322,0.348899
1,0.303099,0.319729
1,0.302789,0.317818
1,0.299739,0.301001
1,0.297208,0.374186
1,0.295599,0.329269
1,0.294793,0.30003
1,0.293358,0.345445
1,0.292134,0.297555
1,0.292079,0.381792
1,0.29127,0.352831
1,0.291043,0.306211
1,0.289424,0.369019
1,0.289286,0.292172
1,0.289259,0.307291
1,0.289165,0.319843
1,0.288356,0.296454
1,0.287853,0.292443
1,0.283932,0.291087
1,0.282224,0.30095
1,0.279472,0.294198
1,0.279329,0.297362
1,0.279156,0.32588
1,0.277987,0.308981
1,0.277738,0.298679
1,0.276511,0.38959
1,0.276481,0.298852
1,0.276428,0.293311
1,0.273285,0.278656
1,0.27117,0.285521
1,0.271026,0.459142
1,0.270959,0.27132
1,0.267994,0.286995
1,0.26766,0.283557
1,0.267374,0.349278
1,0.26719,0.277622
1,0.267135,0.316426
1,0.267062,0.278173
1,0.266785,0.295749
1,0.265411,0.323739
1,0.265144,0.318125
1,0.264786,0.290025
1,0.264523,0.284749
1,0.263943,0.292535
1,0.263598,0.319543
1,0.263435,0.345683
1,0.261486,0.31726
1,0.261004,0.37208
1,0.260732,0.267514
1,0.259418,0.273271
1,0.259076,0.372592
1,0.258103,0.326975
1,0.257029,0.275882
1,0.256206,0.322465
1,0.25539,0.268972
1,0.254588,0.254911
1,0.254306,0.288396
1,0.252987,0.273267
1,0.25261,0.279217
1,0.251857,0.430091
1,0.249225,0.33613
1,0.247806,0.250767
1,0.247234,0.258432
1,0.245127,0.25329
1,0.244064,0.255065
1,0.243455,0.249565
1,0.243126,0.297682
1,0.243113,0.253081
1,0.242482,0.352853
1,0.24119,0.377468
1,0.240078,0.319979
1,0.23985,0.346856
1,0.23963,0.266312
1,0.239295,0.29618
1,0.237117,0.261114
1,0.23576,0.256771
1,0.234822,0.25329
1,0.233885,0.237194
1,0.233316,0.339006
1,0.230877,0.284369
1,0.229881,0.237414
1,0.229377,0.298079
1,0.229176,0.285078
1,0.229026,0.279588
1,0.22756,0.284028
1,0.225659,0.233138
1,0.225539,0.344218
1,0.22469,0.290728
1,0.224391,0.23079
1,0.224014,0.234089
1,0.223913,0.333291
1,0.22322,0.273696
1,0.222925,0.285691
1,0.222922,0.319843
1,0.222353,0.285313
1,0.222244,0.238695
1,0.221676,0.222889
1,0.220927,0.225653
1,0.219367,0.233047
1,0.218581,0.228484
1,0.217711,0.233998
1,0.214848,0.215788
1,0.214453,0.22229
1,0.213966,0.224494
1,0.213948,0.231676
1,0.213464,0.265472
1,0.212252,0.227503
1,0.20973,0.240049
1,0.209057,0.299365
1,0.208016,0.250475
1,0.205879,0.226647
1,0.204313,0.220964
1,0.20254,0.206431
1,0.201939,0.245928
1,0.19998,0.234255
1,0.19941,0.220024
1,0.198219,0.265902
1,0.196913,0.202775
1,0.196768,0.375191
1,0.194405,0.222969
1,0.193928,0.197608
1,0.193068,0.231611
1,0.19282,0.203899
1,0.191305,0.217075
1,0.191033,0.243025
1,0.190101,0.226915
1,0.189555,0.200054
1,0.187681,0.271323
1,0.185128,0.213246
1,0.181232,0.19955
1,0.181023,0.194956
1,0.180915,0.189072
1,0.173474,0.196846
1,0.17323,0.187622
1,0.173148,0.19315
1,0.173147,0.174152
1,0.172396,0.258256
1,0.172028,0.172822
1,0.170953,0.181291
1,0.169368,0.211676
1,0.168427,0.176257
1,0.166384,0.170326
1,0.166382,0.176596
1,0.165535,0.185075
1,0.164836,0.19926
1,0.16228,0.165993
1,0.161563,0.16776
1,0.160741,0.186428
1,0.160536,0.181107
1,0.159556,0.191288
1,0.155928,0.159258
1,0.154824,0.158677
1,0.152298,0.180499
1,0.150136,0.178431
1,0.148455,0.162054
1,0.147902,0.1531
1,0.147538,0.158106
1,0.146947,0.178954
1,0.144514,0.172398
1,0.14447,0.155665
1,0.144094,0.202431
1,0.143861,0.144953
1,0.141931,0.150394
1,0.139894,0.164645
1,0.133814,0.145481
1,0.13339,0.178663
1,0.132926,0.16223
1,0.128048,0.153694
1,0.1249,0.140257
1,0.119076,0.122194
1,0.115378,0.131742
1,0.111071,0.11424
1,0.109903,0.109922
1,0.109449,0.118919
1,0.105101,0.10684
1,0.104448,0.111734
1,0.104265,0.188408
1,0.0981617,0.103988
1,0.0938416,0.0960596
1,0.0931785,0.0969473
1,0.0922217,0.0991171
1,0.0686918,0.0760662
1,0.0646061,0.086209
1,0.0643239,0.0653442
1,0.0622902,0.0668041
1,0.0446901,0.0460551
1,0.0353665,0.0474366
2,1.7512,1.75163
2,1.45701,1.50039
2,1.4405,1.44578
2,1.42171,1.49991
2,1.41092,1.43122
2,1.34543,1.43654
2,1.29141,1.45909
2,1.24085,1.33997
2,1.17062,1.18075
2,1.16564,1.16767
2,1.03873,1.06616
2,0.969622,1.04704
2,0.919277,0.927582
2,0.904261,0.908144
2,0.87977,0.881154
2,0.874021,0.971921
2,0.840271,0.85089
2,0.785723,0.813085
2,0.781148,0.814332
2,0.756797,0.801681
2,0.713555,0.733724
2,0.712797,0.726105
2,0.709956,0.74571
2,0.707198,0.714252
2,0.661904,0.689623
2,0.64961,0.652218
2,0.639023,0.652213
2,0.590383,0.617255
2,0.578129,0.608433
2,0.577381,0.580294
2,0.569018,0.589419
2,0.558739,0.571753
2,0.552858,0.567362
2,0.552149,0.6054
2,0.537392,0.540805
2,0.531478,0.536559
2,0.531029,0.565084
2,0.520242,0.557509
2,0.49812,0.521519
2,0.487935,0.501843
2,0.48355,0.485578
2,0.47897,0.496029
2,0.466526,0.494654
2,0.46446,0.469449
2,0.441379,0.464488
2,0.420993,0.489522
2,0.412185,0.417422
2,0.407885,0.454672
2,0.395902,0.406174
2,0.389156,0.41526
2,0.372633,0.387195
2,0.353303,0.41811
2,0.347345,0.348948
2,0.309463,0.347952
2,0.265345,0.268174
2,0.242917,0.255678
2,0.214061,0.248498
2,0.19183,0.200129
2,0.0887119,0.089846
