point cloud with 1620 points in dimension 3
0,0,0.0100213
0,0,0.0135325
0,0,0.0138641
0,0,0.014619
0,0,0.0155976
0,0,0.0159033
0,0,0.0166406
0,0,0.0169267
0,0,0.0170853
0,0,0.0173241
0,0,0.018627
0,0,0.018857
0,0,0.0190199
0,0,0.0192937
0,0,0.0194231
0,0,0.0196914
0,0,0.0200042
0,0,0.0203728
0,0,0.0204356
0,0,0.0209257
0,0,0.020985
0,0,0.0211915
0,0,0.0214151
0,0,0.0215404
0,0,0.0215546
0,0,0.0217875
0,0,0.0223015
0,0,0.0227241
0,0,0.0227332
0,0,0.0230694
0,0,0.0232396
0,0,0.0234441
0,0,0.0234535
0,0,0.0237128
0,0,0.0237453
0,0,0.0246561
0,0,0.024755
0,0,0.0248522
0,0,0.0250908
0,0,0.0251327
0,0,0.025286
0,0,0.02564
0,0,0.0256924
0,0,0.0258378
0,0,0.0262303
0,0,0.0263053
0,0,0.0263373
0,0,0.0264647
0,0,0.0266395
0,0,0.0267954
0,0,0.0269848
0,0,0.0270398
0,0,0.0270881
0,0,0.027304
0,0,0.0275051
0,0,0.0276124
0,0,0.0286421
0,0,0.0287399
0,0,0.0288124
0,0,0.0288682
0,0,0.0288881
0,0,0.0290396
0,0,0.0304352
0,0,0.0306622
0,0,0.0310015
0,0,0.0311106
0,0,0.0312868
0,0,0.0319829
0,0,0.032056
0,0,0.0321361
0,0,0.0322486
0,0,0.0322936
0,0,0.0325814
0,0,0.0326423
0,0,0.0330089
0,0,0.0330812
0,0,0.0331842
0,0,0.033573
0,0,0.0337649
0,0,0.0344833
0,0,0.0345482
0,0,0.0349977
0,0,0.0350508
0,0,0.0352444
0,0,0.0353383
0,0,0.0354464
0,0,0.0354753
0,0,0.0356531
0,0,0.03569
0,0,0.0360805
0,0,0.0360879
0,0,0.0361532
0,0,0.0362846
0,0,0.0365703
0,0,0.0367024
0,0,0.0369517
0,0,0.0372789
0,0,0.0375572
0,0,0.037699
0,0,0.0377338
0,0,0.0382084
0,0,0.0382232
0,0,0.0387437
0,0,0.0389885
0,0,0.0391796
0,0,0.0393707
0,0,0.0398654
0,0,0.0399345
0,0,0.0405455
0,0,0.0406102
0,0,0.0408301
0,0,0.0408668
0,0,0.0413958
0,0,0.0416962
0,0,0.0418469
0,0,0.0420627
0,0,0.0420998
0,0,0.0421028
0,0,0.0422416
0,0,0.0423319
0,0,0.0423415
0,0,0.0423624
0,0,0.0426412
0,0,0.0428662
0,0,0.0429608
0,0,0.043486
0,0,0.0434989
0,0,0.0435768
0,0,0.0436268
0,0,0.0437454
0,0,0.0438609
0,0,0.0439097
0,0,0.0440005
0,0,0.0441274
0,0,0.0441432
0,0,0.0442394
0,0,0.0444464
0,0,0.0444533
0,0,0.0447896
0,0,0.0448825
0,0,0.0450095
0,0,0.0452078
0,0,0.0454186
0,0,0.0454273
0,0,0.0455314
0,0,0.0456282
0,0,0.0461466
0,0,0.0461781
0,0,0.0465262
0,0,0.0465931
0,0,0.0468296
0,0,0.0470923
0,0,0.0472772
0,0,0.0472779
0,0,0.0475502
0,0,0.0476608
0,0,0.0476879
0,0,0.0478237
0,0,0.0478554
0,0,0.0480121
0,0,0.0480288
0,0,0.0481909
0,0,0.0483693
0,0,0.0485183
0,0,0.048752
0,0,0.0488181
0,0,0.0491491
0,0,0.049377
0,0,0.0494106
0,0,0.0497038
0,0,0.0497742
0,0,0.0497861
0,0,0.0499124
0,0,0.0499293
0,0,0.0499563
0,0,0.0500149
0,0,0.0501081
0,0,0.0501154
0,0,0.0503993
0,0,0.0504116
0,0,0.0504931
0,0,0.0505826
0,0,0.0506289
0,0,0.0506318
0,0,0.0506547
0,0,0.0506846
0,0,0.0511206
0,0,0.0512827
0,0,0.0513777
0,0,0.0514515
0,0,0.0514799
0,0,0.0515539
0,0,0.0516534
0,0,0.0517537
0,0,0.0518621
0,0,0.052156
0,0,0.0522525
0,0,0.0522909
0,0,0.0523493
0,0,0.0525482
0,0,0.0526187
0,0,0.0526848
0,0,0.053018
0,0,0.0530696
0,0,0.0533405
0,0,0.0534596
0,0,0.0535997
0,0,0.0536693
0,0,0.0542939
0,0,0.0543056
0,0,0.0544042
0,0,0.054449
0,0,0.0546703
0,0,0.0547979
0,0,0.0548988
0,0,0.0551698
0,0,0.0552376
0,0,0.0552651
0,0,0.0552844
0,0,0.0552904
0,0,0.0553028
0,0,0.0553149
0,0,0.0555253
0,0,0.0555271
0,0,0.0556295
0,0,0.0558194
0,0,0.055831
0,0,0.055918
0,0,0.0560024
0,0,0.0560043
0,0,0.0560839
0,0,0.0563356
0,0,0.0563428
0,0,0.0563755
0,0,0.0565229
0,0,0.0565776
0,0,0.0566707
0,0,0.0567143
0,0,0.0567318
0,0,0.0568158
0,0,0.0568213
0,0,0.0568637
0,0,0.0569866
0,0,0.0570264
0,0,0.0570667
0,0,0.0572932
0,0,0.0573493
0,0,0.0573579
0,0,0.0574259
0,0,0.057481
0,0,0.057487
0,0,0.05757
0,0,0.0576231
0,0,0.0576372
0,0,0.0578304
0,0,0.057862
0,0,0.0579222
0,0,0.0579915
0,0,0.0582964
0,0,0.058403
0,0,0.0584656
0,0,0.0584953
0,0,0.0585233
0,0,0.0587892
0,0,0.058932
0,0,0.0590499
0,0,0.0590645
0,0,0.0591421
0,0,0.0593604
0,0,0.0597875
0,0,0.0602532
0,0,0.0602599
0,0,0.0602815
0,0,0.0603816
0,0,0.0604677
0,0,0.0605547
0,0,0.0606315
0,0,0.0608425
0,0,0.0608887
0,0,0.06092
0,0,0.0610682
0,0,0.0613948
0,0,0.061525
0,0,0.0615604
0,0,0.061602
0,0,0.0618774
0,0,0.0619858
0,0,0.0620025
0,0,0.0624014
0,0,0.0624335
0,0,0.0625738
0,0,0.0625835
0,0,0.0626331
0,0,0.0628082
0,0,0.0629083
0,0,0.0630843
0,0,0.0632122
0,0,0.0632482
0,0,0.0632645
0,0,0.0635751
0,0,0.0636161
0,0,0.0637483
0,0,0.0638163
0,0,0.0643991
0,0,0.064613
0,0,0.0647381
0,0,0.0647982
0,0,0.0648548
0,0,0.0648635
0,0,0.0650146
0,0,0.0650989
0,0,0.0651529
0,0,0.0651953
0,0,0.0653248
0,0,0.0654356
0,0,0.0655488
0,0,0.0655985
0,0,0.0657789
0,0,0.0657933
0,0,0.0658662
0,0,0.0659211
0,0,0.0659892
0,0,0.0660052
0,0,0.0660446
0,0,0.0660673
0,0,0.0660835
0,0,0.0660868
0,0,0.0661504
0,0,0.0661787
0,0,0.0662148
0,0,0.0662314
0,0,0.0662812
0,0,0.0663109
0,0,0.0664529
0,0,0.0664757
0,0,0.0667115
0,0,0.0667907
0,0,0.0669463
0,0,0.0671118
0,0,0.0671969
0,0,0.067223
0,0,0.0672249
0,0,0.0672279
0,0,0.0672973
0,0,0.0675253
0,0,0.0676182
0,0,0.0676305
0,0,0.0677097
0,0,0.0679655
0,0,0.0681092
0,0,0.0682033
0,0,0.0682438
0,0,0.0682554
0,0,0.0683134
0,0,0.0685476
0,0,0.0685648
0,0,0.06867
0,0,0.0686846
0,0,0.0691354
0,0,0.0691482
0,0,0.0694708
0,0,0.0696787
0,0,0.0697829
0,0,0.0698684
0,0,0.06987
0,0,0.0698902
0,0,0.0700311
0,0,0.0702427
0,0,0.0702484
0,0,0.0702678
0,0,0.0702742
0,0,0.070378
0,0,0.0704207
0,0,0.0704726
0,0,0.0705573
0,0,0.0706763
0,0,0.0706776
0,0,0.0709806
0,0,0.0710387
0,0,0.0710761
0,0,0.071199
0,0,0.0712787
0,0,0.0714256
0,0,0.0716063
0,0,0.0716276
0,0,0.0716993
0,0,0.0717078
0,0,0.0717759
0,0,0.0718606
0,0,0.0721472
0,0,0.072161
0,0,0.0722829
0,0,0.0723751
0,0,0.0725169
0,0,0.0728713
0,0,0.0729335
0,0,0.0731061
0,0,0.0731565
0,0,0.0732776
0,0,0.0732861
0,0,0.0735816
0,0,0.0738072
0,0,0.0738251
0,0,0.0738916
0,0,0.0739463
0,0,0.0739767
0,0,0.0739884
0,0,0.0740251
0,0,0.0740938
0,0,0.0741508
0,0,0.0743532
0,0,0.0747026
0,0,0.0747931
0,0,0.0748517
0,0,0.075064
0,0,0.0750829
0,0,0.0750837
0,0,0.0753362
0,0,0.0753784
0,0,0.0754433
0,0,0.0754825
0,0,0.0755348
0,0,0.0755763
0,0,0.0756245
0,0,0.0760258
0,0,0.0760471
0,0,0.0760534
0,0,0.076453
0,0,0.0767991
0,0,0.0770946
0,0,0.0771961
0,0,0.077225
0,0,0.0773298
0,0,0.0774281
0,0,0.077622
0,0,0.0779841
0,0,0.0780046
0,0,0.0781417
0,0,0.0784066
0,0,0.0784405
0,0,0.0785928
0,0,0.0786877
0,0,0.0787851
0,0,0.0790133
0,0,0.0794453
0,0,0.079509
0,0,0.0795405
0,0,0.079637
0,0,0.0797822
0,0,0.0799609
0,0,0.0801894
0,0,0.0802237
0,0,0.0802429
0,0,0.080246
0,0,0.0802543
0,0,0.0806425
0,0,0.0806724
0,0,0.0806727
0,0,0.0807936
0,0,0.0809072
0,0,0.08099
0,0,0.0811094
0,0,0.0812471
0,0,0.0814125
0,0,0.0814442
0,0,0.0814801
0,0,0.0815699
0,0,0.0817439
0,0,0.0817557
0,0,0.0819142
0,0,0.0819278
0,0,0.0819668
0,0,0.0821224
0,0,0.0823294
0,0,0.0825852
0,0,0.082988
0,0,0.0830839
0,0,0.0832696
0,0,0.0832773
0,0,0.0833723
0,0,0.0835802
0,0,0.0836318
0,0,0.0836967
0,0,0.0837361
0,0,0.0838814
0,0,0.0838996
0,0,0.084016
0,0,0.0841556
0,0,0.0842568
0,0,0.0844218
0,0,0.0844344
0,0,0.0845524
0,0,0.0845851
0,0,0.0848029
0,0,0.0848662
0,0,0.0848882
0,0,0.0850562
0,0,0.0853063
0,0,0.0853119
0,0,0.0854055
0,0,0.0854451
0,0,0.0855201
0,0,0.0856031
0,0,0.0856587
0,0,0.0862139
0,0,0.086397
0,0,0.086421
0,0,0.0865534
0,0,0.0867848
0,0,0.0867912
0,0,0.0868165
0,0,0.0868804
0,0,0.0871501
0,0,0.0874968
0,0,0.0878558
0,0,0.0879356
0,0,0.0880039
0,0,0.0880763
0,0,0.0881274
0,0,0.0881645
0,0,0.0883121
0,0,0.0883906
0,0,0.0885212
0,0,0.0886481
0,0,0.0889087
0,0,0.0889579
0,0,0.0889896
0,0,0.0890268
0,0,0.089028
0,0,0.0890818
0,0,0.0891068
0,0,0.0891249
0,0,0.0892683
0,0,0.0893178
0,0,0.0893568
0,0,0.0895852
0,0,0.0896528
0,0,0.0898594
0,0,0.090393
0,0,0.0905471
0,0,0.090585
0,0,0.090656
0,0,0.091212
0,0,0.091249
0,0,0.0913309
0,0,0.0913809
0,0,0.0915019
0,0,0.0915429
0,0,0.0916108
0,0,0.0916797
0,0,0.0917289
0,0,0.0918641
0,0,0.0919007
0,0,0.0919839
0,0,0.0919974
0,0,0.0920536
0,0,0.0920547
0,0,0.0923549
0,0,0.0926975
0,0,0.0927286
0,0,0.0927573
0,0,0.0927936
0,0,0.0927938
0,0,0.0929469
0,0,0.0935512
0,0,0.093942
0,0,0.0939868
0,0,0.0941318
0,0,0.094163
0,0,0.0942061
0,0,0.0943946
0,0,0.0945262
0,0,0.0946057
0,0,0.0948133
0,0,0.0948183
0,0,0.0948266
0,0,0.0950082
0,0,0.0952148
0,0,0.0954345
0,0,0.0954612
0,0,0.0955606
0,0,0.0956984
0,0,0.0959592
0,0,0.0959847
0,0,0.09601
0,0,0.0961816
0,0,0.0961994
0,0,0.0965257
0,0,0.0967073
0,0,0.09693
0,0,0.0969327
0,0,0.0969459
0,0,0.0970427
0,0,0.0970836
0,0,0.0971025
0,0,0.0971619
0,0,0.0971779
0,0,0.0974723
0,0,0.0977068
0,0,0.0977707
0,0,0.0979488
0,0,0.0983389
0,0,0.098519
0,0,0.0987011
0,0,0.098856
0,0,0.0989791
0,0,0.0990681
0,0,0.099289
0,0,0.0993268
0,0,0.0993536
0,0,0.0995091
0,0,0.0995269
0,0,0.0995921
0,0,0.0998553
0,0,0.100001
0,0,0.100053
0,0,0.100076
0,0,0.10055
0,0,0.100701
0,0,0.100808
0,0,0.100859
0,0,0.100874
0,0,0.101341
0,0,0.101509
0,0,0.101627
0,0,0.10177
0,0,0.101809
0,0,0.102233
0,0,0.102563
0,0,0.103151
0,0,0.103219
0,0,0.103479
0,0,0.103501
0,0,0.103778
0,0,0.103952
0,0,0.104038
0,0,0.104324
0,0,0.104385
0,0,0.104574
0,0,0.104699
0,0,0.104704
0,0,0.105052
0,0,0.105083
0,0,0.105086
0,0,0.105318
0,0,0.105657
0,0,0.105991
0,0,0.106179
0,0,0.106241
0,0,0.106331
0,0,0.106411
0,0,0.106879
0,0,0.106881
0,0,0.106916
0,0,0.107038
0,0,0.107103
0,0,0.107227
0,0,0.107239
0,0,0.107432
0,0,0.107444
0,0,0.10747
0,0,0.107638
0,0,0.107841
0,0,0.107985
0,0,0.108357
0,0,0.108415
0,0,0.108713
0,0,0.108739
0,0,0.108835
0,0,0.108881
0,0,0.108897
0,0,0.109316
0,0,0.109483
0,0,0.10961
0,0,0.109849
0,0,0.110054
0,0,0.11017
0,0,0.110227
0,0,0.110326
0,0,0.11039
0,0,0.110461
0,0,0.110515
0,0,0.110606
0,0,0.110689
0,0,0.110984
0,0,0.111079
0,0,0.111727
0,0,0.11181
0,0,0.111837
0,0,0.112033
0,0,0.112138
0,0,0.112207
0,0,0.112418
0,0,0.112496
0,0,0.112796
0,0,0.112834
0,0,0.113016
0,0,0.113423
0,0,0.113542
0,0,0.113621
0,0,0.113677
0,0,0.113861
0,0,0.114179
0,0,0.114281
0,0,0.114334
0,0,0.114671
0,0,0.114763
0,0,0.114886
0,0,0.115263
0,0,0.115622
0,0,0.11563
0,0,0.115745
0,0,0.115816
0,0,0.115839
0,0,0.115923
0,0,0.116127
0,0,0.116204
0,0,0.116404
0,0,0.116458
0,0,0.116634
0,0,0.116818
0,0,0.116867
0,0,0.116952
0,0,0.117112
0,0,0.117118
0,0,0.117185
0,0,0.117337
0,0,0.117387
0,0,0.117768
0,0,0.118064
0,0,0.118155
0,0,0.118359
0,0,0.118496
0,0,0.118545
0,0,0.118798
0,0,0.118858
0,0,0.118903
0,0,0.11894
0,0,0.119118
0,0,0.119215
0,0,0.119392
0,0,0.119575
0,0,0.119714
0,0,0.119998
0,0,0.120214
0,0,0.120449
0,0,0.12068
0,0,0.120701
0,0,0.121036
0,0,0.121089
0,0,0.121128
0,0,0.12127
0,0,0.121293
0,0,0.121391
0,0,0.121522
0,0,0.121823
0,0,0.121844
0,0,0.12189
0,0,0.121961
0,0,0.12206
0,0,0.122072
0,0,0.122212
0,0,0.122238
0,0,0.122275
0,0,0.122439
0,0,0.122574
0,0,0.123047
0,0,0.12314
0,0,0.123356
0,0,0.123698
0,0,0.123732
0,0,0.124131
0,0,0.124255
0,0,0.124313
0,0,0.12441
0,0,0.124605
0,0,0.124912
0,0,0.125136
0,0,0.125545
0,0,0.125716
0,0,0.126073
0,0,0.12617
0,0,0.126202
0,0,0.126717
0,0,0.127025
0,0,0.127184
0,0,0.127367
0,0,0.127702
0,0,0.127778
0,0,0.127791
0,0,0.127831
0,0,0.127842
0,0,0.12807
0,0,0.128263
0,0,0.128298
0,0,0.1285
0,0,0.128698
0,0,0.128818
0,0,0.12891
0,0,0.128972
0,0,0.12904
0,0,0.129105
0,0,0.129197
0,0,0.129387
0,0,0.129428
0,0,0.12969
0,0,0.129704
0,0,0.130213
0,0,0.130294
0,0,0.13045
0,0,0.130454
0,0,0.130472
0,0,0.13069
0,0,0.130865
0,0,0.130891
0,0,0.130987
0,0,0.131184
0,0,0.131402
0,0,0.131749
0,0,0.131858
0,0,0.13215
0,0,0.132238
0,0,0.132351
0,0,0.132354
0,0,0.132537
0,0,0.132867
0,0,0.132876
0,0,0.133074
0,0,0.133121
0,0,0.133219
0,0,0.133327
0,0,0.133493
0,0,0.133549
0,0,0.133573
0,0,0.13383
0,0,0.133877
0,0,0.133884
0,0,0.134042
0,0,0.134091
0,0,0.134103
0,0,0.13417
0,0,0.134187
0,0,0.134293
0,0,0.134344
0,0,0.134596
0,0,0.134656
0,0,0.134673
0,0,0.134999
0,0,0.135093
0,0,0.13516
0,0,0.135478
0,0,0.135546
0,0,0.135556
0,0,0.135641
0,0,0.13568
0,0,0.135765
0,0,0.136082
0,0,0.136105
0,0,0.136181
0,0,0.136218
0,0,0.136384
0,0,0.136386
0,0,0.136451
0,0,0.13656
0,0,0.136614
0,0,0.136724
0,0,0.136824
0,0,0.136937
0,0,0.137129
0,0,0.137326
0,0,0.137334
0,0,0.137647
0,0,0.138006
0,0,0.138065
0,0,0.138266
0,0,0.138401
0,0,0.138458
0,0,0.138512
0,0,0.138969
0,0,0.139044
0,0,0.139074
0,0,0.139193
0,0,0.13938
0,0,0.139499
0,0,0.13951
0,0,0.139577
0,0,0.139879
0,0,0.14009
0,0,0.14018
0,0,0.140187
0,0,0.14036
0,0,0.140858
0,0,0.140957
0,0,0.141025
0,0,0.141046
0,0,0.141085
0,0,0.141181
0,0,0.141234
0,0,0.141334
0,0,0.141356
0,0,0.14143
0,0,0.141551
0,0,0.141988
0,0,0.1421
0,0,0.142246
0,0,0.142419
0,0,0.142524
0,0,0.142875
0,0,0.143027
0,0,0.143034
0,0,0.143205
0,0,0.143342
0,0,0.143356
0,0,0.143431
0,0,0.143665
0,0,0.14392
0,0,0.144134
0,0,0.144139
0,0,0.144331
0,0,0.144367
0,0,0.144377
0,0,0.144386
0,0,0.144458
0,0,0.144651
0,0,0.144716
0,0,0.144874
0,0,0.145145
0,0,0.145169
0,0,0.145237
0,0,0.146016
0,0,0.146168
0,0,0.146493
0,0,0.146624
0,0,0.146753
0,0,0.146769
0,0,0.146787
0,0,0.146923
0,0,0.147319
0,0,0.147389
0,0,0.14742
0,0,0.147462
0,0,0.147692
0,0,0.147876
0,0,0.148187
0,0,0.148216
0,0,0.148322
0,0,0.148371
0,0,0.148531
0,0,0.149762
0,0,0.150032
0,0,0.150133
0,0,0.150146
0,0,0.150171
0,0,0.150409
0,0,0.150731
0,0,0.150744
0,0,0.150854
0,0,0.150942
0,0,0.151131
0,0,0.151237
0,0,0.15138
0,0,0.151593
0,0,0.151755
0,0,0.151897
0,0,0.151951
0,0,0.152253
0,0,0.152423
0,0,0.153045
0,0,0.153155
0,0,0.153162
0,0,0.153535
0,0,0.153693
0,0,0.153938
0,0,0.153947
0,0,0.154114
0,0,0.15496
0,0,0.155017
0,0,0.155067
0,0,0.155202
0,0,0.155313
0,0,0.155618
0,0,0.15564
0,0,0.155696
0,0,0.156087
0,0,0.156396
0,0,0.156485
0,0,0.156954
0,0,0.156962
0,0,0.157037
0,0,0.15721
0,0,0.157302
0,0,0.157343
0,0,0.157413
0,0,0.157476
0,0,0.157788
0,0,0.158348
0,0,0.15849
0,0,0.158694
0,0,0.158852
0,0,0.159489
0,0,0.159558
0,0,0.159929
0,0,0.160016
0,0,0.160113
0,0,0.160758
0,0,0.160767
0,0,0.160834
0,0,0.161522
0,0,0.161757
0,0,0.161759
0,0,0.161761
0,0,0.162005
0,0,0.16226
0,0,0.162474
0,0,0.162482
0,0,0.162709
0,0,0.163904
0,0,0.164169
0,0,0.164897
0,0,0.165072
0,0,0.165244
0,0,0.165667
0,0,0.165685
0,0,0.165788
0,0,0.165904
0,0,0.166001
0,0,0.166024
0,0,0.166154
0,0,0.167221
0,0,0.167249
0,0,0.167254
0,0,0.16808
0,0,0.168377
0,0,0.168581
0,0,0.168762
0,0,0.168784
0,0,0.169137
0,0,0.169224
0,0,0.169274
0,0,0.169275
0,0,0.16941
0,0,0.16959
0,0,0.169973
0,0,0.170046
0,0,0.170096
0,0,0.170123
0,0,0.170169
0,0,0.170229
0,0,0.170266
0,0,0.170437
0,0,0.170551
0,0,0.170721
0,0,0.170803
0,0,0.171034
0,0,0.171148
0,0,0.171186
0,0,0.171461
0,0,0.171608
0,0,0.172096
0,0,0.172187
0,0,0.172366
0,0,0.172429
0,0,0.172479
0,0,0.172529
0,0,0.172633
0,0,0.172699
0,0,0.172845
0,0,0.173748
0,0,0.173769
0,0,0.173924
0,0,0.174013
0,0,0.17411
0,0,0.174151
0,0,0.174222
0,0,0.174245
0,0,0.174383
0,0,0.17452
0,0,0.174538
0,0,0.174787
0,0,0.174869
0,0,0.174998
0,0,0.175042
0,0,0.175313
0,0,0.175442
0,0,0.175827
0,0,0.176565
0,0,0.176851
0,0,0.176984
0,0,0.177333
0,0,0.177376
0,0,0.177552
0,0,0.178522
0,0,0.178629
0,0,0.178707
0,0,0.178755
0,0,0.17934
0,0,0.179562
0,0,0.179633
0,0,0.179654
0,0,0.179681
0,0,0.179708
0,0,0.179858
0,0,0.179994
0,0,0.180249
0,0,0.180453
0,0,0.1805
0,0,0.180686
0,0,0.180899
0,0,0.180902
0,0,0.181159
0,0,0.181248
0,0,0.18184
0,0,0.182148
0,0,0.182275
0,0,0.18234
0,0,0.182553
0,0,0.182777
0,0,0.183085
0,0,0.183808
0,0,0.184002
0,0,0.184142
0,0,0.184357
0,0,0.184741
0,0,0.184877
0,0,0.184952
0,0,0.185051
0,0,0.185463
0,0,0.185464
0,0,0.185473
0,0,0.185637
0,0,0.186236
0,0,0.186353
0,0,0.186558
0,0,0.186709
0,0,0.187302
0,0,0.18776
0,0,0.187798
0,0,0.188347
0,0,0.188548
0,0,0.18865
0,0,0.188799
0,0,0.189021
0,0,0.189861
0,0,0.189982
0,0,0.190098
0,0,0.190255
0,0,0.190429
0,0,0.190738
0,0,0.191155
0,0,0.191938
0,0,0.192474
0,0,0.193111
0,0,0.193363
0,0,0.193467
0,0,0.193483
0,0,0.193626
0,0,0.193807
0,0,0.19403
0,0,0.194207
0,0,0.194495
0,0,0.194534
0,0,0.194691
0,0,0.194782
0,0,0.194903
0,0,0.195061
0,0,0.19537
0,0,0.195841
0,0,0.196763
0,0,0.197015
0,0,0.197206
0,0,0.197658
0,0,0.198132
0,0,0.198348
0,0,0.198737
0,0,0.198932
0,0,0.19943
0,0,0.199892
0,0,0.199993
0,0,0.200203
0,0,0.200244
0,0,0.20042
0,0,0.200434
0,0,0.200698
0,0,0.200723
0,0,0.200779
0,0,0.201079
0,0,0.201095
0,0,0.201291
0,0,0.20146
0,0,0.204135
0,0,0.204393
0,0,0.204559
0,0,0.204758
0,0,0.205409
0,0,0.205488
0,0,0.205552
0,0,0.205631
0,0,0.20606
0,0,0.206112
0,0,0.206142
0,0,0.206183
0,0,0.206458
0,0,0.206683
0,0,0.207191
0,0,0.207197
0,0,0.207231
0,0,0.20727
0,0,0.20934
0,0,0.209666
0,0,0.209779
0,0,0.210012
0,0,0.210206
0,0,0.210792
0,0,0.211208
0,0,0.211263
0,0,0.211733
0,0,0.211758
0,0,0.211996
0,0,0.213092
0,0,0.213092
0,0,0.213164
0,0,0.213601
0,0,0.214923
0,0,0.214964
0,0,0.215368
0,0,0.215382
0,0,0.216734
0,0,0.216832
0,0,0.216844
0,0,0.218337
0,0,0.218691
0,0,0.219727
0,0,0.219994
0,0,0.220378
0,0,0.220406
0,0,0.220427
0,0,0.220834
0,0,0.221047
0,0,0.221724
0,0,0.222364
0,0,0.223147
0,0,0.223613
0,0,0.224249
0,0,0.224668
0,0,0.224685
0,0,0.225301
0,0,0.225376
0,0,0.225443
0,0,0.226056
0,0,0.227511
0,0,0.227588
0,0,0.228558
0,0,0.229189
0,0,0.229235
0,0,0.229288
0,0,0.229463
0,0,0.229815
0,0,0.229825
0,0,0.229938
0,0,0.230107
0,0,0.230669
0,0,0.230832
0,0,0.2319
0,0,0.232263
0,0,0.232539
0,0,0.232952
0,0,0.23317
0,0,0.233224
0,0,0.233445
0,0,0.234052
0,0,0.234676
0,0,0.234746
0,0,0.235113
0,0,0.235333
0,0,0.237122
0,0,0.237127
0,0,0.237486
0,0,0.237578
0,0,0.237709
0,0,0.238225
0,0,0.238342
0,0,0.238553
0,0,0.238561
0,0,0.23867
0,0,0.238724
0,0,0.238974
0,0,0.239042
0,0,0.239564
0,0,0.240395
0,0,0.24045
0,0,0.24064
0,0,0.240927
0,0,0.241505
0,0,0.241618
0,0,0.242837
0,0,0.242839
0,0,0.243056
0,0,0.243082
0,0,0.243423
0,0,0.243596
0,0,0.243788
0,0,0.243835
0,0,0.244183
0,0,0.244188
0,0,0.244536
0,0,0.244696
0,0,0.244917
0,0,0.244959
0,0,0.245062
0,0,0.245275
0,0,0.245642
0,0,0.245966
0,0,0.246363
0,0,0.246508
0,0,0.247282
0,0,0.247323
0,0,0.247978
0,0,0.248188
0,0,0.248853
0,0,0.249322
0,0,0.249332
0,0,0.25039
0,0,0.250719
0,0,0.251226
0,0,0.251252
0,0,0.251434
0,0,0.252064
0,0,0.252643
0,0,0.253462
0,0,0.254219
0,0,0.255415
0,0,0.256097
0,0,0.256381
0,0,0.257462
0,0,0.257618
0,0,0.257785
0,0,0.257829
0,0,0.257978
0,0,0.258189
0,0,0.258374
0,0,0.258492
0,0,0.259814
0,0,0.259925
0,0,0.260219
0,0,0.260656
0,0,0.260684
0,0,0.261428
0,0,0.262217
0,0,0.262222
0,0,0.262375
0,0,0.263125
0,0,0.263197
0,0,0.263653
0,0,0.264227
0,0,0.264283
0,0,0.264524
0,0,0.264835
0,0,0.266293
0,0,0.266529
0,0,0.267093
0,0,0.267373
0,0,0.267771
0,0,0.26864
0,0,0.268761
0,0,0.269133
0,0,0.269195
0,0,0.269761
0,0,0.270155
0,0,0.270281
0,0,0.270474
0,0,0.27292
0,0,0.272986
0,0,0.273844
0,0,0.27455
0,0,0.274861
0,0,0.275139
0,0,0.275167
0,0,0.275228
0,0,0.275855
0,0,0.27603
0,0,0.27624
0,0,0.276479
0,0,0.276668
0,0,0.277602
0,0,0.277797
0,0,0.278363
0,0,0.278963
0,0,0.278981
0,0,0.278993
0,0,0.280795
0,0,0.281023
0,0,0.281026
0,0,0.281057
0,0,0.281267
0,0,0.281273
0,0,0.281374
0,0,0.28143
0,0,0.281588
0,0,0.281641
0,0,0.281894
0,0,0.28249
0,0,0.282678
0,0,0.282937
0,0,0.283002
0,0,0.285292
0,0,0.285458
0,0,0.285633
0,0,0.28598
0,0,0.286498
0,0,0.28957
0,0,0.290426
0,0,0.292153
0,0,0.292259
0,0,0.292558
0,0,0.293714
0,0,0.293781
0,0,0.29426
0,0,0.29454
0,0,0.294718
0,0,0.294838
0,0,0.295046
0,0,0.2956
0,0,0.296133
0,0,0.296831
0,0,0.297926
0,0,0.297949
0,0,0.299015
0,0,0.299758
0,0,0.300791
0,0,0.301272
0,0,0.301377
0,0,0.301936
0,0,0.303265
0,0,0.303598
0,0,0.304236
0,0,0.304318
0,0,0.304388
0,0,0.304663
0,0,0.304693
0,0,0.304927
0,0,0.304951
0,0,0.306823
0,0,0.308263
0,0,0.310766
0,0,0.311211
0,0,0.311723
0,0,0.31178
0,0,0.312758
0,0,0.312798
0,0,0.31337
0,0,0.315191
0,0,0.315314
0,0,0.317806
0,0,0.318539
0,0,0.319251
0,0,0.31962
0,0,0.319817
0,0,0.319962
0,0,0.320622
0,0,0.321209
0,0,0.321408
0,0,0.321454
0,0,0.323473
0,0,0.323649
0,0,0.323784
0,0,0.3246
0,0,0.324607
0,0,0.325048
0,0,0.326435
0,0,0.326669
0,0,0.327958
0,0,0.328245
0,0,0.329142
0,0,0.329891
0,0,0.331186
0,0,0.332429
0,0,0.334882
0,0,0.335829
0,0,0.337304
0,0,0.338418
0,0,0.338727
0,0,0.338985
0,0,0.339938
0,0,0.340422
0,0,0.340506
0,0,0.340631
0,0,0.342578
0,0,0.342583
0,0,0.343947
0,0,0.344504
0,0,0.344992
0,0,0.345048
0,0,0.345222
0,0,0.346214
0,0,0.346963
0,0,0.349006
0,0,0.349832
0,0,0.350007
0,0,0.350353
0,0,0.350477
0,0,0.351633
0,0,0.351821
0,0,0.352519
0,0,0.353257
0,0,0.353599
0,0,0.354917
0,0,0.355377
0,0,0.356246
0,0,0.357492
0,0,0.358998
0,0,0.359136
0,0,0.36067
0,0,0.36205
0,0,0.362935
0,0,0.363143
0,0,0.363522
0,0,0.365146
0,0,0.365967
0,0,0.367541
0,0,0.367716
0,0,0.368028
0,0,0.368868
0,0,0.369938
0,0,0.371316
0,0,0.37172
0,0,0.373936
0,0,0.373937
0,0,0.37643
0,0,0.377357
0,0,0.379182
0,0,0.379285
0,0,0.379931
0,0,0.380559
0,0,0.381939
0,0,0.382167
0,0,0.382939
0,0,0.385557
0,0,0.387829
0,0,0.39209
0,0,0.392989
0,0,0.395285
0,0,0.396154
0,0,0.398704
0,0,0.399335
0,0,0.399838
0,0,0.401328
0,0,0.401439
0,0,0.403114
0,0,0.40436
0,0,0.405422
0,0,0.405787
0,0,0.408807
0,0,0.408819
0,0,0.409053
0,0,0.413941
0,0,0.415822
0,0,0.417906
0,0,0.419798
0,0,0.421038
0,0,0.42342
0,0,0.424567
0,0,0.424876
0,0,0.425759
0,0,0.426214
0,0,0.42624
0,0,0.429743
0,0,0.431406
0,0,0.433701
0,0,0.43423
0,0,0.4392
0,0,0.443557
0,0,0.447111
0,0,0.450101
0,0,0.452167
0,0,0.457496
0,0,0.457694
0,0,0.466703
0,0,0.467483
0,0,0.469912
0,0,0.477762
0,0,0.477997
0,0,0.479786
0,0,0.479871
0,0,0.481326
0,0,0.482314
0,0,0.486239
0,0,0.494871
0,0,0.503826
0,0,0.505916
0,0,0.510913
0,0,0.517711
0,0,0.522039
0,0,0.525338
0,0,0.543711
0,0,0.545007
0,0,0.548296
0,0,0.55629
0,0,0.557405
0,0,0.565414
0,0,0.571912
0,0,0.578766
0,0,0.592524
0,0,0.595586
0,0,0.602425
0,0,0.608947
0,0,0.628202
0,0,0.635432
0,0,0.668756
0,0,0.671565
0,0,0.682031
0,0,0.702985
0,0,0.712817
0,0,0.717835
0,0,0.731009
0,0,0.732569
0,0,0.756906
0,0,0.761214
0,0,0.814058
0,0,0.88684
0,0,3
1,1.13741,1.15086
1,1.12194,1.23571
1,1.11926,1.14903
1,1.06198,1.32434
1,1.04688,1.05143
1,0.997316,1.1179
1,0.996727,1.12502
1,0.961865,1.08951
1,0.943428,1.02184
1,0.928755,1.32416
1,0.869523,0.880095
1,0.869067,1.25979
1,0.834136,0.938217
1,0.832475,0.832743
1,0.806402,0.817772
1,0.779471,0.918872
1,0.755273,0.762839
1,0.722461,0.847308
1,0.720656,0.746145
1,0.719369,0.72319
1,0.718418,0.906383
1,0.70271,0.81717
1,0.70047,0.786067
1,0.696392,0.7111
1,0.694968,0.782049
1,0.688451,1.42368
1,0.68778,0.819616
1,0.686183,0.73303
1,0.679357,0.683195
1,0.678508,0.694763
1,0.67582,0.70303
1,0.659881,0.663578
1,0.659229,0.694726
1,0.657464,0.740931
1,0.655245,0.658846
1,0.652672,0.715619
1,0.643627,1.06765
1,0.641475,0.746537
1,0.641387,0.731188
1,0.632789,0.711254
1,0.630677,0.709925
1,0.629519,0.739067
1,0.625735,0.692026
1,0.618854,0.644192
1,0.611547,0.876543
1,0.588005,0.815191
1,0.58394,0.656616
1,0.561565,0.602809
1,0.556809,0.630417
1,0.546683,0.62598
1,0.545886,0.621046
1,0.54454,0.550574
1,0.543032,0.65813
1,0.541456,0.651937
1,0.540666,0.546209
1,0.540196,0.577506
1,0.538875,0.606966
1,0.536414,0.565227
1,0.536223,0.579198
1,0.535872,0.826106
1,0.534199,0.542289
1,0.522801,0.581245
1,0.521537,0.668304
1,0.518477,0.569729
1,0.514693,0.615215
1,0.51301,0.522165
1,0.512127,0.667098
1,0.511645,0.513207
1,0.509377,0.516114
1,0.509263,0.665394
1,0.508218,0.521798
1,0.507546,0.817826
1,0.506681,0.559775
1,0.500782,0.594798
1,0.500146,0.505288
1,0.49837,0.500008
1,0.493769,0.636789
1,0.491383,0.564946
1,0.491313,0.519424
1,0.490389,0.53174
1,0.489044,0.57058
1,0.486138,0.562834
1,0.485485,0.520929
1,0.480569,0.532884
1,0.480272,0.699595
1,0.479147,0.494533
1,0.476053,0.666763
1,0.475682,0.6065
1,0.475239,0.512476
1,0.474529,0.506837
1,0.47149,0.559713
1,0.471035,0.500756
1,0.467577,0.502698
1,0.467505,0.481899
1,0.466106,0.475346
1,0.465874,0.498067
1,0.46552,0.473253
1,0.465508,0.470475
1,0.46431,0.464409
1,0.458812,0.731883
1,0.454009,0.505997
1,0.453733,0.490064
1,0.451231,0.460128
1,0.449735,0.608457
1,0.449552,0.462994
1,0.449012,0.466145
1,0.448179,0.451697
1,0.447834,0.461807
1,0.447271,0.49529
1,0.444657,0.464082
1,0.442765,1.17354
1,0.442468,0.483943
1,0.442296,0.450746
1,0.441924,0.518211
1,0.441706,0.475481
1,0.440947,0.73878
1,0.439942,0.481187
1,0.438756,0.561481
1,0.437851,0.562921
1,0.437403,0.555458
1,0.434325,0.439714
1,0.434291,0.457421
1,0.434276,0.642601
1,0.433385,0.53137
1,0.430232,0.461582
1,0.427941,0.449543
1,0.427656,0.448551
1,0.427521,0.663452
1,0.42572,0.47003
1,0.424866,0.483091
1,0.424468,0.490417
1,0.423025,0.565528
1,0.422241,0.585941
1,0.418882,0.518996
1,0.418291,0.557935
1,0.416447,0.471723
1,0.41418,0.530214
1,0.412964,0.455801
1,0.411883,0.488484
1,0.411077,0.515296
1,0.410405,0.424159
1,0.40496,0.469216
1,0.403261,0.515247
1,0.402911,0.434606
1,0.399968,0.471614
1,0.398649,0.410911
1,0.397844,0.430499
1,0.394318,0.394321
1,0.393954,0.449297
1,0.393226,0.407726
1,0.393067,0.419149
1,0.390578,0.785525
1,0.389987,0.394817
1,0.389547,0.830243
1,0.388977,0.415476
1,0.388102,0.433274
1,0.385606,0.437428
1,0.38317,0.524593
1,0.382556,0.465272
1,0.382464,0.980378
1,0.380626,0.44779
1,0.37853,0.379638
1,0.377348,0.433235
1,0.37349,0.44241
1,0.373468,0.431737
1,0.372742,0.468703
1,0.371731,0.454924
1,0.369253,0.446703
1,0.366594,0.391949
1,0.365921,0.429454
1,0.362911,0.398297
1,0.362894,0.368335
1,0.361961,0.46176
1,0.360815,0.408642
1,0.360487,0.43404
1,0.359562,0.52472
1,0.357875,0.467883
1,0.357807,0.498302
1,0.354475,0.397859
1,0.35416,0.432173
1,0.353905,0.393453
1,0.352636,0.474268
1,0.351163,0.352496
1,0.346926,0.517235
1,0.345306,0.346846
1,0.344861,0.357965
1,0.344812,0.425753
1,0.34436,0.388176
1,0.339736,0.351142
1,0.336701,0.547466
1,0.336404,0.36084
1,0.336347,0.353535
1,0.332659,0.352346
1,0.331889,0.34306
1,0.331639,0.510056
1,0.331272,0.357966
1,0.32937,0.349015
1,0.328931,0.442166
1,0.328816,0.332885
1,0.327672,0.439887
1,0.327324,0.412547
1,0.32615,0.326473
1,0.325221,0.329527
1,0.325004,0.424012
1,0.324656,0.370104
1,0.318147,0.356962
1,0.317317,0.335617
1,0.316846,0.352458
1,0.315679,0.404403
1,0.314759,0.33601
1,0.314287,0.363118
1,0.313761,0.365918
1,0.313306,0.319236
1,0.311978,0.320055
1,0.311099,0.321834
1,0.308533,0.361113
1,0.307191,0.483802
1,0.303697,0.428136
1,0.30365,0.34471
1,0.303187,0.368282
1,0.302967,0.402425
1,0.302775,0.354727
1,0.302732,0.31976
1,0.30244,0.644474
1,0.301987,0.313715
1,0.30155,0.338637
1,0.297595,0.353532
1,0.29716,0.303374
1,0.296382,0.415062
1,0.295426,0.371396
1,0.295137,0.328005
1,0.294792,0.404575
1,0.294111,0.308661
1,0.29373,0.310135
1,0.291472,0.341635
1,0.289698,0.404656
1,0.289624,0.297391
1,0.287998,0.302178
1,0.287584,0.318508
1,0.283859,0.303457
1,0.282307,0.301602
1,0.281685,0.329715
1,0.281282,0.307583
1,0.278039,0.337825
1,0.275518,0.349184
1,0.275059,0.338658
1,0.274656,0.311486
1,0.271916,0.278793
1,0.271135,0.333483
1,0.268888,0.344378
1,0.264968,0.267881
1,0.264718,0.280164
1,0.264035,0.278046
1,0.26368,0.386527
1,0.263304,0.312396
1,0.26282,0.274708
1,0.262479,0.270917
1,0.26155,0.292061
1,0.26152,0.297815
1,0.259549,0.272058
1,0.259396,0.282085
1,0.256959,0.267329
1,0.256644,0.260921
1,0.256218,0.274503
1,0.256018,0.258651
1,0.255317,0.280111
1,0.255083,0.28667
1,0.250937,0.305748
1,0.249293,0.291421
1,0.248915,0.295204
1,0.248644,0.257146
1,0.248401,0.259522
1,0.246232,0.295094
1,0.24612,0.269159
1,0.245821,0.28667
1,0.244679,0.329945
1,0.243639,0.263349
1,0.243445,0.256939
1,0.243059,0.284489
1,0.242972,0.328763
1,0.242095,0.323602
1,0.241495,0.276978
1,0.241461,0.251574
1,0.241455,0.245894
1,0.241404,0.248935
1,0.241389,0.295051
1,0.241133,0.264965
1,0.240675,0.36148
1,0.239976,0.278046
1,0.239627,0.250505
1,0.239072,0.283875
1,0.237413,0.241882
1,0.237295,0.252741
1,0.237251,0.242204
1,0.237127,0.32527
1,0.233245,0.235157
1,0.23294,0.261099
1,0.232864,0.283113
1,0.232469,0.270416
1,0.232171,0.254856
1,0.23142,0.255888
1,0.229913,0.244266
1,0.229045,0.240104
1,0.228809,0.232814
1,0.225951,0.291429
1,0.225186,0.272592
1,0.224421,0.31167
1,0.224089,0.25398
1,0.22355,0.23007
1,0.222833,0.2508
1,0.222623,0.368335
1,0.220872,0.222048
1,0.218949,0.259848
1,0.218783,0.279506
1,0.21819,0.253924
1,0.218087,0.249023
1,0.216188,0.225693
1,0.214476,0.236082
1,0.214246,0.216214
1,0.214227,0.314869
1,0.214062,0.241878
1,0.213505,0.219387
1,0.210809,0.248413
1,0.210528,0.252117
1,0.210187,0.213925
1,0.209678,0.270904
1,0.209583,0.229205
1,0.209202,0.293899
1,0.207978,0.21835
1,0.207564,0.302374
1,0.207278,0.210228
1,0.205528,0.242487
1,0.202966,0.288628
1,0.201257,0.276443
1,0.201172,0.209289
1,0.199438,0.203531
1,0.19927,0.216101
1,0.198664,0.219808
1,0.198354,0.203018
1,0.197859,0.247531
1,0.196827,0.228963
1,0.196472,0.207179
1,0.195784,0.201237
1,0.194146,0.207378
1,0.192026,0.218565
1,0.191265,0.196598
1,0.189026,0.215108
1,0.188744,0.254044
1,0.188679,0.197894
1,0.188608,0.199614
1,0.187728,0.189621
1,0.187449,0.203577
1,0.186923,0.232273
1,0.186762,0.268803
1,0.186301,0.194227
1,0.186009,0.203171
1,0.185763,0.189709
1,0.185403,0.233889
1,0.184866,0.213843
1,0.184808,0.194278
1,0.184222,0.186291
1,0.183769,0.190457
1,0.18372,0.227356
1,0.18214,0.187332
1,0.182022,0.18656
1,0.180853,0.253298
1,0.180446,0.187073
1,0.179734,0.179858
1,0.178036,0.208491
1,0.177956,0.278517
1,0.177751,0.200144
1,0.177584,0.183785
1,0.177358,0.199617
1,0.177106,0.18931
1,0.176602,0.190571
1,0.175763,0.18891
1,0.17549,0.260864
1,0.175419,0.206749
1,0.175344,0.175985
1,0.174925,0.212306
1,0.174584,0.205207
1,0.174566,0.195393
1,0.173973,0.216844
1,0.173676,0.176574
1,0.17319,0.179989
1,0.172859,0.181155
1,0.172406,0.187156
1,0.17066,0.179642
1,0.170518,0.176939
1,0.17015,0.219981
1,0.16985,0.205886
1,0.168989,0.186011
1,0.168554,0.186083
1,0.168534,0.203916
1,0.168009,0.201405
1,0.167038,0.19012
1,0.166741,0.16756
1,0.165415,0.169113
1,0.165392,0.202139
1,0.161851,0.165014
1,0.159662,0.190043
1,0.158598,0.179814
1,0.157751,0.224354
1,0.156281,0.191438
1,0.155915,0.158567
1,0.155873,0.160979
1,0.15521,0.200485
1,0.154077,0.214433
1,0.153552,0.182823
1,0.153419,0.157754
1,0.152939,0.209885
1,0.152802,0.185091
1,0.152732,0.201317
1,0.152321,0.173864
1,0.152106,0.19409
1,0.151922,0.177212
1,0.15149,0.152977
1,0.150144,0.204997
1,0.149968,0.178151
1,0.149598,0.172487
1,0.149123,0.158308
1,0.148682,0.151431
1,0.148331,0.152927
1,0.147803,0.148731
1,0.147441,0.161098
1,0.147065,0.156462
1,0.146595,0.179842
1,0.144454,0.191542
1,0.142216,0.191356
1,0.142002,0.19991
1,0.141838,0.157318
1,0.141231,0.160244
1,0.139034,0.189673
1,0.138678,0.175059
1,0.138182,0.186917
1,0.137994,0.165212
1,0.136899,0.159622
1,0.136753,0.151134
1,0.1363,0.168842
1,0.135621,0.15596
1,0.135502,0.138523
1,0.133204,0.146686
1,0.132765,0.154842
1,0.132574,0.182167
1,0.132397,0.136519
1,0.132096,0.13999
1,0.130928,0.147688
1,0.130251,0.135287
1,0.130202,0.172879
1,0.129769,0.165989
1,0.128641,0.16431
1,0.127425,0.132768
1,0.125681,0.156958
1,0.124138,0.129941
1,0.123202,0.140925
1,0.12147,0.125325
1,0.120793,0.138371
1,0.120755,0.135931
1,0.120492,0.121582
1,0.120031,0.16412
1,0.119886,0.131292
1,0.118301,0.148277
1,0.117471,0.146625
1,0.115633,0.121439
1,0.113395,0.138965
1,0.112896,0.156777
1,0.112227,0.112264
1,0.112068,0.117748
1,0.112054,0.135533
1,0.111891,0.124355
1,0.110445,0.118361
1,0.109001,0.129963
1,0.107516,0.116304
1,0.107011,0.112971
1,0.106603,0.112391
1,0.106436,0.114173
1,0.106127,0.107479
1,0.106111,0.109727
1,0.105357,0.126156
1,0.105344,0.164434
1,0.103231,0.104003
1,0.103002,0.106405
1,0.102922,0.129432
1,0.102287,0.107166
1,0.101753,0.112325
1,0.100233,0.146557
1,0.0998644,0.127386
1,0.0980716,0.101549
1,0.0980436,0.128657
1,0.0980424,0.111563
1,0.0973288,0.107908
1,0.0962766,0.099751
1,0.0961069,0.128929
1,0.0960502,0.109314
1,0.0960036,0.112323
1,0.0947683,0.108289
1,0.0947551,0.116198
1,0.0934772,0.110244
1,0.0926441,0.0940712
1,0.0917917,0.112691
1,0.0916812,0.0990741
1,0.0912497,0.0943173
1,0.0908248,0.110574
1,0.0903647,0.0932962
1,0.0901678,0.116364
1,0.0878027,0.10357
1,0.0876524,0.0996936
1,0.0874825,0.108442
1,0.0860759,0.0947799
1,0.0854664,0.0969775
1,0.0854188,0.105252
1,0.0853798,0.0955745
1,0.085283,0.101039
1,0.0848564,0.0849104
1,0.0848498,0.0899036
1,0.0846134,0.123718
1,0.0822031,0.112525
1,0.0813984,0.0816108
1,0.0790022,0.123943
1,0.0788146,0.0891565
1,0.0749623,0.0823383
1,0.0746791,0.0872082
1,0.0726264,0.0855087
1,0.0725385,0.0824515
1,0.0721295,0.0908361
1,0.0708817,0.0795859
1,0.0701894,0.109751
1,0.062003,0.0690971
1,0.056261,0.0684348
1,0.0541444,0.054149
2,2.05647,2.12848
2,1.41455,1.44187
2,1.35501,1.50254
2,1.29698,1.32165
2,1.26149,1.30548
2,1.24406,1.25255
2,1.23911,1.25726
2,1.18273,1.28229
2,1.0773,1.09966
2,0.97405,0.996008
2,0.886031,0.892818
2,0.873998,0.89761
2,0.830232,0.838557
2,0.789988,0.817193
2,0.744336,0.78534
2,0.718498,0.745647
2,0.71464,0.781046
2,0.709925,0.742198
2,0.706771,0.761368
2,0.704531,0.712816
2,0.684111,0.706614
2,0.677055,0.756098
2,0.67678,0.736993
2,0.662435,0.729367
2,0.654461,0.678237
2,0.644586,0.661779
2,0.582356,0.613041
2,0.560331,0.566338
2,0.546775,0.552667
2,0.523186,0.523342
2,0.520823,0.521498
2,0.518453,0.556666
2,0.50969,0.513553
2,0.507375,0.525082
2,0.486878,0.526475
2,0.48554,0.502881
2,0.483367,0.491753
2,0.482101,0.484787
2,0.469877,0.486599
2,0.465325,0.504202
2,0.443602,0.520372
2,0.441041,0.462113
2,0.439831,0.461138
2,0.384164,0.41635
2,0.378744,0.389829
2,0.373908,0.411438
2,0.370729,0.386459
2,0.346963,0.388176
2,0.334587,0.352952
2,0.333278,0.354954
2,0.329877,0.335406
2,0.320752,0.323884
2,0.314936,0.342943
2,0.300405,0.31882
2,0.297893,0.30522
2,0.289563,0.293802
2,0.284631,0.299308
2,0.281131,0.307972
2,0.274536,0.306051
2,0.269152,0.283373
2,0.268803,0.283388
2,0.262813,0.265486
2,0.252215,0.256057
2,0.232984,0.233989
2,0.232683,0.236674
2,0.230998,0.232578
2,0.230995,0.232763
2,0.224141,0.234496
2,0.221893,0.224274
2,0.221413,0.237064
2,0.219324,0.230736
2,0.209887,0.21625
2,0.205845,0.214022
2,0.204589,0.207587
2,0.20407,0.204141
2,0.190552,0.216235
2,0.183386,0.195749
2,0.174087,0.176309
2,0.173482,0.176178
2,0.167415,0.170569
2,0.143398,0.144039
2,0.136556,0.146834
2,0.111275,0.115518
