point cloud with 1415 points in dimension 3
0,0,0.0105997
0,0,0.0121529
0,0,0.0137312
0,0,0.0165908
0,0,0.016996
0,0,0.0177849
0,0,0.018179
0,0,0.0197426
0,0,0.0197819
0,0,0.0199643
0,0,0.0199945
0,0,0.0204904
0,0,0.0207857
0,0,0.021469
0,0,0.0221046
0,0,0.0223101
0,0,0.0227239
0,0,0.0229573
0,0,0.0230699
0,0,0.0232186
0,0,0.0242221
0,0,0.0249702
0,0,0.0253959
0,0,0.0255017
0,0,0.0266296
0,0,0.0266946
0,0,0.0270402
0,0,0.0271642
0,0,0.028864
0,0,0.0288962
0,0,0.0289382
0,0,0.0292205
0,0,0.0294036
0,0,0.0294465
0,0,0.0295709
0,0,0.0295731
0,0,0.0297536
0,0,0.0297795
0,0,0.0299692
0,0,0.0308918
0,0,0.0314797
0,0,0.0318024
0,0,0.0318235
0,0,0.0323588
0,0,0.0323839
0,0,0.0325688
0,0,0.0327709
0,0,0.0330496
0,0,0.0359376
0,0,0.0360254
0,0,0.0361021
0,0,0.0362854
0,0,0.0364647
0,0,0.0365868
0,0,0.0366691
0,0,0.037276
0,0,0.0376445
0,0,0.0376815
0,0,0.0376913
0,0,0.0377748
0,0,0.037779
0,0,0.0380799
0,0,0.0381363
0,0,0.0382557
0,0,0.0383718
0,0,0.0384016
0,0,0.0384368
0,0,0.0388685
0,0,0.039017
0,0,0.0392107
0,0,0.0393903
0,0,0.039407
0,0,0.040099
0,0,0.0404783
0,0,0.0405291
0,0,0.0407967
0,0,0.0408467
0,0,0.040898
0,0,0.0410447
0,0,0.0410716
0,0,0.0413842
0,0,0.0416032
0,0,0.0416212
0,0,0.0422283
0,0,0.0423581
0,0,0.0423686
0,0,0.0426983
0,0,0.0431959
0,0,0.0434407
0,0,0.0434574
0,0,0.0434903
0,0,0.0436291
0,0,0.0436363
0,0,0.0437072
0,0,0.0437906
0,0,0.04394
0,0,0.0443751
0,0,0.0444551
0,0,0.0444928
0,0,0.0445492
0,0,0.0445511
0,0,0.0447233
0,0,0.0447258
0,0,0.0447551
0,0,0.0449058
0,0,0.0450511
0,0,0.0453994
0,0,0.0454883
0,0,0.0455852
0,0,0.0460865
0,0,0.0461792
0,0,0.0465416
0,0,0.046616
0,0,0.046689
0,0,0.0468219
0,0,0.0469207
0,0,0.0470258
0,0,0.0470343
0,0,0.0474687
0,0,0.0476501
0,0,0.0476767
0,0,0.0477305
0,0,0.0477582
0,0,0.0477635
0,0,0.0481542
0,0,0.0483512
0,0,0.0483821
0,0,0.0483989
0,0,0.048642
0,0,0.0488823
0,0,0.0489296
0,0,0.0493614
0,0,0.049549
0,0,0.0497147
0,0,0.049983
0,0,0.0499959
0,0,0.050169
0,0,0.0502898
0,0,0.050317
0,0,0.0504665
0,0,0.0505338
0,0,0.0506025
0,0,0.0507246
0,0,0.0508224
0,0,0.0508358
0,0,0.0510905
0,0,0.0511066
0,0,0.0511567
0,0,0.0514883
0,0,0.051517
0,0,0.0519965
0,0,0.0520219
0,0,0.052216
0,0,0.0526958
0,0,0.0527181
0,0,0.0527345
0,0,0.0527508
0,0,0.0528265
0,0,0.05304
0,0,0.0531503
0,0,0.053247
0,0,0.05343
0,0,0.0535528
0,0,0.0538769
0,0,0.0541313
0,0,0.0542092
0,0,0.0542215
0,0,0.0542258
0,0,0.0543282
0,0,0.0545451
0,0,0.0546424
0,0,0.0550073
0,0,0.0551257
0,0,0.0551982
0,0,0.0551994
0,0,0.0552603
0,0,0.0555209
0,0,0.0556205
0,0,0.05566
0,0,0.0557033
0,0,0.0557755
0,0,0.0557769
0,0,0.0559324
0,0,0.0561127
0,0,0.0562824
0,0,0.0563977
0,0,0.0566369
0,0,0.0568232
0,0,0.0568366
0,0,0.0570764
0,0,0.0571064
0,0,0.0573091
0,0,0.0573358
0,0,0.0581549
0,0,0.0582848
0,0,0.0586215
0,0,0.0587117
0,0,0.0587245
0,0,0.0589141
0,0,0.0590088
0,0,0.0590204
0,0,0.0590431
0,0,0.0591111
0,0,0.0591351
0,0,0.0591654
0,0,0.0591962
0,0,0.0592088
0,0,0.0596488
0,0,0.0597062
0,0,0.0597293
0,0,0.0598915
0,0,0.0606372
0,0,0.0607356
0,0,0.0607921
0,0,0.0609915
0,0,0.0612288
0,0,0.0617047
0,0,0.0617545
0,0,0.061842
0,0,0.0619725
0,0,0.0621598
0,0,0.0622055
0,0,0.0622484
0,0,0.0623438
0,0,0.062386
0,0,0.0625243
0,0,0.0627017
0,0,0.0628873
0,0,0.0630533
0,0,0.0630653
0,0,0.0630906
0,0,0.063199
0,0,0.0633234
0,0,0.0634143
0,0,0.0635319
0,0,0.0636541
0,0,0.0642354
0,0,0.0642359
0,0,0.064249
0,0,0.0645209
0,0,0.0645389
0,0,0.0646495
0,0,0.0646608
0,0,0.0647176
0,0,0.0648259
0,0,0.0648353
0,0,0.064962
0,0,0.0649812
0,0,0.065058
0,0,0.0651246
0,0,0.0653246
0,0,0.0655916
0,0,0.0657804
0,0,0.0659324
0,0,0.065959
0,0,0.0660052
0,0,0.0660205
0,0,0.0661651
0,0,0.0662171
0,0,0.066774
0,0,0.067022
0,0,0.0673858
0,0,0.0673879
0,0,0.0674174
0,0,0.0674923
0,0,0.0675041
0,0,0.0675798
0,0,0.0676242
0,0,0.0676488
0,0,0.0676968
0,0,0.0677146
0,0,0.0679511
0,0,0.0681425
0,0,0.0681952
0,0,0.068301
0,0,0.0684968
0,0,0.0685455
0,0,0.0685603
0,0,0.0686438
0,0,0.0687886
0,0,0.0688373
0,0,0.0689401
0,0,0.0689811
0,0,0.0689847
0,0,0.0691423
0,0,0.0692109
0,0,0.069716
0,0,0.0701567
0,0,0.0701882
0,0,0.070297
0,0,0.0703607
0,0,0.0705445
0,0,0.0706652
0,0,0.070708
0,0,0.0709017
0,0,0.0711234
0,0,0.0718177
0,0,0.0719303
0,0,0.072046
0,0,0.0720464
0,0,0.0722317
0,0,0.0722855
0,0,0.0723643
0,0,0.0723773
0,0,0.0725992
0,0,0.0727141
0,0,0.0727708
0,0,0.0727913
0,0,0.0730071
0,0,0.0730401
0,0,0.0732513
0,0,0.0732521
0,0,0.0732765
0,0,0.0733856
0,0,0.0736498
0,0,0.0740007
0,0,0.074183
0,0,0.0742127
0,0,0.0742837
0,0,0.0743633
0,0,0.0744345
0,0,0.074461
0,0,0.074636
0,0,0.0747149
0,0,0.0748542
0,0,0.0749241
0,0,0.0750557
0,0,0.0750714
0,0,0.0750938
0,0,0.0753926
0,0,0.0755866
0,0,0.0755991
0,0,0.0756304
0,0,0.0757694
0,0,0.0758602
0,0,0.0758781
0,0,0.0759793
0,0,0.0760664
0,0,0.0761238
0,0,0.0761891
0,0,0.0761976
0,0,0.0762768
0,0,0.0763368
0,0,0.0764028
0,0,0.0764102
0,0,0.0766724
0,0,0.0767343
0,0,0.076807
0,0,0.0768836
0,0,0.0769575
0,0,0.0771448
0,0,0.0776002
0,0,0.0776243
0,0,0.078047
0,0,0.0781643
0,0,0.0781649
0,0,0.0783983
0,0,0.0787721
0,0,0.0788801
0,0,0.0789733
0,0,0.0790048
0,0,0.0793358
0,0,0.0794909
0,0,0.0796265
0,0,0.0796823
0,0,0.0797293
0,0,0.0798112
0,0,0.0799296
0,0,0.0800391
0,0,0.0801597
0,0,0.0805899
0,0,0.0806025
0,0,0.0811154
0,0,0.0815425
0,0,0.0815845
0,0,0.0819223
0,0,0.0822413
0,0,0.0823445
0,0,0.0824538
0,0,0.0824938
0,0,0.0824953
0,0,0.0827757
0,0,0.0827926
0,0,0.0829397
0,0,0.083084
0,0,0.0834954
0,0,0.0835145
0,0,0.0841637
0,0,0.084432
0,0,0.0845128
0,0,0.0846217
0,0,0.0847331
0,0,0.084904
0,0,0.0849611
0,0,0.0852217
0,0,0.0852265
0,0,0.0852635
0,0,0.0853098
0,0,0.08537
0,0,0.0853945
0,0,0.0854712
0,0,0.0855786
0,0,0.085705
0,0,0.0858795
0,0,0.0861059
0,0,0.0861308
0,0,0.0862237
0,0,0.0862882
0,0,0.086434
0,0,0.086774
0,0,0.0869153
0,0,0.0870823
0,0,0.0872718
0,0,0.087523
0,0,0.087659
0,0,0.0876591
0,0,0.0877817
0,0,0.0878556
0,0,0.0880003
0,0,0.0880606
0,0,0.0881829
0,0,0.0881963
0,0,0.0882352
0,0,0.0882557
0,0,0.0885125
0,0,0.0885509
0,0,0.0886318
0,0,0.0887898
0,0,0.0888204
0,0,0.0888834
0,0,0.0890069
0,0,0.0890475
0,0,0.0890569
0,0,0.0892427
0,0,0.0893852
0,0,0.089426
0,0,0.089613
0,0,0.0896267
0,0,0.0896803
0,0,0.0896977
0,0,0.0899027
0,0,0.0900028
0,0,0.0900082
0,0,0.090558
0,0,0.090585
0,0,0.090714
0,0,0.0907596
0,0,0.0908147
0,0,0.0908805
0,0,0.0910443
0,0,0.0911293
0,0,0.0914894
0,0,0.0915789
0,0,0.0916868
0,0,0.0918685
0,0,0.0922087
0,0,0.0923434
0,0,0.0923719
0,0,0.0927556
0,0,0.0929987
0,0,0.0930399
0,0,0.0932105
0,0,0.093335
0,0,0.093373
0,0,0.0934888
0,0,0.0935819
0,0,0.0936144
0,0,0.0937054
0,0,0.0939312
0,0,0.09441
0,0,0.0944623
0,0,0.094478
0,0,0.0948005
0,0,0.0951411
0,0,0.0952545
0,0,0.0954445
0,0,0.0958813
0,0,0.0962195
0,0,0.0962694
0,0,0.0963253
0,0,0.0963762
0,0,0.0963905
0,0,0.0965313
0,0,0.0966402
0,0,0.0967803
0,0,0.0968044
0,0,0.0968268
0,0,0.0970525
0,0,0.0972134
0,0,0.0972475
0,0,0.0972764
0,0,0.0974305
0,0,0.0974455
0,0,0.0977166
0,0,0.0979108
0,0,0.0979722
0,0,0.0979877
0,0,0.0981314
0,0,0.0981414
0,0,0.098151
0,0,0.0981628
0,0,0.0982774
0,0,0.098326
0,0,0.0986069
0,0,0.0986073
0,0,0.098629
0,0,0.0986588
0,0,0.0986597
0,0,0.0987224
0,0,0.0989545
0,0,0.099247
0,0,0.099309
0,0,0.0995332
0,0,0.09964
0,0,0.0996649
0,0,0.099846
0,0,0.0998889
0,0,0.100253
0,0,0.100333
0,0,0.100393
0,0,0.100413
0,0,0.100517
0,0,0.100649
0,0,0.10083
0,0,0.10102
0,0,0.101217
0,0,0.101666
0,0,0.101719
0,0,0.102493
0,0,0.102764
0,0,0.102881
0,0,0.102894
0,0,0.103021
0,0,0.103046
0,0,0.103208
0,0,0.103606
0,0,0.10391
0,0,0.103911
0,0,0.103937
0,0,0.10422
0,0,0.104244
0,0,0.104392
0,0,0.104427
0,0,0.104533
0,0,0.104751
0,0,0.105055
0,0,0.10522
0,0,0.105374
0,0,0.105388
0,0,0.105696
0,0,0.105752
0,0,0.106042
0,0,0.106151
0,0,0.106346
0,0,0.10647
0,0,0.106494
0,0,0.10691
0,0,0.106935
0,0,0.107176
0,0,0.107181
0,0,0.107259
0,0,0.107537
0,0,0.107591
0,0,0.107728
0,0,0.107845
0,0,0.108264
0,0,0.108365
0,0,0.108485
0,0,0.108795
0,0,0.108814
0,0,0.108817
0,0,0.108996
0,0,0.109159
0,0,0.109357
0,0,0.10951
0,0,0.10987
0,0,0.110034
0,0,0.110241
0,0,0.110317
0,0,0.110347
0,0,0.110348
0,0,0.111044
0,0,0.111116
0,0,0.111282
0,0,0.111734
0,0,0.112664
0,0,0.112975
0,0,0.113052
0,0,0.113535
0,0,0.113535
0,0,0.113611
0,0,0.113687
0,0,0.113924
0,0,0.114195
0,0,0.114512
0,0,0.114572
0,0,0.114623
0,0,0.114983
0,0,0.115261
0,0,0.115355
0,0,0.115386
0,0,0.11546
0,0,0.115583
0,0,0.115604
0,0,0.11566
0,0,0.115714
0,0,0.116022
0,0,0.116128
0,0,0.116215
0,0,0.116383
0,0,0.116418
0,0,0.116558
0,0,0.116686
0,0,0.116963
0,0,0.116973
0,0,0.117235
0,0,0.117398
0,0,0.11753
0,0,0.117549
0,0,0.117833
0,0,0.117881
0,0,0.11804
0,0,0.118336
0,0,0.118716
0,0,0.118751
0,0,0.11879
0,0,0.118893
0,0,0.118931
0,0,0.119018
0,0,0.119263
0,0,0.119398
0,0,0.119402
0,0,0.119444
0,0,0.119504
0,0,0.119527
0,0,0.119609
0,0,0.11961
0,0,0.119624
0,0,0.119763
0,0,0.119837
0,0,0.119964
0,0,0.120085
0,0,0.120446
0,0,0.12045
0,0,0.120464
0,0,0.120775
0,0,0.120947
0,0,0.121086
0,0,0.121165
0,0,0.121202
0,0,0.121208
0,0,0.121372
0,0,0.12143
0,0,0.121557
0,0,0.121603
0,0,0.121713
0,0,0.121902
0,0,0.121981
0,0,0.122015
0,0,0.122044
0,0,0.122175
0,0,0.122211
0,0,0.122286
0,0,0.122304
0,0,0.122502
0,0,0.122752
0,0,0.123082
0,0,0.123307
0,0,0.123387
0,0,0.123891
0,0,0.123945
0,0,0.123956
0,0,0.124002
0,0,0.124258
0,0,0.124267
0,0,0.124319
0,0,0.124324
0,0,0.124505
0,0,0.124688
0,0,0.124754
0,0,0.124884
0,0,0.12512
0,0,0.125189
0,0,0.125281
0,0,0.125319
0,0,0.125834
0,0,0.125878
0,0,0.12612
0,0,0.126702
0,0,0.126997
0,0,0.127062
0,0,0.127753
0,0,0.127878
0,0,0.128184
0,0,0.128287
0,0,0.128496
0,0,0.128559
0,0,0.128681
0,0,0.128941
0,0,0.129055
0,0,0.129076
0,0,0.129174
0,0,0.129299
0,0,0.129361
0,0,0.129453
0,0,0.130169
0,0,0.131407
0,0,0.131545
0,0,0.131917
0,0,0.132154
0,0,0.132375
0,0,0.13238
0,0,0.132557
0,0,0.132855
0,0,0.132928
0,0,0.133219
0,0,0.133461
0,0,0.133511
0,0,0.133515
0,0,0.133704
0,0,0.133714
0,0,0.133901
0,0,0.133924
0,0,0.133948
0,0,0.13395
0,0,0.134302
0,0,0.134323
0,0,0.134472
0,0,0.1346
0,0,0.134733
0,0,0.134741
0,0,0.134832
0,0,0.13503
0,0,0.135202
0,0,0.135292
0,0,0.1353
0,0,0.135547
0,0,0.136128
0,0,0.136347
0,0,0.1365
0,0,0.136536
0,0,0.136566
0,0,0.136689
0,0,0.136883
0,0,0.137161
0,0,0.137232
0,0,0.137272
0,0,0.137477
0,0,0.137627
0,0,0.137735
0,0,0.137879
0,0,0.137978
0,0,0.138057
0,0,0.138093
0,0,0.138109
0,0,0.138636
0,0,0.138715
0,0,0.138955
0,0,0.138987
0,0,0.13912
0,0,0.139234
0,0,0.139461
0,0,0.139543
0,0,0.139546
0,0,0.140195
0,0,0.140357
0,0,0.140473
0,0,0.141138
0,0,0.141199
0,0,0.14123
0,0,0.142365
0,0,0.142469
0,0,0.142743
0,0,0.143213
0,0,0.14333
0,0,0.143367
0,0,0.143674
0,0,0.144177
0,0,0.144535
0,0,0.14469
0,0,0.145414
0,0,0.145442
0,0,0.1456
0,0,0.145906
0,0,0.14599
0,0,0.145993
0,0,0.146034
0,0,0.146035
0,0,0.146076
0,0,0.147559
0,0,0.147741
0,0,0.148127
0,0,0.148297
0,0,0.148359
0,0,0.148674
0,0,0.148775
0,0,0.149035
0,0,0.149214
0,0,0.149255
0,0,0.149492
0,0,0.149557
0,0,0.149715
0,0,0.149774
0,0,0.149792
0,0,0.150361
0,0,0.150504
0,0,0.150709
0,0,0.150726
0,0,0.150778
0,0,0.150908
0,0,0.150941
0,0,0.151349
0,0,0.151426
0,0,0.151476
0,0,0.151594
0,0,0.151657
0,0,0.151762
0,0,0.15199
0,0,0.15201
0,0,0.152608
0,0,0.152656
0,0,0.152924
0,0,0.152936
0,0,0.15334
0,0,0.15338
0,0,0.153715
0,0,0.153853
0,0,0.153897
0,0,0.15391
0,0,0.154251
0,0,0.154428
0,0,0.154577
0,0,0.154726
0,0,0.154739
0,0,0.155098
0,0,0.155695
0,0,0.156412
0,0,0.156771
0,0,0.156929
0,0,0.157064
0,0,0.157171
0,0,0.157329
0,0,0.157535
0,0,0.157705
0,0,0.157727
0,0,0.157763
0,0,0.157918
0,0,0.158123
0,0,0.158424
0,0,0.158439
0,0,0.158685
0,0,0.158832
0,0,0.159115
0,0,0.159218
0,0,0.159273
0,0,0.159581
0,0,0.159699
0,0,0.159846
0,0,0.160057
0,0,0.160129
0,0,0.160512
0,0,0.1607
0,0,0.161224
0,0,0.161274
0,0,0.161326
0,0,0.161697
0,0,0.161878
0,0,0.162153
0,0,0.162185
0,0,0.162277
0,0,0.162557
0,0,0.162638
0,0,0.162705
0,0,0.162914
0,0,0.162951
0,0,0.163649
0,0,0.16369
0,0,0.16457
0,0,0.164767
0,0,0.164852
0,0,0.165162
0,0,0.16536
0,0,0.165614
0,0,0.16564
0,0,0.16604
0,0,0.166096
0,0,0.166274
0,0,0.166414
0,0,0.166499
0,0,0.166822
0,0,0.166985
0,0,0.167082
0,0,0.167175
0,0,0.167269
0,0,0.167459
0,0,0.167559
0,0,0.167574
0,0,0.167739
0,0,0.167796
0,0,0.168137
0,0,0.168173
0,0,0.168205
0,0,0.168702
0,0,0.168749
0,0,0.168784
0,0,0.168813
0,0,0.169
0,0,0.169209
0,0,0.169943
0,0,0.170116
0,0,0.170193
0,0,0.17033
0,0,0.170383
0,0,0.170556
0,0,0.170758
0,0,0.17106
0,0,0.171129
0,0,0.171697
0,0,0.171791
0,0,0.172245
0,0,0.17236
0,0,0.17242
0,0,0.172556
0,0,0.172574
0,0,0.172875
0,0,0.173074
0,0,0.173117
0,0,0.173385
0,0,0.173745
0,0,0.174184
0,0,0.174928
0,0,0.175136
0,0,0.175215
0,0,0.175642
0,0,0.17567
0,0,0.176019
0,0,0.176195
0,0,0.17627
0,0,0.176457
0,0,0.17651
0,0,0.176568
0,0,0.17662
0,0,0.177056
0,0,0.17721
0,0,0.177365
0,0,0.178127
0,0,0.178286
0,0,0.178358
0,0,0.178729
0,0,0.178795
0,0,0.178877
0,0,0.178997
0,0,0.179947
0,0,0.180437
0,0,0.180515
0,0,0.18082
0,0,0.180822
0,0,0.180862
0,0,0.181063
0,0,0.181093
0,0,0.181119
0,0,0.183406
0,0,0.183415
0,0,0.184213
0,0,0.185057
0,0,0.185389
0,0,0.185645
0,0,0.186506
0,0,0.187742
0,0,0.187988
0,0,0.188193
0,0,0.188409
0,0,0.188696
0,0,0.188733
0,0,0.189136
0,0,0.189536
0,0,0.190912
0,0,0.191431
0,0,0.191662
0,0,0.191965
0,0,0.191981
0,0,0.19205
0,0,0.192344
0,0,0.192435
0,0,0.192455
0,0,0.192706
0,0,0.193071
0,0,0.193239
0,0,0.193647
0,0,0.19387
0,0,0.19447
0,0,0.194674
0,0,0.194775
0,0,0.195085
0,0,0.195167
0,0,0.195332
0,0,0.195842
0,0,0.195877
0,0,0.196053
0,0,0.196207
0,0,0.197418
0,0,0.197874
0,0,0.198149
0,0,0.198445
0,0,0.198587
0,0,0.199125
0,0,0.199209
0,0,0.199233
0,0,0.199365
0,0,0.2005
0,0,0.20118
0,0,0.201425
0,0,0.201775
0,0,0.201787
0,0,0.202265
0,0,0.202502
0,0,0.203204
0,0,0.20358
0,0,0.203703
0,0,0.204146
0,0,0.204274
0,0,0.204438
0,0,0.204831
0,0,0.205156
0,0,0.205295
0,0,0.205576
0,0,0.206356
0,0,0.206502
0,0,0.206932
0,0,0.207745
0,0,0.207798
0,0,0.208117
0,0,0.209171
0,0,0.209891
0,0,0.210037
0,0,0.211322
0,0,0.211556
0,0,0.211644
0,0,0.211734
0,0,0.212172
0,0,0.212271
0,0,0.212557
0,0,0.212971
0,0,0.213385
0,0,0.213644
0,0,0.213881
0,0,0.214842
0,0,0.214969
0,0,0.215126
0,0,0.215841
0,0,0.215873
0,0,0.215907
0,0,0.216177
0,0,0.216991
0,0,0.217423
0,0,0.217577
0,0,0.217959
0,0,0.218095
0,0,0.218266
0,0,0.218483
0,0,0.218975
0,0,0.219048
0,0,0.2193
0,0,0.219323
0,0,0.219944
0,0,0.220122
0,0,0.220463
0,0,0.22066
0,0,0.221137
0,0,0.221304
0,0,0.222149
0,0,0.223112
0,0,0.223317
0,0,0.224006
0,0,0.224216
0,0,0.224717
0,0,0.225204
0,0,0.225679
0,0,0.225724
0,0,0.226899
0,0,0.227206
0,0,0.227452
0,0,0.229386
0,0,0.229777
0,0,0.230552
0,0,0.230599
0,0,0.230646
0,0,0.230816
0,0,0.231188
0,0,0.232069
0,0,0.232824
0,0,0.233745
0,0,0.234012
0,0,0.234463
0,0,0.234593
0,0,0.2346
0,0,0.234791
0,0,0.235058
0,0,0.235133
0,0,0.235241
0,0,0.235314
0,0,0.236147
0,0,0.236205
0,0,0.236939
0,0,0.237335
0,0,0.237383
0,0,0.238024
0,0,0.238072
0,0,0.238417
0,0,0.239471
0,0,0.23987
0,0,0.24038
0,0,0.241089
0,0,0.241155
0,0,0.242553
0,0,0.242633
0,0,0.243143
0,0,0.243317
0,0,0.244052
0,0,0.244131
0,0,0.244132
0,0,0.244485
0,0,0.244608
0,0,0.244925
0,0,0.246247
0,0,0.247615
0,0,0.248381
0,0,0.248603
0,0,0.248707
0,0,0.248719
0,0,0.249066
0,0,0.249996
0,0,0.250521
0,0,0.250685
0,0,0.251022
0,0,0.252676
0,0,0.252727
0,0,0.254485
0,0,0.254589
0,0,0.254713
0,0,0.255217
0,0,0.255605
0,0,0.255766
0,0,0.256375
0,0,0.256667
0,0,0.257476
0,0,0.25781
0,0,0.258909
0,0,0.259121
0,0,0.259414
0,0,0.260073
0,0,0.260488
0,0,0.260727
0,0,0.262297
0,0,0.262711
0,0,0.264217
0,0,0.264326
0,0,0.264626
0,0,0.265627
0,0,0.266275
0,0,0.26681
0,0,0.266889
0,0,0.266933
0,0,0.267795
0,0,0.268547
0,0,0.268835
0,0,0.269066
0,0,0.269286
0,0,0.269356
0,0,0.269422
0,0,0.269433
0,0,0.269597
0,0,0.270505
0,0,0.271093
0,0,0.272931
0,0,0.274709
0,0,0.274922
0,0,0.275327
0,0,0.275421
0,0,0.275439
0,0,0.275463
0,0,0.275472
0,0,0.276535
0,0,0.277291
0,0,0.277393
0,0,0.277882
0,0,0.278464
0,0,0.278944
0,0,0.279777
0,0,0.281182
0,0,0.281595
0,0,0.281638
0,0,0.281758
0,0,0.282728
0,0,0.28322
0,0,0.283277
0,0,0.284185
0,0,0.284266
0,0,0.28431
0,0,0.284362
0,0,0.284884
0,0,0.285306
0,0,0.285369
0,0,0.28544
0,0,0.285905
0,0,0.28596
0,0,0.287081
0,0,0.29208
0,0,0.292786
0,0,0.294039
0,0,0.295045
0,0,0.295072
0,0,0.295388
0,0,0.296167
0,0,0.296731
0,0,0.297315
0,0,0.297444
0,0,0.298141
0,0,0.298164
0,0,0.298835
0,0,0.299029
0,0,0.299519
0,0,0.299578
0,0,0.299616
0,0,0.300045
0,0,0.300109
0,0,0.300153
0,0,0.302295
0,0,0.302919
0,0,0.305285
0,0,0.305375
0,0,0.30596
0,0,0.307553
0,0,0.308562
0,0,0.309607
0,0,0.312418
0,0,0.312544
0,0,0.312705
0,0,0.314322
0,0,0.314495
0,0,0.315561
0,0,0.316301
0,0,0.316346
0,0,0.316674
0,0,0.31779
0,0,0.318149
0,0,0.319445
0,0,0.319703
0,0,0.321082
0,0,0.321691
0,0,0.322591
0,0,0.322718
0,0,0.323613
0,0,0.323814
0,0,0.323945
0,0,0.324284
0,0,0.325497
0,0,0.326492
0,0,0.326867
0,0,0.327501
0,0,0.327799
0,0,0.329208
0,0,0.329407
0,0,0.331643
0,0,0.33255
0,0,0.332803
0,0,0.333246
0,0,0.334085
0,0,0.334341
0,0,0.334431
0,0,0.336164
0,0,0.336821
0,0,0.33847
0,0,0.33883
0,0,0.339741
0,0,0.339752
0,0,0.340054
0,0,0.340291
0,0,0.3404
0,0,0.340609
0,0,0.340681
0,0,0.340802
0,0,0.341059
0,0,0.341067
0,0,0.341728
0,0,0.344084
0,0,0.344165
0,0,0.346809
0,0,0.346976
0,0,0.349069
0,0,0.351139
0,0,0.351794
0,0,0.352164
0,0,0.353873
0,0,0.354351
0,0,0.354481
0,0,0.357734
0,0,0.357838
0,0,0.358905
0,0,0.36089
0,0,0.361325
0,0,0.364116
0,0,0.36482
0,0,0.365486
0,0,0.365516
0,0,0.365731
0,0,0.365915
0,0,0.367492
0,0,0.37135
0,0,0.372002
0,0,0.374704
0,0,0.374872
0,0,0.375196
0,0,0.376167
0,0,0.376349
0,0,0.380599
0,0,0.381112
0,0,0.382265
0,0,0.382629
0,0,0.386303
0,0,0.386556
0,0,0.3894
0,0,0.389682
0,0,0.389726
0,0,0.390318
0,0,0.390352
0,0,0.39311
0,0,0.393366
0,0,0.395136
0,0,0.396373
0,0,0.397997
0,0,0.400328
0,0,0.403078
0,0,0.403114
0,0,0.404796
0,0,0.408036
0,0,0.410472
0,0,0.413707
0,0,0.415304
0,0,0.417154
0,0,0.419282
0,0,0.42383
0,0,0.425704
0,0,0.429132
0,0,0.431968
0,0,0.433073
0,0,0.43357
0,0,0.439022
0,0,0.440361
0,0,0.44235
0,0,0.442827
0,0,0.443074
0,0,0.449825
0,0,0.452186
0,0,0.452819
0,0,0.454973
0,0,0.460094
0,0,0.460386
0,0,0.460912
0,0,0.461454
0,0,0.46152
0,0,0.465779
0,0,0.46698
0,0,0.467204
0,0,0.468823
0,0,0.471125
0,0,0.473256
0,0,0.479485
0,0,0.482705
0,0,0.497267
0,0,0.502573
0,0,0.50312
0,0,0.507069
0,0,0.512119
0,0,0.517547
0,0,0.518392
0,0,0.520319
0,0,0.523347
0,0,0.529829
0,0,0.534478
0,0,0.53556
0,0,0.538752
0,0,0.549365
0,0,0.55656
0,0,0.557325
0,0,0.559796
0,0,0.562598
0,0,0.563533
0,0,0.563817
0,0,0.566101
0,0,0.56864
0,0,0.584223
0,0,0.597743
0,0,0.597802
0,0,0.59872
0,0,0.60064
0,0,0.603652
0,0,0.613177
0,0,0.613313
0,0,0.620545
0,0,0.642384
0,0,0.647813
0,0,0.650067
0,0,0.654958
0,0,0.663575
0,0,0.677004
0,0,0.684284
0,0,0.71428
0,0,0.715512
0,0,0.71615
0,0,0.803891
0,0,0.877642
0,0,0.916884
0,0,1.04849
0,0,3
1,1.27597,1.37985
1,1.21712,1.32855
1,1.21664,1.26671
1,1.20038,1.22861
1,1.17465,1.18038
1,1.17329,1.31429
1,1.13416,1.14147
1,1.05775,1.13018
1,1.05463,1.09327
1,1.03794,1.09734
1,1.0267,1.04308
1,0.991039,1.08808
1,0.989391,1.22372
1,0.946853,1.14323
1,0.921734,1.05953
1,0.921577,1.32776
1,0.911649,0.984005
1,0.910669,1.05091
1,0.905992,0.937895
1,0.898889,1.10672
1,0.89543,1.35649
1,0.894618,1.15108
1,0.871547,1.10765
1,0.870807,0.903685
1,0.850048,0.898081
1,0.841287,0.843115
1,0.80749,0.824506
1,0.803123,0.808528
1,0.790336,0.855631
1,0.780956,0.847045
1,0.773588,0.799433
1,0.760346,0.767956
1,0.735055,0.747937
1,0.733928,0.764582
1,0.724456,0.965682
1,0.717285,0.798937
1,0.713449,0.72085
1,0.706363,0.72726
1,0.69783,0.728019
1,0.689237,0.698647
1,0.688007,0.901901
1,0.685185,0.766721
1,0.672227,0.845358
1,0.666748,0.667256
1,0.660014,0.701743
1,0.65797,0.877325
1,0.650441,0.68349
1,0.64657,1.31775
1,0.643337,0.695019
1,0.641334,0.663302
1,0.63937,0.645405
1,0.631849,0.81957
1,0.625734,0.745743
1,0.622315,0.74405
1,0.620868,0.821262
1,0.613769,1.0655
1,0.61157,0.669317
1,0.611519,0.679127
1,0.610971,0.64502
1,0.606751,0.6543
1,0.605404,0.670856
1,0.604832,0.627154
1,0.59395,0.656481
1,0.587783,0.598079
1,0.582101,0.855807
1,0.58012,0.629597
1,0.578443,0.632472
1,0.576735,0.598586
1,0.571769,0.595482
1,0.568479,1.02489
1,0.568072,0.574626
1,0.567066,0.58366
1,0.552481,0.614531
1,0.543484,0.555078
1,0.538892,0.674023
1,0.538092,0.696891
1,0.538059,0.561235
1,0.537725,0.592922
1,0.535802,0.561241
1,0.535425,0.558745
1,0.535204,0.653615
1,0.530887,0.541996
1,0.530539,0.53477
1,0.530333,1.22194
1,0.529628,0.533185
1,0.522346,0.542341
1,0.517789,0.531805
1,0.51736,0.765254
1,0.514432,0.53664
1,0.512223,0.539436
1,0.511477,0.575602
1,0.507898,0.562848
1,0.503228,0.869509
1,0.489499,0.500038
1,0.487593,0.61183
1,0.486677,0.487139
1,0.48612,0.510033
1,0.484783,0.816298
1,0.483351,0.491504
1,0.479774,0.508384
1,0.469672,0.474201
1,0.466785,0.474321
1,0.466412,0.500132
1,0.465591,0.466602
1,0.465092,0.581358
1,0.463646,0.47145
1,0.462842,0.578943
1,0.457626,0.492548
1,0.457153,0.696921
1,0.456019,1.33365
1,0.455527,0.739588
1,0.449553,0.466763
1,0.449484,0.469791
1,0.447745,0.53819
1,0.445483,0.635877
1,0.443488,0.446519
1,0.442512,0.478723
1,0.441857,0.503354
1,0.440513,0.447422
1,0.439343,0.484617
1,0.435145,0.559102
1,0.433229,0.461949
1,0.432208,0.550068
1,0.428647,0.545133
1,0.422651,0.493204
1,0.422272,0.523568
1,0.421526,0.42596
1,0.414933,0.426713
1,0.41382,0.420393
1,0.413727,0.473817
1,0.410016,0.555344
1,0.409045,0.551658
1,0.408282,0.427867
1,0.407933,0.457888
1,0.406437,0.535077
1,0.405965,0.433508
1,0.400809,0.404165
1,0.400128,0.401686
1,0.399389,0.438337
1,0.398816,0.497033
1,0.396279,0.444604
1,0.395801,0.418444
1,0.395536,0.436856
1,0.393629,0.47145
1,0.393412,0.397549
1,0.391031,0.54242
1,0.390976,0.454806
1,0.389456,0.526096
1,0.389358,0.41718
1,0.389177,0.404386
1,0.384927,0.460982
1,0.384701,0.430154
1,0.384078,0.465176
1,0.383848,0.436366
1,0.383432,0.420493
1,0.383427,0.564095
1,0.379058,0.382273
1,0.378832,0.451285
1,0.375184,0.437665
1,0.374015,0.377691
1,0.373912,0.474819
1,0.37347,0.395622
1,0.373163,0.376598
1,0.372494,0.373042
1,0.364892,0.474859
1,0.364758,0.416144
1,0.364418,0.405913
1,0.363393,0.372818
1,0.358632,0.422863
1,0.357635,0.458612
1,0.354222,0.361054
1,0.351677,0.404453
1,0.350723,0.374079
1,0.34608,0.408428
1,0.345585,0.40372
1,0.342111,0.456265
1,0.340108,0.34648
1,0.339718,0.365573
1,0.338558,0.451497
1,0.336188,0.369805
1,0.335115,0.416144
1,0.334366,0.403766
1,0.332948,0.381733
1,0.331968,0.447803
1,0.331761,0.490231
1,0.330583,0.35934
1,0.330154,0.346929
1,0.328913,0.339225
1,0.327012,0.348664
1,0.326844,0.363623
1,0.326306,0.328984
1,0.322589,0.337244
1,0.321487,0.368633
1,0.319605,0.374298
1,0.318539,0.428984
1,0.318455,0.372412
1,0.318446,0.40744
1,0.317379,0.341717
1,0.316154,0.324855
1,0.314558,0.320532
1,0.314419,0.368894
1,0.309186,0.326022
1,0.309069,0.358192
1,0.305501,0.31693
1,0.305318,0.374298
1,0.304934,0.312938
1,0.304891,0.330257
1,0.304162,0.307164
1,0.303704,0.308116
1,0.302013,0.305958
1,0.301954,0.315532
1,0.299497,0.395403
1,0.297908,0.375302
1,0.29367,0.306874
1,0.288262,0.289625
1,0.288232,0.324497
1,0.288011,0.294348
1,0.28634,0.357776
1,0.285958,0.29429
1,0.285409,0.327785
1,0.284283,0.293842
1,0.283161,0.309555
1,0.282852,0.306838
1,0.282835,0.334492
1,0.282162,0.412129
1,0.281564,0.409627
1,0.281359,0.298606
1,0.281183,0.29826
1,0.280894,0.283074
1,0.280782,0.299624
1,0.274242,0.344249
1,0.273785,0.30508
1,0.273409,0.273918
1,0.272924,0.303059
1,0.271319,0.317317
1,0.27124,0.290767
1,0.270935,0.310132
1,0.270867,0.349007
1,0.268021,0.273996
1,0.268,0.27864
1,0.267445,0.3229
1,0.265378,0.281009
1,0.26535,0.303508
1,0.264112,0.350836
1,0.262572,0.294843
1,0.261895,0.295117
1,0.257591,0.286709
1,0.256675,0.268289
1,0.256142,0.257902
1,0.252865,0.342533
1,0.252558,0.257354
1,0.251001,0.254554
1,0.250664,0.276601
1,0.250344,0.285582
1,0.248641,0.274913
1,0.245874,0.320746
1,0.243058,0.312585
1,0.242598,0.255398
1,0.242284,0.27108
1,0.241909,0.256083
1,0.240983,0.364837
1,0.240938,0.242246
1,0.240023,0.240729
1,0.239943,0.271465
1,0.239882,0.248813
1,0.239074,0.252421
1,0.239054,0.287448
1,0.238586,0.25345
1,0.23586,0.264945
1,0.23543,0.332469
1,0.234349,0.242028
1,0.233566,0.238982
1,0.233174,0.275418
1,0.229521,0.274711
1,0.229352,0.25155
1,0.227993,0.229894
1,0.227316,0.231865
1,0.226952,0.22834
1,0.226481,0.392025
1,0.225841,0.282958
1,0.22478,0.255626
1,0.223169,0.290434
1,0.223047,0.240908
1,0.223036,0.248756
1,0.222876,0.270165
1,0.22279,0.243728
1,0.221915,0.249597
1,0.220833,0.382906
1,0.219028,0.229498
1,0.21863,0.286359
1,0.218297,0.226564
1,0.217492,0.23095
1,0.217301,0.273582
1,0.217012,0.262347
1,0.216667,0.255519
1,0.215531,0.217904
1,0.213854,0.220168
1,0.210866,0.239509
1,0.210864,0.22125
1,0.209242,0.21891
1,0.207351,0.248927
1,0.205763,0.216743
1,0.205283,0.207238
1,0.204699,0.20829
1,0.204397,0.208547
1,0.203988,0.214828
1,0.200543,0.211162
1,0.197787,0.261474
1,0.19765,0.257314
1,0.1974,0.224611
1,0.197095,0.25122
1,0.19642,0.278937
1,0.195726,0.238381
1,0.194699,0.213658
1,0.194,0.1969
1,0.193763,0.221822
1,0.193307,0.198802
1,0.193207,0.230205
1,0.192623,0.213036
1,0.192182,0.195538
1,0.191793,0.19904
1,0.189904,0.248128
1,0.189669,0.201293
1,0.189162,0.198957
1,0.188738,0.19815
1,0.1881,0.217866
1,0.186695,0.199876
1,0.186216,0.219766
1,0.185373,0.209722
1,0.184608,0.238947
1,0.184438,0.242522
1,0.182655,0.250217
1,0.182654,0.192322
1,0.181377,0.19625
1,0.181293,0.274711
1,0.180749,0.229658
1,0.180701,0.252428
1,0.180475,0.190226
1,0.180096,0.219349
1,0.179934,0.237094
1,0.17977,0.195476
1,0.179299,0.220462
1,0.179212,0.25361
1,0.179051,0.23519
1,0.177577,0.234503
1,0.177455,0.181705
1,0.174458,0.176863
1,0.174433,0.194168
1,0.174381,0.179351
1,0.173505,0.175438
1,0.172346,0.201088
1,0.1719,0.238865
1,0.170963,0.185983
1,0.169746,0.262027
1,0.166096,0.195379
1,0.165776,0.200708
1,0.165567,0.167512
1,0.16533,0.247721
1,0.163828,0.166028
1,0.162486,0.169618
1,0.161233,0.161802
1,0.160836,0.162348
1,0.16067,0.170334
1,0.159618,0.189606
1,0.159172,0.178625
1,0.158803,0.174592
1,0.157053,0.169596
1,0.156641,0.164093
1,0.155937,0.2065
1,0.155664,0.16637
1,0.155537,0.167468
1,0.154599,0.188571
1,0.152818,0.178635
1,0.151104,0.177084
1,0.150964,0.166494
1,0.150422,0.210454
1,0.149659,0.156436
1,0.148731,0.175924
1,0.148598,0.165748
1,0.148152,0.15563
1,0.14765,0.149005
1,0.147463,0.167626
1,0.146933,0.204287
1,0.145856,0.149452
1,0.144519,0.187458
1,0.144221,0.196168
1,0.143642,0.184178
1,0.143594,0.149826
1,0.142421,0.184224
1,0.142091,0.190254
1,0.14049,0.159776
1,0.138505,0.145325
1,0.138178,0.14348
1,0.137962,0.158262
1,0.137898,0.138635
1,0.137418,0.141025
1,0.137347,0.150008
1,0.136383,0.203976
1,0.136077,0.146644
1,0.134918,0.167798
1,0.133941,0.168405
1,0.133435,0.148314
1,0.132273,0.141914
1,0.132043,0.146325
1,0.132026,0.178037
1,0.130038,0.165025
1,0.130022,0.175406
1,0.129775,0.132954
1,0.129239,0.185318
1,0.128813,0.132495
1,0.128477,0.134995
1,0.126236,0.172971
1,0.125903,0.160113
1,0.12463,0.126667
1,0.12449,0.13725
1,0.124371,0.126189
1,0.123641,0.129898
1,0.123573,0.1255
1,0.123557,0.136298
1,0.123383,0.145835
1,0.123014,0.124752
1,0.118904,0.171776
1,0.117773,0.137594
1,0.117017,0.14197
1,0.115558,0.123068
1,0.115518,0.125765
1,0.115493,0.153208
1,0.115325,0.11993
1,0.114249,0.114675
1,0.113923,0.118693
1,0.111842,0.156483
1,0.111755,0.116467
1,0.111604,0.117458
1,0.111343,0.137274
1,0.11118,0.134947
1,0.111147,0.130055
1,0.10825,0.131967
1,0.107667,0.140931
1,0.106951,0.110304
1,0.105264,0.144036
1,0.105054,0.142019
1,0.104612,0.10828
1,0.104243,0.117405
1,0.102435,0.106769
1,0.102115,0.103645
1,0.101463,0.104678
1,0.101179,0.103185
1,0.0982334,0.109269
1,0.0973504,0.104641
1,0.0968383,0.100027
1,0.0956366,0.108473
1,0.0956036,0.100043
1,0.0951776,0.100043
1,0.0942585,0.130652
1,0.0910002,0.0972411
1,0.0905866,0.10373
1,0.0885563,0.108808
1,0.0878526,0.0901022
1,0.0850318,0.0978446
1,0.0849566,0.0892968
1,0.0843842,0.0958211
1,0.0837218,0.0922977
1,0.0818582,0.0945835
1,0.0817521,0.113654
1,0.0796582,0.0960268
1,0.0787091,0.0839452
1,0.0782874,0.0988834
1,0.0782555,0.0990112
1,0.0782281,0.115332
1,0.0762147,0.0928549
1,0.0759917,0.076855
1,0.075273,0.0805601
1,0.0727826,0.0827736
1,0.0725423,0.0895654
1,0.0708519,0.0815411
1,0.0693593,0.074043
1,0.0677212,0.0712491
1,0.0634646,0.0714868
1,0.0627604,0.0695248
1,0.0586199,0.0702453
2,1.48176,1.49448
2,1.43541,1.81122
2,1.42572,1.45126
2,1.3649,1.40099
2,1.36427,1.44667
2,1.36116,1.39073
2,1.29873,1.34464
2,1.00683,1.00834
2,0.849395,0.851862
2,0.835003,0.845374
2,0.819892,0.825282
2,0.810624,0.871832
2,0.791684,0.83835
2,0.765254,0.802322
2,0.749275,0.767297
2,0.693023,0.705149
2,0.65455,0.656491
2,0.578484,0.601877
2,0.493147,0.520133
2,0.476086,0.493606
2,0.444272,0.450175
2,0.439974,0.465931
2,0.41672,0.434067
2,0.40669,0.415899
2,0.395967,0.412175
2,0.39399,0.405446
2,0.387612,0.393483
2,0.375506,0.379048
2,0.363862,0.371691
2,0.363223,0.423172
2,0.329446,0.346982
2,0.32744,0.338586
2,0.305977,0.306013
2,0.300992,0.306037
2,0.261034,0.266554
2,0.256877,0.258549
2,0.253474,0.276146
2,0.245831,0.259374
2,0.244779,0.265823
2,0.237951,0.240011
2,0.221666,0.221779
2,0.220961,0.229077
2,0.201706,0.240825
2,0.197537,0.202873
2,0.196567,0.205589
2,0.193993,0.211153
2,0.192622,0.195669
2,0.190446,0.198144
2,0.185238,0.187072
2,0.181288,0.182184
2,0.180022,0.211838
2,0.176292,0.177483
2,0.173254,0.173466
2,0.163584,0.182706
2,0.148972,0.149812
2,0.146929,0.150202
2,0.146219,0.149631
2,0.142646,0.15535
2,0.129789,0.131641
