point cloud with 2064 points in dimension 3
0,0,0.0102214
0,0,0.0106057
0,0,0.0121468
0,0,0.0128988
0,0,0.0128993
0,0,0.0133299
0,0,0.014218
0,0,0.0143226
0,0,0.0155286
0,0,0.0161106
0,0,0.0169831
0,0,0.0177837
0,0,0.0184446
0,0,0.018454
0,0,0.0188849
0,0,0.0192157
0,0,0.0192845
0,0,0.0196242
0,0,0.019762
0,0,0.0200799
0,0,0.0203397
0,0,0.0208262
0,0,0.0210012
0,0,0.0211384
0,0,0.0219878
0,0,0.0220975
0,0,0.0224744
0,0,0.0225053
0,0,0.0239762
0,0,0.0240855
0,0,0.024107
0,0,0.0241401
0,0,0.0243463
0,0,0.0248157
0,0,0.0253064
0,0,0.0254105
0,0,0.0254314
0,0,0.0260299
0,0,0.0264083
0,0,0.0264635
0,0,0.0265433
0,0,0.0267747
0,0,0.0268269
0,0,0.0275128
0,0,0.0287978
0,0,0.0288505
0,0,0.0288935
0,0,0.0302305
0,0,0.0302387
0,0,0.0306152
0,0,0.0309033
0,0,0.0309105
0,0,0.0312325
0,0,0.0313555
0,0,0.0313678
0,0,0.0313926
0,0,0.0314795
0,0,0.0314951
0,0,0.0316202
0,0,0.0319537
0,0,0.0320655
0,0,0.0322716
0,0,0.0324166
0,0,0.033013
0,0,0.0332307
0,0,0.0335354
0,0,0.0335747
0,0,0.0337591
0,0,0.0338252
0,0,0.0343249
0,0,0.0343689
0,0,0.0344959
0,0,0.0347923
0,0,0.0349236
0,0,0.0352549
0,0,0.0354638
0,0,0.035768
0,0,0.0359795
0,0,0.0361797
0,0,0.0364762
0,0,0.0368484
0,0,0.0370076
0,0,0.0370462
0,0,0.0370624
0,0,0.0374138
0,0,0.0374241
0,0,0.0374977
0,0,0.0375258
0,0,0.0376155
0,0,0.0376209
0,0,0.0376334
0,0,0.0376639
0,0,0.0380064
0,0,0.0380397
0,0,0.0383278
0,0,0.0383714
0,0,0.0388898
0,0,0.0390196
0,0,0.0393672
0,0,0.0396246
0,0,0.0396435
0,0,0.0397605
0,0,0.0397681
0,0,0.0400688
0,0,0.0400759
0,0,0.040256
0,0,0.0405481
0,0,0.0406135
0,0,0.0406363
0,0,0.0406372
0,0,0.0408546
0,0,0.0409004
0,0,0.0409221
0,0,0.0410307
0,0,0.0410821
0,0,0.0410903
0,0,0.0411943
0,0,0.0412924
0,0,0.0413198
0,0,0.0414163
0,0,0.0414216
0,0,0.0416594
0,0,0.0417011
0,0,0.0417434
0,0,0.0417951
0,0,0.0418759
0,0,0.0418925
0,0,0.0419463
0,0,0.042083
0,0,0.0421675
0,0,0.0421887
0,0,0.0423335
0,0,0.0423734
0,0,0.0425092
0,0,0.0427392
0,0,0.0427681
0,0,0.0432011
0,0,0.0432402
0,0,0.0434385
0,0,0.0434626
0,0,0.0435079
0,0,0.0435083
0,0,0.0437767
0,0,0.0437798
0,0,0.0438966
0,0,0.0438968
0,0,0.0442342
0,0,0.0442444
0,0,0.0443251
0,0,0.0443327
0,0,0.0443536
0,0,0.044391
0,0,0.0444107
0,0,0.0444956
0,0,0.0445947
0,0,0.0446456
0,0,0.0446809
0,0,0.0447651
0,0,0.0448234
0,0,0.0448429
0,0,0.0449406
0,0,0.0450611
0,0,0.0451632
0,0,0.0452908
0,0,0.045587
0,0,0.045736
0,0,0.0460182
0,0,0.0461943
0,0,0.0462476
0,0,0.0463416
0,0,0.0463672
0,0,0.0464743
0,0,0.0465658
0,0,0.0466156
0,0,0.046641
0,0,0.046696
0,0,0.0467438
0,0,0.0470073
0,0,0.0470335
0,0,0.0471145
0,0,0.0471179
0,0,0.0472547
0,0,0.047454
0,0,0.0476132
0,0,0.0477181
0,0,0.0477436
0,0,0.0481041
0,0,0.0482731
0,0,0.0483054
0,0,0.0485192
0,0,0.0486033
0,0,0.0489728
0,0,0.0489971
0,0,0.0495284
0,0,0.0495586
0,0,0.0496385
0,0,0.0497191
0,0,0.0498476
0,0,0.0499241
0,0,0.0499329
0,0,0.0499467
0,0,0.0501291
0,0,0.0502081
0,0,0.050277
0,0,0.0503402
0,0,0.0503947
0,0,0.0504962
0,0,0.0507319
0,0,0.0508863
0,0,0.0509261
0,0,0.0509705
0,0,0.0510138
0,0,0.0510869
0,0,0.0511482
0,0,0.0515567
0,0,0.0516556
0,0,0.0517249
0,0,0.0522105
0,0,0.0522771
0,0,0.0523946
0,0,0.0525661
0,0,0.0525741
0,0,0.0526812
0,0,0.0530286
0,0,0.0531012
0,0,0.0533421
0,0,0.0533865
0,0,0.053451
0,0,0.0534834
0,0,0.0536263
0,0,0.0536612
0,0,0.0536865
0,0,0.054022
0,0,0.0541675
0,0,0.0542821
0,0,0.0545046
0,0,0.0545122
0,0,0.0546946
0,0,0.054763
0,0,0.0549072
0,0,0.0553516
0,0,0.0555509
0,0,0.0556869
0,0,0.0557181
0,0,0.0558188
0,0,0.0562519
0,0,0.0565935
0,0,0.0566153
0,0,0.0567271
0,0,0.0567508
0,0,0.0567921
0,0,0.0568417
0,0,0.0569234
0,0,0.0569368
0,0,0.0569954
0,0,0.0571568
0,0,0.057185
0,0,0.0572086
0,0,0.0573168
0,0,0.0573335
0,0,0.0573456
0,0,0.0574716
0,0,0.0576669
0,0,0.0579394
0,0,0.0579749
0,0,0.0580619
0,0,0.0582862
0,0,0.058509
0,0,0.0587504
0,0,0.058792
0,0,0.0589249
0,0,0.0590348
0,0,0.0594756
0,0,0.0595634
0,0,0.0596204
0,0,0.0597192
0,0,0.0598119
0,0,0.0598471
0,0,0.0599725
0,0,0.0600575
0,0,0.0600847
0,0,0.0600974
0,0,0.0601196
0,0,0.0601459
0,0,0.0604704
0,0,0.0606716
0,0,0.0608703
0,0,0.0610386
0,0,0.0611691
0,0,0.061334
0,0,0.0613758
0,0,0.0617631
0,0,0.061884
0,0,0.0619893
0,0,0.0620435
0,0,0.0621904
0,0,0.0622785
0,0,0.0626833
0,0,0.0626956
0,0,0.0627071
0,0,0.0627108
0,0,0.0627834
0,0,0.0627896
0,0,0.0628954
0,0,0.0630436
0,0,0.0630729
0,0,0.063113
0,0,0.063199
0,0,0.0632114
0,0,0.0632557
0,0,0.0633379
0,0,0.063583
0,0,0.0636383
0,0,0.0636534
0,0,0.0637774
0,0,0.0638078
0,0,0.0638755
0,0,0.0639005
0,0,0.0639821
0,0,0.0640399
0,0,0.064154
0,0,0.0641805
0,0,0.0643404
0,0,0.0643623
0,0,0.0644097
0,0,0.0644914
0,0,0.0646122
0,0,0.0646734
0,0,0.0648657
0,0,0.0649515
0,0,0.065238
0,0,0.0652413
0,0,0.0652787
0,0,0.0655413
0,0,0.0655827
0,0,0.0656637
0,0,0.0656954
0,0,0.0658099
0,0,0.0659393
0,0,0.0662154
0,0,0.0662797
0,0,0.0663271
0,0,0.0663345
0,0,0.066551
0,0,0.0667598
0,0,0.0668942
0,0,0.0669368
0,0,0.0672355
0,0,0.067287
0,0,0.0673156
0,0,0.0676546
0,0,0.0679783
0,0,0.0679784
0,0,0.0680135
0,0,0.0682028
0,0,0.0682803
0,0,0.0682987
0,0,0.0683112
0,0,0.0683638
0,0,0.0684319
0,0,0.0686901
0,0,0.06889
0,0,0.0689674
0,0,0.0689679
0,0,0.0692405
0,0,0.0693539
0,0,0.0695615
0,0,0.069622
0,0,0.0696307
0,0,0.0697264
0,0,0.07007
0,0,0.0701044
0,0,0.0701759
0,0,0.0701861
0,0,0.0702665
0,0,0.0702699
0,0,0.0704242
0,0,0.0705069
0,0,0.0705944
0,0,0.0706626
0,0,0.0707225
0,0,0.0707419
0,0,0.0707984
0,0,0.0708205
0,0,0.0708298
0,0,0.0708397
0,0,0.0709667
0,0,0.0711703
0,0,0.0713764
0,0,0.0714229
0,0,0.0715895
0,0,0.0716922
0,0,0.0719935
0,0,0.0721001
0,0,0.0722255
0,0,0.0722608
0,0,0.0725057
0,0,0.0725611
0,0,0.0725741
0,0,0.0726
0,0,0.0726123
0,0,0.0726678
0,0,0.0727984
0,0,0.0728428
0,0,0.0728519
0,0,0.0729716
0,0,0.0732549
0,0,0.0732587
0,0,0.073337
0,0,0.0733488
0,0,0.0735143
0,0,0.0737063
0,0,0.0738642
0,0,0.0741489
0,0,0.0742246
0,0,0.0745678
0,0,0.0747239
0,0,0.0747595
0,0,0.0748501
0,0,0.0749022
0,0,0.0755308
0,0,0.0756108
0,0,0.0760775
0,0,0.0767363
0,0,0.0767862
0,0,0.0770425
0,0,0.0770868
0,0,0.0771032
0,0,0.0771709
0,0,0.0772419
0,0,0.077254
0,0,0.0773045
0,0,0.0774372
0,0,0.0774598
0,0,0.0775458
0,0,0.0775696
0,0,0.0775797
0,0,0.0775973
0,0,0.0776346
0,0,0.0777275
0,0,0.077987
0,0,0.0781045
0,0,0.0781827
0,0,0.0782577
0,0,0.0785948
0,0,0.0787047
0,0,0.0788966
0,0,0.0790289
0,0,0.0790825
0,0,0.0795562
0,0,0.0796957
0,0,0.0797562
0,0,0.0798907
0,0,0.0800732
0,0,0.0800927
0,0,0.0804098
0,0,0.0804331
0,0,0.080438
0,0,0.080542
0,0,0.0806295
0,0,0.0806473
0,0,0.0807346
0,0,0.0809687
0,0,0.0811312
0,0,0.0813466
0,0,0.0813758
0,0,0.0815996
0,0,0.0817838
0,0,0.0820241
0,0,0.0821802
0,0,0.0825747
0,0,0.0826778
0,0,0.0826837
0,0,0.0827343
0,0,0.0827367
0,0,0.0828976
0,0,0.0829515
0,0,0.0829831
0,0,0.083317
0,0,0.0834416
0,0,0.0836151
0,0,0.0836497
0,0,0.083986
0,0,0.0841391
0,0,0.0841854
0,0,0.0844069
0,0,0.0846028
0,0,0.0847112
0,0,0.0848738
0,0,0.0849715
0,0,0.0850371
0,0,0.0850628
0,0,0.0851071
0,0,0.0851547
0,0,0.0853126
0,0,0.0854068
0,0,0.0856991
0,0,0.0858534
0,0,0.0858547
0,0,0.0858827
0,0,0.0859312
0,0,0.0859954
0,0,0.0863125
0,0,0.0865321
0,0,0.0866794
0,0,0.0869635
0,0,0.0869851
0,0,0.0871608
0,0,0.0872324
0,0,0.0873668
0,0,0.0873944
0,0,0.087503
0,0,0.0876015
0,0,0.0877183
0,0,0.0877368
0,0,0.0877828
0,0,0.0880645
0,0,0.0881145
0,0,0.0883627
0,0,0.0883675
0,0,0.0887733
0,0,0.0888561
0,0,0.0890632
0,0,0.0891614
0,0,0.0892992
0,0,0.0893029
0,0,0.0893498
0,0,0.0894649
0,0,0.0895059
0,0,0.0895145
0,0,0.0895438
0,0,0.089652
0,0,0.089784
0,0,0.0899083
0,0,0.090045
0,0,0.090253
0,0,0.0904497
0,0,0.0905391
0,0,0.0905937
0,0,0.0906564
0,0,0.0908449
0,0,0.0909485
0,0,0.0909491
0,0,0.0909671
0,0,0.091034
0,0,0.0910838
0,0,0.0911479
0,0,0.0912789
0,0,0.0912795
0,0,0.0914025
0,0,0.091451
0,0,0.0914726
0,0,0.0915213
0,0,0.091585
0,0,0.0917246
0,0,0.0917665
0,0,0.0918675
0,0,0.0919412
0,0,0.0920312
0,0,0.0920568
0,0,0.0921618
0,0,0.0924347
0,0,0.0924713
0,0,0.092656
0,0,0.0928405
0,0,0.0929159
0,0,0.0929311
0,0,0.09344
0,0,0.0934632
0,0,0.0935312
0,0,0.0935673
0,0,0.0935777
0,0,0.0936589
0,0,0.0936677
0,0,0.0936721
0,0,0.0944
0,0,0.0944705
0,0,0.0945168
0,0,0.0945168
0,0,0.094533
0,0,0.0945842
0,0,0.0946946
0,0,0.0947157
0,0,0.0948401
0,0,0.0948925
0,0,0.0949268
0,0,0.0949906
0,0,0.0950389
0,0,0.0950556
0,0,0.095088
0,0,0.0952095
0,0,0.0952293
0,0,0.0953051
0,0,0.0953182
0,0,0.0956027
0,0,0.0957674
0,0,0.0959229
0,0,0.0961107
0,0,0.0961913
0,0,0.0963721
0,0,0.0964593
0,0,0.0965378
0,0,0.0965468
0,0,0.0965921
0,0,0.096629
0,0,0.0966352
0,0,0.0969521
0,0,0.0970554
0,0,0.097188
0,0,0.0972034
0,0,0.0972182
0,0,0.0972586
0,0,0.0972695
0,0,0.0973971
0,0,0.0974738
0,0,0.0975775
0,0,0.0976277
0,0,0.0976998
0,0,0.0977473
0,0,0.0978475
0,0,0.0980435
0,0,0.0980584
0,0,0.0982371
0,0,0.0984472
0,0,0.0985697
0,0,0.0987286
0,0,0.0988277
0,0,0.0988441
0,0,0.0988634
0,0,0.0989017
0,0,0.0994489
0,0,0.099662
0,0,0.0997964
0,0,0.0998971
0,0,0.0999223
0,0,0.100091
0,0,0.100448
0,0,0.100687
0,0,0.100964
0,0,0.100972
0,0,0.101043
0,0,0.101175
0,0,0.101236
0,0,0.101257
0,0,0.101322
0,0,0.101407
0,0,0.101444
0,0,0.102036
0,0,0.102356
0,0,0.102378
0,0,0.102619
0,0,0.102636
0,0,0.102786
0,0,0.102813
0,0,0.103459
0,0,0.103533
0,0,0.103593
0,0,0.10375
0,0,0.103898
0,0,0.103953
0,0,0.10404
0,0,0.104464
0,0,0.104579
0,0,0.104659
0,0,0.104933
0,0,0.105003
0,0,0.105259
0,0,0.10529
0,0,0.105493
0,0,0.105793
0,0,0.105843
0,0,0.105944
0,0,0.106175
0,0,0.106285
0,0,0.10632
0,0,0.106329
0,0,0.10639
0,0,0.1064
0,0,0.106455
0,0,0.106584
0,0,0.10668
0,0,0.107008
0,0,0.107052
0,0,0.107178
0,0,0.107343
0,0,0.107356
0,0,0.107402
0,0,0.107431
0,0,0.107445
0,0,0.10748
0,0,0.107566
0,0,0.107568
0,0,0.107602
0,0,0.107779
0,0,0.107811
0,0,0.10785
0,0,0.10807
0,0,0.108106
0,0,0.10817
0,0,0.108763
0,0,0.108802
0,0,0.108878
0,0,0.10896
0,0,0.108979
0,0,0.108989
0,0,0.109311
0,0,0.109446
0,0,0.109514
0,0,0.109651
0,0,0.109759
0,0,0.10986
0,0,0.109915
0,0,0.110265
0,0,0.110287
0,0,0.110478
0,0,0.11069
0,0,0.110764
0,0,0.111378
0,0,0.111786
0,0,0.111822
0,0,0.111951
0,0,0.112203
0,0,0.112203
0,0,0.112373
0,0,0.11238
0,0,0.112391
0,0,0.112487
0,0,0.112537
0,0,0.112635
0,0,0.112662
0,0,0.112664
0,0,0.113051
0,0,0.113093
0,0,0.113172
0,0,0.113242
0,0,0.113715
0,0,0.113732
0,0,0.11382
0,0,0.113832
0,0,0.114147
0,0,0.11427
0,0,0.114272
0,0,0.114309
0,0,0.11485
0,0,0.114851
0,0,0.115255
0,0,0.115327
0,0,0.115338
0,0,0.115524
0,0,0.115618
0,0,0.115644
0,0,0.115824
0,0,0.11591
0,0,0.115936
0,0,0.116406
0,0,0.116548
0,0,0.116713
0,0,0.116932
0,0,0.117013
0,0,0.117166
0,0,0.117281
0,0,0.117386
0,0,0.117441
0,0,0.117474
0,0,0.117759
0,0,0.117844
0,0,0.117845
0,0,0.118141
0,0,0.118295
0,0,0.118335
0,0,0.11836
0,0,0.1184
0,0,0.118488
0,0,0.118513
0,0,0.118893
0,0,0.119058
0,0,0.11911
0,0,0.11942
0,0,0.119649
0,0,0.119661
0,0,0.120054
0,0,0.12021
0,0,0.120246
0,0,0.120268
0,0,0.12032
0,0,0.120335
0,0,0.120356
0,0,0.120362
0,0,0.120618
0,0,0.120728
0,0,0.12109
0,0,0.12154
0,0,0.121574
0,0,0.121583
0,0,0.121764
0,0,0.121769
0,0,0.121836
0,0,0.122014
0,0,0.122038
0,0,0.122134
0,0,0.122174
0,0,0.122276
0,0,0.122344
0,0,0.1225
0,0,0.122525
0,0,0.122625
0,0,0.122967
0,0,0.12297
0,0,0.123003
0,0,0.123006
0,0,0.12319
0,0,0.123344
0,0,0.123358
0,0,0.123449
0,0,0.12355
0,0,0.123606
0,0,0.123756
0,0,0.12377
0,0,0.123774
0,0,0.12387
0,0,0.123885
0,0,0.123995
0,0,0.123995
0,0,0.124004
0,0,0.124264
0,0,0.124367
0,0,0.12446
0,0,0.124516
0,0,0.124517
0,0,0.124589
0,0,0.124591
0,0,0.124673
0,0,0.124748
0,0,0.125094
0,0,0.1251
0,0,0.125214
0,0,0.125353
0,0,0.125371
0,0,0.125513
0,0,0.125586
0,0,0.125657
0,0,0.125693
0,0,0.125862
0,0,0.12596
0,0,0.126067
0,0,0.126161
0,0,0.126176
0,0,0.126568
0,0,0.126661
0,0,0.126773
0,0,0.126888
0,0,0.127004
0,0,0.127113
0,0,0.12717
0,0,0.127217
0,0,0.127285
0,0,0.127298
0,0,0.127523
0,0,0.127671
0,0,0.127729
0,0,0.127863
0,0,0.127905
0,0,0.127929
0,0,0.127957
0,0,0.127977
0,0,0.127978
0,0,0.128001
0,0,0.128234
0,0,0.128421
0,0,0.12848
0,0,0.128649
0,0,0.128679
0,0,0.128717
0,0,0.128829
0,0,0.128941
0,0,0.128969
0,0,0.129084
0,0,0.129117
0,0,0.129222
0,0,0.129458
0,0,0.129674
0,0,0.129683
0,0,0.129813
0,0,0.12988
0,0,0.13016
0,0,0.130281
0,0,0.130587
0,0,0.130642
0,0,0.13067
0,0,0.130699
0,0,0.130714
0,0,0.130887
0,0,0.13097
0,0,0.131112
0,0,0.131242
0,0,0.13142
0,0,0.131601
0,0,0.131662
0,0,0.131812
0,0,0.131827
0,0,0.131942
0,0,0.131992
0,0,0.132102
0,0,0.132168
0,0,0.132236
0,0,0.132577
0,0,0.132764
0,0,0.132796
0,0,0.132947
0,0,0.133078
0,0,0.133166
0,0,0.133186
0,0,0.133294
0,0,0.133485
0,0,0.133794
0,0,0.133993
0,0,0.134294
0,0,0.134431
0,0,0.134448
0,0,0.134472
0,0,0.134836
0,0,0.134838
0,0,0.134978
0,0,0.135109
0,0,0.135129
0,0,0.135162
0,0,0.135166
0,0,0.135368
0,0,0.135404
0,0,0.135487
0,0,0.13549
0,0,0.135599
0,0,0.135719
0,0,0.135723
0,0,0.135761
0,0,0.135823
0,0,0.135909
0,0,0.136037
0,0,0.13645
0,0,0.13669
0,0,0.136767
0,0,0.136776
0,0,0.136962
0,0,0.137057
0,0,0.13707
0,0,0.137102
0,0,0.137107
0,0,0.137225
0,0,0.137303
0,0,0.137359
0,0,0.137438
0,0,0.137558
0,0,0.137573
0,0,0.137713
0,0,0.137933
0,0,0.138231
0,0,0.138262
0,0,0.138334
0,0,0.138373
0,0,0.138426
0,0,0.138549
0,0,0.13862
0,0,0.138639
0,0,0.138849
0,0,0.138962
0,0,0.13897
0,0,0.139003
0,0,0.139066
0,0,0.139143
0,0,0.139295
0,0,0.139433
0,0,0.139483
0,0,0.139574
0,0,0.1396
0,0,0.139643
0,0,0.139728
0,0,0.140069
0,0,0.140157
0,0,0.140173
0,0,0.140572
0,0,0.140606
0,0,0.140632
0,0,0.140691
0,0,0.140805
0,0,0.1409
0,0,0.141148
0,0,0.141572
0,0,0.141646
0,0,0.141689
0,0,0.141769
0,0,0.141785
0,0,0.141832
0,0,0.142066
0,0,0.142413
0,0,0.142521
0,0,0.142731
0,0,0.143018
0,0,0.143104
0,0,0.143371
0,0,0.143382
0,0,0.143383
0,0,0.143438
0,0,0.143823
0,0,0.143946
0,0,0.144034
0,0,0.144066
0,0,0.144101
0,0,0.144476
0,0,0.144543
0,0,0.144704
0,0,0.144772
0,0,0.14489
0,0,0.144974
0,0,0.145488
0,0,0.1455
0,0,0.145656
0,0,0.145761
0,0,0.145818
0,0,0.146048
0,0,0.146054
0,0,0.146092
0,0,0.146159
0,0,0.146392
0,0,0.146409
0,0,0.146487
0,0,0.146657
0,0,0.146834
0,0,0.147084
0,0,0.147227
0,0,0.147316
0,0,0.14754
0,0,0.147722
0,0,0.147831
0,0,0.147876
0,0,0.148082
0,0,0.148275
0,0,0.148319
0,0,0.148535
0,0,0.148782
0,0,0.149098
0,0,0.149172
0,0,0.149326
0,0,0.149328
0,0,0.149482
0,0,0.149537
0,0,0.149679
0,0,0.149801
0,0,0.149873
0,0,0.150048
0,0,0.150414
0,0,0.150498
0,0,0.150511
0,0,0.150531
0,0,0.150612
0,0,0.150654
0,0,0.150671
0,0,0.150707
0,0,0.150986
0,0,0.150998
0,0,0.151161
0,0,0.15135
0,0,0.151429
0,0,0.15145
0,0,0.151476
0,0,0.151822
0,0,0.151903
0,0,0.152035
0,0,0.152137
0,0,0.152187
0,0,0.152293
0,0,0.152477
0,0,0.152561
0,0,0.152616
0,0,0.152618
0,0,0.152807
0,0,0.152812
0,0,0.152864
0,0,0.152994
0,0,0.153138
0,0,0.153376
0,0,0.15346
0,0,0.153493
0,0,0.15354
0,0,0.153672
0,0,0.153806
0,0,0.154088
0,0,0.154102
0,0,0.154195
0,0,0.154214
0,0,0.154253
0,0,0.15433
0,0,0.154429
0,0,0.154493
0,0,0.154601
0,0,0.154763
0,0,0.154808
0,0,0.154817
0,0,0.154987
0,0,0.155028
0,0,0.155351
0,0,0.155437
0,0,0.155452
0,0,0.155613
0,0,0.15564
0,0,0.155731
0,0,0.155732
0,0,0.155817
0,0,0.156048
0,0,0.156214
0,0,0.156254
0,0,0.156294
0,0,0.156319
0,0,0.156371
0,0,0.156657
0,0,0.156833
0,0,0.156845
0,0,0.156895
0,0,0.1571
0,0,0.157468
0,0,0.157495
0,0,0.157638
0,0,0.157648
0,0,0.157957
0,0,0.158172
0,0,0.158231
0,0,0.158306
0,0,0.158554
0,0,0.158813
0,0,0.159003
0,0,0.159054
0,0,0.159123
0,0,0.159464
0,0,0.159537
0,0,0.159683
0,0,0.160061
0,0,0.160121
0,0,0.160147
0,0,0.160258
0,0,0.160772
0,0,0.160778
0,0,0.160933
0,0,0.160979
0,0,0.161076
0,0,0.161381
0,0,0.161484
0,0,0.161534
0,0,0.162446
0,0,0.16245
0,0,0.16246
0,0,0.162598
0,0,0.162617
0,0,0.162676
0,0,0.162791
0,0,0.162942
0,0,0.163035
0,0,0.163089
0,0,0.163096
0,0,0.163104
0,0,0.163195
0,0,0.163222
0,0,0.163228
0,0,0.163617
0,0,0.163817
0,0,0.1642
0,0,0.164451
0,0,0.164542
0,0,0.164573
0,0,0.164801
0,0,0.165028
0,0,0.165052
0,0,0.1653
0,0,0.165422
0,0,0.165445
0,0,0.16562
0,0,0.165798
0,0,0.165901
0,0,0.165978
0,0,0.165993
0,0,0.166244
0,0,0.166247
0,0,0.166272
0,0,0.166387
0,0,0.166503
0,0,0.166815
0,0,0.166867
0,0,0.166976
0,0,0.16712
0,0,0.167153
0,0,0.16745
0,0,0.167643
0,0,0.167691
0,0,0.167797
0,0,0.167832
0,0,0.167969
0,0,0.168057
0,0,0.168296
0,0,0.168322
0,0,0.168968
0,0,0.16949
0,0,0.169542
0,0,0.169546
0,0,0.1696
0,0,0.169677
0,0,0.16993
0,0,0.170021
0,0,0.170519
0,0,0.170695
0,0,0.170717
0,0,0.17093
0,0,0.170994
0,0,0.171067
0,0,0.171169
0,0,0.171175
0,0,0.171328
0,0,0.17133
0,0,0.171336
0,0,0.17135
0,0,0.171368
0,0,0.171464
0,0,0.171523
0,0,0.17155
0,0,0.171768
0,0,0.171975
0,0,0.172202
0,0,0.172351
0,0,0.172431
0,0,0.172467
0,0,0.172766
0,0,0.172782
0,0,0.172978
0,0,0.173155
0,0,0.173481
0,0,0.173663
0,0,0.173685
0,0,0.173688
0,0,0.173838
0,0,0.173985
0,0,0.17407
0,0,0.174088
0,0,0.174146
0,0,0.174171
0,0,0.174483
0,0,0.174573
0,0,0.1746
0,0,0.174932
0,0,0.175332
0,0,0.175404
0,0,0.175483
0,0,0.175641
0,0,0.176014
0,0,0.176089
0,0,0.176133
0,0,0.176756
0,0,0.176978
0,0,0.177215
0,0,0.177456
0,0,0.177529
0,0,0.177736
0,0,0.177747
0,0,0.177777
0,0,0.178159
0,0,0.17835
0,0,0.178534
0,0,0.178551
0,0,0.178558
0,0,0.178708
0,0,0.178756
0,0,0.179035
0,0,0.179053
0,0,0.179203
0,0,0.179305
0,0,0.179524
0,0,0.179572
0,0,0.179659
0,0,0.179665
0,0,0.17975
0,0,0.179764
0,0,0.179863
0,0,0.180203
0,0,0.18028
0,0,0.180326
0,0,0.180364
0,0,0.180446
0,0,0.180489
0,0,0.180497
0,0,0.180507
0,0,0.180686
0,0,0.180718
0,0,0.180825
0,0,0.180943
0,0,0.180998
0,0,0.18119
0,0,0.181222
0,0,0.18138
0,0,0.181799
0,0,0.181855
0,0,0.181926
0,0,0.182003
0,0,0.182111
0,0,0.18228
0,0,0.182366
0,0,0.182478
0,0,0.18257
0,0,0.182612
0,0,0.182747
0,0,0.1835
0,0,0.183698
0,0,0.183864
0,0,0.183906
0,0,0.184012
0,0,0.184036
0,0,0.184094
0,0,0.184103
0,0,0.18426
0,0,0.184337
0,0,0.184373
0,0,0.184573
0,0,0.184674
0,0,0.18469
0,0,0.184699
0,0,0.184699
0,0,0.184731
0,0,0.184792
0,0,0.184873
0,0,0.18497
0,0,0.18503
0,0,0.185089
0,0,0.185235
0,0,0.18539
0,0,0.1854
0,0,0.185549
0,0,0.185584
0,0,0.185639
0,0,0.185767
0,0,0.185967
0,0,0.186322
0,0,0.186334
0,0,0.186646
0,0,0.186889
0,0,0.186891
0,0,0.187002
0,0,0.187055
0,0,0.187134
0,0,0.18726
0,0,0.187336
0,0,0.187338
0,0,0.187403
0,0,0.187771
0,0,0.188023
0,0,0.188347
0,0,0.188389
0,0,0.18866
0,0,0.188993
0,0,0.18914
0,0,0.189146
0,0,0.189205
0,0,0.189312
0,0,0.189394
0,0,0.189403
0,0,0.189418
0,0,0.189426
0,0,0.189585
0,0,0.189705
0,0,0.189744
0,0,0.189911
0,0,0.190378
0,0,0.190609
0,0,0.190619
0,0,0.191002
0,0,0.191185
0,0,0.191185
0,0,0.191531
0,0,0.191548
0,0,0.191632
0,0,0.191913
0,0,0.192142
0,0,0.192257
0,0,0.192419
0,0,0.19243
0,0,0.192463
0,0,0.192805
0,0,0.192817
0,0,0.193172
0,0,0.193586
0,0,0.193668
0,0,0.193725
0,0,0.193734
0,0,0.193783
0,0,0.194185
0,0,0.194567
0,0,0.194621
0,0,0.194642
0,0,0.19467
0,0,0.194717
0,0,0.194881
0,0,0.194904
0,0,0.195054
0,0,0.195178
0,0,0.195212
0,0,0.195244
0,0,0.19527
0,0,0.195273
0,0,0.195277
0,0,0.195432
0,0,0.195532
0,0,0.195715
0,0,0.195717
0,0,0.195967
0,0,0.19599
0,0,0.196019
0,0,0.196051
0,0,0.196064
0,0,0.196071
0,0,0.196106
0,0,0.196408
0,0,0.196635
0,0,0.196815
0,0,0.197345
0,0,0.197372
0,0,0.197403
0,0,0.197476
0,0,0.197521
0,0,0.19753
0,0,0.19757
0,0,0.197746
0,0,0.197955
0,0,0.198234
0,0,0.198484
0,0,0.198489
0,0,0.198595
0,0,0.198726
0,0,0.19883
0,0,0.199115
0,0,0.199463
0,0,0.199486
0,0,0.199499
0,0,0.19958
0,0,0.200104
0,0,0.200839
0,0,0.201363
0,0,0.201651
0,0,0.201721
0,0,0.201932
0,0,0.202109
0,0,0.202203
0,0,0.202326
0,0,0.202562
0,0,0.20288
0,0,0.202929
0,0,0.203198
0,0,0.203218
0,0,0.203326
0,0,0.203519
0,0,0.203596
0,0,0.204301
0,0,0.204347
0,0,0.204674
0,0,0.204731
0,0,0.204765
0,0,0.205005
0,0,0.205027
0,0,0.205262
0,0,0.205268
0,0,0.205271
0,0,0.205325
0,0,0.205438
0,0,0.205968
0,0,0.20598
0,0,0.206564
0,0,0.206703
0,0,0.207132
0,0,0.207337
0,0,0.207403
0,0,0.207426
0,0,0.207477
0,0,0.207664
0,0,0.20799
0,0,0.208019
0,0,0.20805
0,0,0.208064
0,0,0.208229
0,0,0.20853
0,0,0.208771
0,0,0.209287
0,0,0.209371
0,0,0.209386
0,0,0.209417
0,0,0.209424
0,0,0.209516
0,0,0.209612
0,0,0.20965
0,0,0.209674
0,0,0.209699
0,0,0.209811
0,0,0.209922
0,0,0.209923
0,0,0.209977
0,0,0.210023
0,0,0.210128
0,0,0.21024
0,0,0.210354
0,0,0.210386
0,0,0.210406
0,0,0.210645
0,0,0.210666
0,0,0.210697
0,0,0.210747
0,0,0.21091
0,0,0.21131
0,0,0.211421
0,0,0.211545
0,0,0.211588
0,0,0.211755
0,0,0.211812
0,0,0.212091
0,0,0.212156
0,0,0.212617
0,0,0.212644
0,0,0.212696
0,0,0.212863
0,0,0.2129
0,0,0.213215
0,0,0.213322
0,0,0.213526
0,0,0.213719
0,0,0.213874
0,0,0.213935
0,0,0.214162
0,0,0.214303
0,0,0.214354
0,0,0.214478
0,0,0.214481
0,0,0.214515
0,0,0.214795
0,0,0.214823
0,0,0.215078
0,0,0.215176
0,0,0.215228
0,0,0.215251
0,0,0.215301
0,0,0.215635
0,0,0.216816
0,0,0.216843
0,0,0.216972
0,0,0.217196
0,0,0.217267
0,0,0.217395
0,0,0.217536
0,0,0.21761
0,0,0.217777
0,0,0.217819
0,0,0.218739
0,0,0.218909
0,0,0.218966
0,0,0.219205
0,0,0.21931
0,0,0.219557
0,0,0.219711
0,0,0.219974
0,0,0.220006
0,0,0.220013
0,0,0.220051
0,0,0.220124
0,0,0.220292
0,0,0.220726
0,0,0.220876
0,0,0.221117
0,0,0.221392
0,0,0.221418
0,0,0.221928
0,0,0.222317
0,0,0.222475
0,0,0.223872
0,0,0.223994
0,0,0.223996
0,0,0.224215
0,0,0.224311
0,0,0.22464
0,0,0.224649
0,0,0.224671
0,0,0.224895
0,0,0.224943
0,0,0.225235
0,0,0.225897
0,0,0.226212
0,0,0.226443
0,0,0.22654
0,0,0.226683
0,0,0.226797
0,0,0.227035
0,0,0.227177
0,0,0.227436
0,0,0.227892
0,0,0.227937
0,0,0.228101
0,0,0.228416
0,0,0.228518
0,0,0.228804
0,0,0.22894
0,0,0.229432
0,0,0.229476
0,0,0.229621
0,0,0.229779
0,0,0.229924
0,0,0.229932
0,0,0.230028
0,0,0.230074
0,0,0.230295
0,0,0.230337
0,0,0.230416
0,0,0.230565
0,0,0.230682
0,0,0.230943
0,0,0.231221
0,0,0.231289
0,0,0.231394
0,0,0.231524
0,0,0.231652
0,0,0.231794
0,0,0.231911
0,0,0.232224
0,0,0.232667
0,0,0.232804
0,0,0.232824
0,0,0.23291
0,0,0.232914
0,0,0.233205
0,0,0.233334
0,0,0.233412
0,0,0.233679
0,0,0.234274
0,0,0.234458
0,0,0.234505
0,0,0.234525
0,0,0.234539
0,0,0.235009
0,0,0.235039
0,0,0.235168
0,0,0.235617
0,0,0.235656
0,0,0.235703
0,0,0.235709
0,0,0.235791
0,0,0.235913
0,0,0.236235
0,0,0.236409
0,0,0.236652
0,0,0.237217
0,0,0.237452
0,0,0.237564
0,0,0.237918
0,0,0.237936
0,0,0.238062
0,0,0.238462
0,0,0.238467
0,0,0.238523
0,0,0.239042
0,0,0.23909
0,0,0.239193
0,0,0.239611
0,0,0.239725
0,0,0.239814
0,0,0.239827
0,0,0.23986
0,0,0.239978
0,0,0.240198
0,0,0.240207
0,0,0.240341
0,0,0.241397
0,0,0.241411
0,0,0.241589
0,0,0.241722
0,0,0.242141
0,0,0.242359
0,0,0.242417
0,0,0.242465
0,0,0.242483
0,0,0.243007
0,0,0.243124
0,0,0.243311
0,0,0.243485
0,0,0.244047
0,0,0.244221
0,0,0.244375
0,0,0.244689
0,0,0.245617
0,0,0.245662
0,0,0.24588
0,0,0.246024
0,0,0.246348
0,0,0.246921
0,0,0.247037
0,0,0.247139
0,0,0.247513
0,0,0.247644
0,0,0.247728
0,0,0.247809
0,0,0.247898
0,0,0.248073
0,0,0.248181
0,0,0.248233
0,0,0.248239
0,0,0.248308
0,0,0.24832
0,0,0.248458
0,0,0.248733
0,0,0.249238
0,0,0.249793
0,0,0.25011
0,0,0.251227
0,0,0.251456
0,0,0.25169
0,0,0.251874
0,0,0.251908
0,0,0.251917
0,0,0.252209
0,0,0.252664
0,0,0.252904
0,0,0.253057
0,0,0.253102
0,0,0.254331
0,0,0.254359
0,0,0.254585
0,0,0.254962
0,0,0.255141
0,0,0.25521
0,0,0.255391
0,0,0.255764
0,0,0.256363
0,0,0.256614
0,0,0.256714
0,0,0.256737
0,0,0.257417
0,0,0.257663
0,0,0.257798
0,0,0.258026
0,0,0.259011
0,0,0.25907
0,0,0.259469
0,0,0.25994
0,0,0.260007
0,0,0.260013
0,0,0.260449
0,0,0.260506
0,0,0.260766
0,0,0.260885
0,0,0.260989
0,0,0.261105
0,0,0.2617
0,0,0.261885
0,0,0.26214
0,0,0.262808
0,0,0.263665
0,0,0.263923
0,0,0.264386
0,0,0.265208
0,0,0.26521
0,0,0.265457
0,0,0.265685
0,0,0.266148
0,0,0.266181
0,0,0.266241
0,0,0.266309
0,0,0.266527
0,0,0.266643
0,0,0.266644
0,0,0.266736
0,0,0.266921
0,0,0.267828
0,0,0.267853
0,0,0.267873
0,0,0.268709
0,0,0.269301
0,0,0.269712
0,0,0.269944
0,0,0.269968
0,0,0.270538
0,0,0.270544
0,0,0.271281
0,0,0.272227
0,0,0.27346
0,0,0.273674
0,0,0.273733
0,0,0.273741
0,0,0.273976
0,0,0.274257
0,0,0.274322
0,0,0.274649
0,0,0.274952
0,0,0.275299
0,0,0.275344
0,0,0.275818
0,0,0.276124
0,0,0.276125
0,0,0.276127
0,0,0.276425
0,0,0.276527
0,0,0.278006
0,0,0.278019
0,0,0.278318
0,0,0.278519
0,0,0.278633
0,0,0.27874
0,0,0.278923
0,0,0.27896
0,0,0.27903
0,0,0.279223
0,0,0.279707
0,0,0.280021
0,0,0.280383
0,0,0.280535
0,0,0.280643
0,0,0.28073
0,0,0.281351
0,0,0.281503
0,0,0.281888
0,0,0.282219
0,0,0.282527
0,0,0.284096
0,0,0.284144
0,0,0.284874
0,0,0.286194
0,0,0.286214
0,0,0.286219
0,0,0.286248
0,0,0.286396
0,0,0.286541
0,0,0.287026
0,0,0.287837
0,0,0.287872
0,0,0.288084
0,0,0.288285
0,0,0.288435
0,0,0.288584
0,0,0.289449
0,0,0.289738
0,0,0.290015
0,0,0.290537
0,0,0.290598
0,0,0.290918
0,0,0.290996
0,0,0.291299
0,0,0.292527
0,0,0.294631
0,0,0.294638
0,0,0.294799
0,0,0.295077
0,0,0.295115
0,0,0.295267
0,0,0.295603
0,0,0.295648
0,0,0.295993
0,0,0.296498
0,0,0.296965
0,0,0.297099
0,0,0.297717
0,0,0.297977
0,0,0.298022
0,0,0.298203
0,0,0.298352
0,0,0.299406
0,0,0.299603
0,0,0.300367
0,0,0.300902
0,0,0.300956
0,0,0.301068
0,0,0.301274
0,0,0.301823
0,0,0.30255
0,0,0.30281
0,0,0.30282
0,0,0.303396
0,0,0.303848
0,0,0.304424
0,0,0.304699
0,0,0.304979
0,0,0.305539
0,0,0.305814
0,0,0.306202
0,0,0.306699
0,0,0.306815
0,0,0.306929
0,0,0.307411
0,0,0.307766
0,0,0.307773
0,0,0.308069
0,0,0.308685
0,0,0.309142
0,0,0.309171
0,0,0.309189
0,0,0.309739
0,0,0.311278
0,0,0.312514
0,0,0.313111
0,0,0.313203
0,0,0.313648
0,0,0.313687
0,0,0.315193
0,0,0.315672
0,0,0.316246
0,0,0.316464
0,0,0.318145
0,0,0.318166
0,0,0.318647
0,0,0.319601
0,0,0.319979
0,0,0.321213
0,0,0.321752
0,0,0.322118
0,0,0.322247
0,0,0.323617
0,0,0.324068
0,0,0.324169
0,0,0.324944
0,0,0.325053
0,0,0.325061
0,0,0.325213
0,0,0.325241
0,0,0.325819
0,0,0.326357
0,0,0.327256
0,0,0.328136
0,0,0.328263
0,0,0.328715
0,0,0.328773
0,0,0.329313
0,0,0.329564
0,0,0.332593
0,0,0.333735
0,0,0.333767
0,0,0.33417
0,0,0.334265
0,0,0.334995
0,0,0.335398
0,0,0.335677
0,0,0.335699
0,0,0.336145
0,0,0.336713
0,0,0.337631
0,0,0.338384
0,0,0.33855
0,0,0.339304
0,0,0.339509
0,0,0.34101
0,0,0.341196
0,0,0.341637
0,0,0.342759
0,0,0.343049
0,0,0.344181
0,0,0.345949
0,0,0.34623
0,0,0.34907
0,0,0.349322
0,0,0.349587
0,0,0.351325
0,0,0.353322
0,0,0.35347
0,0,0.353894
0,0,0.355063
0,0,0.355425
0,0,0.356103
0,0,0.357004
0,0,0.357838
0,0,0.35838
0,0,0.359214
0,0,0.360553
0,0,0.360633
0,0,0.361726
0,0,0.362347
0,0,0.364713
0,0,0.36533
0,0,0.365383
0,0,0.365388
0,0,0.365693
0,0,0.366214
0,0,0.36747
0,0,0.367799
0,0,0.369301
0,0,0.371577
0,0,0.372798
0,0,0.374919
0,0,0.376251
0,0,0.37693
0,0,0.378436
0,0,0.378639
0,0,0.380276
0,0,0.380899
0,0,0.381069
0,0,0.381494
0,0,0.38192
0,0,0.385281
0,0,0.386705
0,0,0.388469
0,0,0.388777
0,0,0.392522
0,0,0.392812
0,0,0.394136
0,0,0.398293
0,0,0.402029
0,0,0.402454
0,0,0.403857
0,0,0.40552
0,0,0.406414
0,0,0.409032
0,0,0.412329
0,0,0.413671
0,0,0.417146
0,0,0.417255
0,0,0.417438
0,0,0.418482
0,0,0.420872
0,0,0.422103
0,0,0.422618
0,0,0.424376
0,0,0.425751
0,0,0.427328
0,0,0.428361
0,0,0.428776
0,0,0.429658
0,0,0.438425
0,0,0.441224
0,0,0.441349
0,0,0.448013
0,0,0.456471
0,0,0.456861
0,0,0.4592
0,0,0.459309
0,0,0.460998
0,0,0.467231
0,0,0.470846
0,0,0.471193
0,0,0.472338
0,0,0.474145
0,0,0.477024
0,0,0.479235
0,0,0.493155
0,0,0.502269
0,0,0.502899
0,0,0.517209
0,0,0.525094
0,0,0.527648
0,0,0.531911
0,0,0.539858
0,0,0.544024
0,0,0.545816
0,0,0.549712
0,0,0.54984
0,0,0.549961
0,0,0.552058
0,0,0.556121
0,0,0.569657
0,0,0.571603
0,0,0.586165
0,0,0.603991
0,0,0.605369
0,0,0.61977
0,0,0.620617
0,0,0.625275
0,0,0.648425
0,0,0.674304
0,0,0.675925
0,0,0.723075
0,0,0.730208
0,0,3
1,1.39386,1.4257
1,1.07258,1.18932
1,1.00645,1.02584
1,0.964344,0.978142
1,0.944402,1.01806
1,0.925857,1.31353
1,0.904316,1.05453
1,0.902061,0.927031
1,0.899792,0.917567
1,0.842373,1.14265
1,0.841599,0.91466
1,0.831142,1.2066
1,0.815951,1.037
1,0.796597,0.799596
1,0.79548,0.853991
1,0.791369,0.80066
1,0.780875,0.789144
1,0.778487,0.922837
1,0.775518,0.996485
1,0.750643,0.910106
1,0.732461,0.921492
1,0.714253,0.767821
1,0.713197,0.935789
1,0.706811,0.712233
1,0.706264,0.713692
1,0.704441,0.811392
1,0.703629,0.837942
1,0.691532,0.723495
1,0.689651,0.760655
1,0.686663,0.711557
1,0.685262,0.738017
1,0.677712,0.774798
1,0.673418,0.899781
1,0.669923,0.797464
1,0.659398,0.679527
1,0.659288,1.40476
1,0.654733,0.827446
1,0.645831,0.670482
1,0.64572,0.742284
1,0.642878,0.715961
1,0.638,0.641766
1,0.631505,0.712835
1,0.626912,0.933885
1,0.624408,0.651205
1,0.623833,0.708699
1,0.623641,0.625502
1,0.620795,0.654837
1,0.613691,0.628932
1,0.60924,0.784186
1,0.60908,0.618191
1,0.608733,0.650943
1,0.605423,0.677271
1,0.605383,0.660481
1,0.604934,0.618557
1,0.604423,0.795265
1,0.599286,0.631353
1,0.594807,0.639827
1,0.591751,0.592274
1,0.58584,0.676514
1,0.582209,0.660378
1,0.582058,0.674516
1,0.580285,0.589872
1,0.575692,0.619994
1,0.57367,0.616703
1,0.573062,0.618727
1,0.568233,0.579649
1,0.56127,0.662389
1,0.560713,0.82323
1,0.558158,0.591926
1,0.555508,0.761051
1,0.555195,0.688921
1,0.553239,0.571772
1,0.55265,0.552757
1,0.55239,0.654077
1,0.55141,0.568945
1,0.550185,0.949033
1,0.548222,0.564844
1,0.54263,0.560156
1,0.535228,0.551252
1,0.529441,0.544227
1,0.529176,0.560544
1,0.527763,0.557511
1,0.526353,0.544497
1,0.525779,0.527476
1,0.523371,0.574477
1,0.520952,0.525358
1,0.51424,0.666338
1,0.511636,0.522992
1,0.510536,0.581364
1,0.508898,0.519106
1,0.508814,0.509356
1,0.506844,0.545294
1,0.506457,0.648951
1,0.5059,0.608622
1,0.505052,0.621804
1,0.505019,0.560544
1,0.504258,0.586109
1,0.500327,0.506222
1,0.499998,0.503897
1,0.499413,0.527124
1,0.499038,0.508359
1,0.497935,0.664711
1,0.497576,0.501429
1,0.493965,0.649088
1,0.492185,0.646507
1,0.488115,0.525534
1,0.487283,0.589929
1,0.486951,0.516934
1,0.486788,0.492426
1,0.486546,0.547308
1,0.483705,0.543416
1,0.481457,0.51421
1,0.480992,0.502779
1,0.479707,0.480195
1,0.478587,0.651277
1,0.476645,0.487872
1,0.475448,0.593122
1,0.471406,0.574212
1,0.467591,0.544694
1,0.461975,0.485023
1,0.461378,0.548092
1,0.460566,0.986664
1,0.460501,0.665749
1,0.460083,0.49344
1,0.458398,0.915993
1,0.458132,0.488907
1,0.457003,0.524285
1,0.456865,0.473664
1,0.455622,0.477787
1,0.455391,0.573565
1,0.454924,0.662796
1,0.453774,0.462889
1,0.453143,0.459448
1,0.452724,0.484623
1,0.452565,0.530953
1,0.451214,0.470113
1,0.450804,0.52104
1,0.450386,0.521255
1,0.448462,0.541469
1,0.447551,0.597572
1,0.444692,0.574147
1,0.44394,0.573979
1,0.443707,0.489214
1,0.442591,0.519602
1,0.442181,0.49137
1,0.441823,0.47361
1,0.44138,0.476422
1,0.440213,0.456698
1,0.439847,0.474762
1,0.437598,0.440918
1,0.437536,0.537502
1,0.43701,0.498772
1,0.436603,0.459278
1,0.434596,0.644824
1,0.433028,0.438443
1,0.432043,0.543188
1,0.430199,0.510015
1,0.429968,0.453358
1,0.429823,0.479595
1,0.42948,0.437478
1,0.42698,0.432396
1,0.426618,0.490794
1,0.426345,0.557089
1,0.426061,0.618406
1,0.422583,0.430294
1,0.422392,0.436626
1,0.421454,0.470448
1,0.42035,0.600863
1,0.418748,0.46653
1,0.41847,0.585992
1,0.418362,0.449857
1,0.418154,0.521748
1,0.417836,0.573766
1,0.417707,0.59258
1,0.417511,0.418618
1,0.415522,0.448062
1,0.414411,0.454205
1,0.414168,0.520052
1,0.414139,0.440925
1,0.411774,0.569046
1,0.411615,0.41746
1,0.411344,0.414621
1,0.411259,0.628325
1,0.410949,0.541371
1,0.410209,0.611352
1,0.40989,0.515032
1,0.408946,0.41548
1,0.408854,0.547345
1,0.408387,0.660133
1,0.40828,0.648499
1,0.407186,0.445189
1,0.406313,0.450942
1,0.406193,0.41218
1,0.405687,0.537902
1,0.404949,0.40998
1,0.404307,0.417015
1,0.402939,0.523976
1,0.402597,0.523596
1,0.401727,0.491371
1,0.400106,0.401928
1,0.399283,0.494236
1,0.397463,0.428113
1,0.396723,0.429646
1,0.396596,0.418306
1,0.395067,0.553304
1,0.393644,0.465686
1,0.393237,0.424074
1,0.39177,0.449362
1,0.391203,0.544137
1,0.391089,0.426579
1,0.389075,0.688489
1,0.388557,0.491707
1,0.388477,0.457651
1,0.387907,0.544665
1,0.38788,0.418982
1,0.387562,0.633849
1,0.387174,0.422195
1,0.387165,0.446874
1,0.384896,0.452208
1,0.383635,0.484978
1,0.382599,0.49802
1,0.382429,0.508684
1,0.382289,0.399264
1,0.381645,0.64131
1,0.380745,0.788685
1,0.380595,0.59337
1,0.3801,0.412092
1,0.379652,0.670138
1,0.379532,0.541729
1,0.379167,0.408753
1,0.377062,0.595588
1,0.376558,0.393747
1,0.376482,0.392258
1,0.375728,0.43006
1,0.375573,0.455826
1,0.375442,0.416288
1,0.375105,0.553978
1,0.374482,0.374978
1,0.374168,0.437616
1,0.37414,0.455032
1,0.373293,0.488713
1,0.372314,0.380119
1,0.369477,0.477011
1,0.366446,0.366746
1,0.365456,0.36988
1,0.364523,0.445779
1,0.364177,0.406076
1,0.362626,0.504431
1,0.362466,0.387596
1,0.362342,0.49521
1,0.361536,0.599015
1,0.361106,0.363972
1,0.359251,0.359391
1,0.358403,0.515307
1,0.358079,0.49361
1,0.355717,0.635632
1,0.354905,0.465426
1,0.354349,0.378097
1,0.353721,0.56348
1,0.353348,0.357483
1,0.352655,0.738878
1,0.351621,0.436248
1,0.349565,0.37146
1,0.348407,0.435811
1,0.348386,0.371628
1,0.34809,0.43846
1,0.347228,0.361508
1,0.34707,0.419943
1,0.34688,0.348317
1,0.346488,0.381777
1,0.345522,0.354408
1,0.345453,0.554205
1,0.344743,0.350717
1,0.344567,0.434634
1,0.343625,0.355813
1,0.34359,0.423299
1,0.342791,0.355141
1,0.34265,0.417296
1,0.341586,0.351537
1,0.341539,0.385816
1,0.341005,0.361234
1,0.340292,0.545873
1,0.339104,0.375442
1,0.336812,0.341865
1,0.336224,0.395322
1,0.335627,0.389843
1,0.334463,0.399094
1,0.334372,0.38176
1,0.334015,0.366875
1,0.333717,0.483225
1,0.33347,0.441573
1,0.333174,0.337553
1,0.332407,0.358786
1,0.330011,0.335681
1,0.329278,0.343613
1,0.328248,0.386036
1,0.327152,0.343448
1,0.326103,0.532546
1,0.325714,0.358323
1,0.324932,0.337872
1,0.324768,0.440075
1,0.323957,0.33679
1,0.322327,0.352152
1,0.321408,0.359814
1,0.319551,0.322064
1,0.318504,0.371552
1,0.317926,0.388417
1,0.317184,0.346644
1,0.31676,0.329825
1,0.316533,0.336634
1,0.316249,0.386873
1,0.315684,0.319174
1,0.314987,0.493439
1,0.314385,0.333696
1,0.314181,0.519479
1,0.313404,0.344052
1,0.312387,0.34577
1,0.312153,0.388279
1,0.311669,0.320906
1,0.31087,0.355905
1,0.309808,0.333378
1,0.309763,0.331528
1,0.30961,0.330899
1,0.308604,0.359086
1,0.308528,0.3091
1,0.308301,0.346194
1,0.308023,0.31988
1,0.307446,0.318309
1,0.307368,0.350077
1,0.305983,0.39724
1,0.304355,0.339987
1,0.303612,0.344554
1,0.303191,0.305232
1,0.301899,0.315339
1,0.301668,0.579706
1,0.300113,0.352756
1,0.299045,0.401453
1,0.298926,0.307724
1,0.296679,0.30262
1,0.295959,0.368162
1,0.295956,0.306866
1,0.295885,0.460744
1,0.295829,0.406464
1,0.295569,0.314074
1,0.295416,0.300125
1,0.294958,0.378591
1,0.293721,0.324758
1,0.293706,0.460524
1,0.293173,0.308211
1,0.293025,0.384811
1,0.292973,0.361878
1,0.292723,0.303758
1,0.29222,0.450296
1,0.290419,0.310414
1,0.29002,0.353607
1,0.290003,0.343628
1,0.28994,0.309743
1,0.289566,0.297333
1,0.289238,0.295725
1,0.288944,0.50606
1,0.288924,0.414411
1,0.288458,0.409004
1,0.288112,0.355996
1,0.288068,0.397775
1,0.287385,0.36283
1,0.28731,0.303779
1,0.286211,0.381881
1,0.286116,0.322128
1,0.284981,0.350426
1,0.283792,0.291929
1,0.283742,0.328275
1,0.282289,0.422101
1,0.281206,0.346763
1,0.280231,0.286441
1,0.278976,0.296897
1,0.278415,0.368126
1,0.278313,0.359211
1,0.278043,0.278891
1,0.277284,0.282942
1,0.275339,0.275868
1,0.275199,0.284912
1,0.275069,0.286477
1,0.275047,0.28706
1,0.274103,0.348633
1,0.272822,0.336457
1,0.272231,0.333733
1,0.271594,0.372191
1,0.271377,0.308037
1,0.271157,0.272331
1,0.2707,0.275205
1,0.270596,0.405216
1,0.270314,0.279219
1,0.269966,0.300511
1,0.26979,0.302834
1,0.269716,0.292327
1,0.268919,0.30077
1,0.2688,0.319977
1,0.268446,0.331198
1,0.268091,0.295341
1,0.267917,0.283841
1,0.267119,0.292319
1,0.267088,0.315545
1,0.26695,0.270718
1,0.266825,0.349722
1,0.266771,0.314074
1,0.26654,0.292221
1,0.266527,0.296287
1,0.265617,0.28846
1,0.265585,0.291395
1,0.265559,0.295017
1,0.265117,0.285622
1,0.264517,0.369737
1,0.264193,0.337137
1,0.263976,0.274461
1,0.263838,0.299605
1,0.262868,0.345789
1,0.262862,0.2874
1,0.262035,0.264374
1,0.261927,0.305656
1,0.26146,0.287349
1,0.261362,0.285048
1,0.261219,0.265789
1,0.260608,0.373583
1,0.260461,0.387596
1,0.260041,0.319605
1,0.259985,0.317417
1,0.259891,0.280214
1,0.259646,0.272121
1,0.259611,0.259679
1,0.259361,0.297124
1,0.259099,0.266935
1,0.258609,0.260623
1,0.257498,0.350426
1,0.257407,0.286895
1,0.256774,0.345119
1,0.256278,0.300173
1,0.255815,0.295807
1,0.255777,0.262244
1,0.255192,0.280695
1,0.254685,0.292566
1,0.2541,0.327974
1,0.253921,0.318416
1,0.253652,0.257761
1,0.253565,0.29934
1,0.252028,0.33013
1,0.251688,0.265747
1,0.251248,0.263891
1,0.250602,0.289977
1,0.2498,0.46407
1,0.249311,0.346267
1,0.249175,0.270389
1,0.249034,0.255993
1,0.248961,0.289362
1,0.248712,0.265394
1,0.2484,0.253566
1,0.248033,0.31093
1,0.247983,0.268564
1,0.247477,0.251413
1,0.247378,0.270435
1,0.24727,0.268299
1,0.246929,0.27868
1,0.246649,0.278102
1,0.245522,0.254598
1,0.245245,0.341585
1,0.244495,0.27238
1,0.243715,0.33999
1,0.243034,0.281954
1,0.243009,0.277493
1,0.241717,0.285448
1,0.241122,0.266312
1,0.240829,0.331512
1,0.24035,0.323226
1,0.24021,0.300087
1,0.239266,0.262219
1,0.239196,0.262848
1,0.239171,0.244398
1,0.238672,0.298005
1,0.238231,0.24972
1,0.238126,0.263084
1,0.237889,0.277926
1,0.237801,0.250222
1,0.236515,0.240697
1,0.236501,0.246724
1,0.236296,0.24281
1,0.236043,0.237866
1,0.235716,0.32402
1,0.23441,0.248728
1,0.233701,0.240307
1,0.233538,0.317983
1,0.232866,0.294619
1,0.232713,0.284555
1,0.232622,0.246319
1,0.232597,0.28064
1,0.232295,0.242975
1,0.232153,0.257539
1,0.232021,0.239525
1,0.232011,0.307291
1,0.231597,0.26278
1,0.231375,0.251254
1,0.231192,0.265506
1,0.230821,0.266832
1,0.230466,0.240711
1,0.229641,0.244064
1,0.229343,0.229904
1,0.228494,0.268701
1,0.228006,0.229096
1,0.227768,0.313685
1,0.227597,0.334236
1,0.224803,0.244576
1,0.224244,0.26706
1,0.223428,0.307667
1,0.223423,0.249322
1,0.223348,0.274595
1,0.223067,0.24409
1,0.222872,0.283701
1,0.222565,0.239363
1,0.221961,0.305447
1,0.221818,0.347345
1,0.221614,0.331672
1,0.221188,0.234219
1,0.220633,0.27018
1,0.219256,0.231825
1,0.218807,0.298075
1,0.218303,0.241366
1,0.217893,0.220584
1,0.217039,0.241642
1,0.216983,0.230511
1,0.215102,0.224287
1,0.214632,0.23137
1,0.214506,0.233593
1,0.214486,0.223827
1,0.214212,0.256016
1,0.213208,0.227308
1,0.213016,0.218315
1,0.212898,0.291373
1,0.21227,0.23344
1,0.211985,0.212556
1,0.211479,0.214091
1,0.211189,0.265222
1,0.210434,0.21147
1,0.210249,0.305779
1,0.210026,0.311917
1,0.209343,0.26388
1,0.207724,0.211256
1,0.20618,0.240025
1,0.20558,0.376206
1,0.205562,0.234405
1,0.205374,0.205542
1,0.204937,0.248072
1,0.204934,0.213328
1,0.20468,0.296832
1,0.20457,0.217428
1,0.204241,0.22843
1,0.204027,0.206288
1,0.203696,0.210473
1,0.202699,0.23254
1,0.202652,0.287977
1,0.202323,0.248336
1,0.202153,0.254333
1,0.201834,0.277814
1,0.2018,0.241254
1,0.20143,0.276506
1,0.201077,0.225537
1,0.20085,0.261125
1,0.200809,0.220602
1,0.200084,0.300315
1,0.19993,0.22948
1,0.199824,0.205302
1,0.199402,0.230715
1,0.199194,0.202691
1,0.198242,0.322238
1,0.198056,0.208617
1,0.197702,0.284953
1,0.197422,0.215183
1,0.197364,0.197901
1,0.197098,0.197625
1,0.196301,0.219244
1,0.1963,0.226101
1,0.196163,0.242671
1,0.195694,0.207487
1,0.193587,0.202197
1,0.193497,0.24535
1,0.192362,0.248755
1,0.192314,0.203832
1,0.191732,0.196648
1,0.19093,0.218149
1,0.190099,0.281127
1,0.189364,0.232554
1,0.186332,0.195345
1,0.185529,0.196946
1,0.184616,0.237413
1,0.184468,0.22167
1,0.182937,0.204214
1,0.182533,0.195751
1,0.18114,0.220383
1,0.179995,0.202666
1,0.179823,0.179964
1,0.1791,0.179471
1,0.179001,0.181538
1,0.178326,0.217428
1,0.17574,0.195263
1,0.175672,0.189166
1,0.174175,0.18108
1,0.173406,0.178986
1,0.173374,0.198225
1,0.172464,0.251162
1,0.172399,0.174503
1,0.172012,0.17938
1,0.171354,0.182499
1,0.170498,0.195632
1,0.168946,0.273841
1,0.168707,0.185015
1,0.168619,0.17592
1,0.165913,0.187799
1,0.165787,0.185521
1,0.164577,0.17463
1,0.164416,0.182318
1,0.1619,0.193162
1,0.16129,0.19137
1,0.161009,0.187538
1,0.160972,0.286781
1,0.160675,0.178929
1,0.160464,0.211317
1,0.160214,0.16199
1,0.160163,0.215268
1,0.159206,0.183982
1,0.159179,0.21493
1,0.15802,0.161379
1,0.156982,0.158054
1,0.156668,0.16192
1,0.155513,0.158387
1,0.154472,0.155618
1,0.154222,0.204684
1,0.154136,0.20967
1,0.153122,0.165102
1,0.151036,0.160611
1,0.150833,0.15951
1,0.150439,0.155089
1,0.150067,0.153524
1,0.148713,0.152557
1,0.148605,0.154754
1,0.14763,0.153073
1,0.145574,0.151573
1,0.145244,0.16199
1,0.144052,0.153798
1,0.143966,0.172648
1,0.142798,0.164316
1,0.141498,0.170842
1,0.141454,0.143124
1,0.141336,0.189233
1,0.140457,0.141011
1,0.139991,0.151091
1,0.139585,0.141767
1,0.139409,0.153425
1,0.138627,0.140312
1,0.138407,0.192182
1,0.137116,0.173375
1,0.136544,0.138051
1,0.136391,0.182089
1,0.135937,0.14026
1,0.13561,0.150131
1,0.132757,0.15618
1,0.131709,0.139108
1,0.131499,0.142236
1,0.130805,0.138007
1,0.130754,0.139694
1,0.129508,0.136465
1,0.128711,0.130967
1,0.128516,0.140081
1,0.127934,0.149438
1,0.127741,0.149019
1,0.127567,0.136378
1,0.12744,0.135433
1,0.126194,0.130017
1,0.126101,0.13881
1,0.125983,0.134553
1,0.125865,0.143906
1,0.125864,0.126326
1,0.124597,0.143287
1,0.124261,0.127008
1,0.123455,0.133603
1,0.122994,0.131635
1,0.121337,0.152423
1,0.120284,0.12688
1,0.116397,0.128393
1,0.11568,0.167214
1,0.115399,0.154056
1,0.113653,0.131717
1,0.113152,0.114214
1,0.112185,0.117599
1,0.11205,0.128327
1,0.111765,0.13268
1,0.111556,0.151573
1,0.109389,0.113664
1,0.108893,0.119398
1,0.108064,0.109595
1,0.10679,0.125458
1,0.106575,0.127831
1,0.106545,0.117925
1,0.105141,0.121826
1,0.104741,0.106458
1,0.104209,0.147211
1,0.103093,0.106959
1,0.102837,0.125965
1,0.101581,0.102276
1,0.10132,0.149468
1,0.100294,0.131635
1,0.100243,0.125994
1,0.100165,0.139532
1,0.100142,0.12122
1,0.0988548,0.0990618
1,0.0979527,0.098684
1,0.096653,0.128898
1,0.0958672,0.0959801
1,0.0943896,0.101997
1,0.0940195,0.0955505
1,0.0917099,0.13033
1,0.0916485,0.0985921
1,0.0907901,0.122727
1,0.0905385,0.102593
1,0.0903874,0.0923234
1,0.088982,0.0901972
1,0.0886052,0.10397
1,0.086179,0.0865282
1,0.0843292,0.0868184
1,0.0836245,0.0886474
1,0.0811163,0.105952
1,0.0792659,0.0961163
1,0.0791147,0.0854016
1,0.0789466,0.0844464
1,0.0763355,0.102483
1,0.0756852,0.107981
1,0.0752785,0.0846206
1,0.0750101,0.0762559
1,0.0738189,0.0823359
1,0.0738182,0.0755025
1,0.0716533,0.0720383
1,0.0712549,0.0722591
1,0.0705142,0.0889236
1,0.0700675,0.0919217
1,0.0699752,0.0794827
1,0.0697897,0.0862589
1,0.0685297,0.0706676
1,0.0575455,0.0611152
1,0.0540303,0.0562099
1,0.0446712,0.0484282
2,1.50213,1.60102
2,1.48519,1.52653
2,1.37863,1.47178
2,1.37244,1.3796
2,1.35207,1.37064
2,1.26212,1.29232
2,1.11852,1.14151
2,1.11434,1.17815
2,1.06076,1.07023
2,1.02462,1.06862
2,1.01712,1.05413
2,1.00527,1.07052
2,0.9989,1.02747
2,0.982604,1.08365
2,0.970072,0.975826
2,0.969755,0.971647
2,0.966389,0.980491
2,0.965954,1.04402
2,0.961221,1.01111
2,0.900132,0.959203
2,0.867311,0.86993
2,0.852139,1.00828
2,0.796526,0.816333
2,0.770198,0.824285
2,0.730325,0.734111
2,0.729816,0.732723
2,0.712565,0.759907
2,0.711129,0.716833
2,0.706609,0.734731
2,0.676891,0.714455
2,0.675487,0.681195
2,0.662366,0.672671
2,0.658714,0.670026
2,0.652974,0.696326
2,0.650255,0.671233
2,0.649653,0.755069
2,0.630214,0.71183
2,0.604931,0.608091
2,0.596345,0.601262
2,0.558004,0.612865
2,0.554715,0.623711
2,0.553965,0.612892
2,0.552282,0.584305
2,0.520511,0.522246
2,0.514415,0.525463
2,0.513066,0.54166
2,0.512733,0.563198
2,0.510867,0.536722
2,0.495079,0.558393
2,0.467265,0.48567
2,0.463601,0.466053
2,0.457405,0.542468
2,0.456537,0.487713
2,0.454125,0.46074
2,0.44858,0.495827
2,0.430887,0.436502
2,0.414871,0.462078
2,0.408039,0.410844
2,0.407367,0.408027
2,0.402148,0.434488
2,0.397412,0.406124
2,0.389671,0.418345
2,0.388341,0.39122
2,0.385075,0.396321
2,0.381727,0.382979
2,0.380362,0.422726
2,0.372284,0.420881
2,0.370043,0.374634
2,0.367985,0.371629
2,0.366726,0.394855
2,0.361878,0.37903
2,0.35958,0.360601
2,0.354548,0.388081
2,0.318656,0.326119
2,0.318052,0.337936
2,0.313738,0.350763
2,0.312421,0.312757
2,0.310115,0.310394
2,0.307088,0.316002
2,0.305116,0.306751
2,0.302918,0.318487
2,0.302248,0.313765
2,0.301929,0.306923
2,0.301434,0.312863
2,0.289771,0.301931
2,0.284471,0.286099
2,0.282032,0.298898
2,0.280391,0.303014
2,0.279242,0.287373
2,0.265944,0.27034
2,0.260785,0.282768
2,0.253031,0.269978
2,0.24884,0.249304
2,0.230071,0.240823
2,0.226752,0.23529
2,0.217563,0.218262
2,0.217302,0.219511
2,0.216506,0.216537
2,0.215528,0.219114
2,0.17718,0.178372
2,0.176931,0.180122
2,0.158095,0.165426
2,0.155437,0.157046
2,0.154762,0.167786
2,0.154333,0.158328
2,0.153948,0.164619
2,0.15022,0.153525
2,0.144845,0.147473
2,0.132253,0.132973
2,0.105483,0.114093
2,0.0968361,0.0971646
