point cloud with 1290 points in dimension 3
0,0,0.0092288
0,0,0.00956504
0,0,0.0110535
0,0,0.013234
0,0,0.0155572
0,0,0.016176
0,0,0.0165908
0,0,0.0166669
0,0,0.0166993
0,0,0.017111
0,0,0.0174119
0,0,0.0187822
0,0,0.0191237
0,0,0.0194512
0,0,0.0194817
0,0,0.0207874
0,0,0.0216574
0,0,0.0217655
0,0,0.0222399
0,0,0.0224973
0,0,0.0230018
0,0,0.0232186
0,0,0.0237045
0,0,0.024436
0,0,0.0247295
0,0,0.0255399
0,0,0.0256392
0,0,0.0267201
0,0,0.0270066
0,0,0.0270819
0,0,0.028962
0,0,0.0291425
0,0,0.0295709
0,0,0.0296892
0,0,0.0298052
0,0,0.0301816
0,0,0.0302189
0,0,0.0306558
0,0,0.0306837
0,0,0.0308188
0,0,0.0313942
0,0,0.0314303
0,0,0.0317489
0,0,0.0320658
0,0,0.0320841
0,0,0.0322696
0,0,0.0329346
0,0,0.0338955
0,0,0.0339377
0,0,0.0343248
0,0,0.0344841
0,0,0.0346742
0,0,0.0349477
0,0,0.0352324
0,0,0.0356286
0,0,0.035667
0,0,0.0357551
0,0,0.0360125
0,0,0.0361081
0,0,0.0363536
0,0,0.0366054
0,0,0.0368122
0,0,0.0372196
0,0,0.037668
0,0,0.0378349
0,0,0.0380862
0,0,0.0386701
0,0,0.0389584
0,0,0.039017
0,0,0.0392331
0,0,0.0392337
0,0,0.0396941
0,0,0.0396998
0,0,0.0399704
0,0,0.0402043
0,0,0.0403387
0,0,0.0410881
0,0,0.0413178
0,0,0.0413693
0,0,0.0413869
0,0,0.0416096
0,0,0.0416242
0,0,0.0417632
0,0,0.0418517
0,0,0.0420951
0,0,0.0425693
0,0,0.0426621
0,0,0.0426761
0,0,0.0426983
0,0,0.0429376
0,0,0.0429473
0,0,0.0430154
0,0,0.0430318
0,0,0.0430785
0,0,0.0435409
0,0,0.0437469
0,0,0.0439397
0,0,0.0444551
0,0,0.0446634
0,0,0.0446813
0,0,0.0451176
0,0,0.0452312
0,0,0.0458077
0,0,0.0458667
0,0,0.0459927
0,0,0.0462049
0,0,0.0462756
0,0,0.0472534
0,0,0.0472631
0,0,0.0473267
0,0,0.0476496
0,0,0.0477449
0,0,0.0485205
0,0,0.0487924
0,0,0.049096
0,0,0.0491189
0,0,0.0491984
0,0,0.0493614
0,0,0.0495585
0,0,0.0495811
0,0,0.049623
0,0,0.0497772
0,0,0.0502001
0,0,0.0503639
0,0,0.0504417
0,0,0.0505934
0,0,0.0506713
0,0,0.05074
0,0,0.0508333
0,0,0.0509388
0,0,0.0513414
0,0,0.0516246
0,0,0.0518139
0,0,0.0518734
0,0,0.0518941
0,0,0.0520284
0,0,0.0520733
0,0,0.0523061
0,0,0.0523507
0,0,0.0524127
0,0,0.0525667
0,0,0.0526477
0,0,0.0526859
0,0,0.0532327
0,0,0.0532403
0,0,0.0533033
0,0,0.0536419
0,0,0.0538709
0,0,0.053888
0,0,0.0539506
0,0,0.0539626
0,0,0.0539705
0,0,0.0539776
0,0,0.0540042
0,0,0.0541499
0,0,0.0541739
0,0,0.0542176
0,0,0.0542806
0,0,0.0544726
0,0,0.0545136
0,0,0.0548335
0,0,0.0552602
0,0,0.0554881
0,0,0.055595
0,0,0.0557033
0,0,0.0557051
0,0,0.0560225
0,0,0.0563243
0,0,0.056546
0,0,0.0566284
0,0,0.0567239
0,0,0.0568722
0,0,0.0569067
0,0,0.0569497
0,0,0.0570623
0,0,0.0573057
0,0,0.0573912
0,0,0.0576977
0,0,0.0577242
0,0,0.057891
0,0,0.0583186
0,0,0.0584537
0,0,0.0587338
0,0,0.0596506
0,0,0.0596842
0,0,0.0597665
0,0,0.0598809
0,0,0.0601943
0,0,0.0603586
0,0,0.0606485
0,0,0.0609357
0,0,0.0613699
0,0,0.0613749
0,0,0.0614855
0,0,0.061488
0,0,0.0615791
0,0,0.0616791
0,0,0.0617082
0,0,0.0618452
0,0,0.0618695
0,0,0.0621671
0,0,0.0621938
0,0,0.0622781
0,0,0.062348
0,0,0.0624694
0,0,0.0627629
0,0,0.062789
0,0,0.0629309
0,0,0.0629864
0,0,0.0630906
0,0,0.0631961
0,0,0.0632874
0,0,0.0634249
0,0,0.0635568
0,0,0.063568
0,0,0.0637096
0,0,0.0637691
0,0,0.0640506
0,0,0.0640691
0,0,0.0642273
0,0,0.0643381
0,0,0.0644334
0,0,0.0645657
0,0,0.0646591
0,0,0.0647227
0,0,0.0649904
0,0,0.0652034
0,0,0.0654249
0,0,0.0654734
0,0,0.0656339
0,0,0.0657499
0,0,0.0658711
0,0,0.0661953
0,0,0.0663256
0,0,0.06634
0,0,0.06635
0,0,0.066458
0,0,0.0666369
0,0,0.0667164
0,0,0.0667615
0,0,0.0668345
0,0,0.0668505
0,0,0.0671933
0,0,0.0679243
0,0,0.067993
0,0,0.0681878
0,0,0.0683288
0,0,0.0683564
0,0,0.0683796
0,0,0.0683989
0,0,0.068523
0,0,0.0685344
0,0,0.0687314
0,0,0.0687378
0,0,0.068849
0,0,0.0690298
0,0,0.0690645
0,0,0.0690758
0,0,0.0691972
0,0,0.0694596
0,0,0.0696228
0,0,0.0696625
0,0,0.0701376
0,0,0.0704657
0,0,0.0705918
0,0,0.0706664
0,0,0.0708309
0,0,0.0709848
0,0,0.071403
0,0,0.0714491
0,0,0.0714739
0,0,0.0718148
0,0,0.0718303
0,0,0.071842
0,0,0.0719625
0,0,0.072
0,0,0.0721493
0,0,0.0721974
0,0,0.0722319
0,0,0.0722334
0,0,0.0723601
0,0,0.0723707
0,0,0.0724493
0,0,0.0724717
0,0,0.0726014
0,0,0.072927
0,0,0.0731938
0,0,0.0732092
0,0,0.0732123
0,0,0.0732765
0,0,0.0740217
0,0,0.0740337
0,0,0.0741615
0,0,0.0743711
0,0,0.0746598
0,0,0.074711
0,0,0.0747237
0,0,0.0748409
0,0,0.0751248
0,0,0.0753029
0,0,0.0753433
0,0,0.0755478
0,0,0.0755541
0,0,0.0756969
0,0,0.075736
0,0,0.0757429
0,0,0.075954
0,0,0.0759701
0,0,0.0760156
0,0,0.0766118
0,0,0.0767569
0,0,0.0768822
0,0,0.0770423
0,0,0.0770515
0,0,0.0772223
0,0,0.0773787
0,0,0.0776103
0,0,0.0776976
0,0,0.0777243
0,0,0.0777891
0,0,0.0781388
0,0,0.0782272
0,0,0.0784888
0,0,0.0785013
0,0,0.078691
0,0,0.0787941
0,0,0.0788337
0,0,0.0789271
0,0,0.0789463
0,0,0.079087
0,0,0.0791476
0,0,0.0792607
0,0,0.0793094
0,0,0.0794402
0,0,0.0798578
0,0,0.0802529
0,0,0.0804987
0,0,0.0805373
0,0,0.0805506
0,0,0.0807694
0,0,0.0808213
0,0,0.0808491
0,0,0.0811119
0,0,0.0815335
0,0,0.0816569
0,0,0.0816751
0,0,0.0820402
0,0,0.0822429
0,0,0.0822892
0,0,0.0825367
0,0,0.0826102
0,0,0.082619
0,0,0.0826861
0,0,0.0827207
0,0,0.0827216
0,0,0.0828113
0,0,0.0832037
0,0,0.0833459
0,0,0.0835179
0,0,0.0835865
0,0,0.0836062
0,0,0.0836465
0,0,0.0837773
0,0,0.0838469
0,0,0.0838883
0,0,0.0839148
0,0,0.0840857
0,0,0.0841857
0,0,0.0843624
0,0,0.0844006
0,0,0.0844194
0,0,0.084488
0,0,0.084556
0,0,0.0846677
0,0,0.0846979
0,0,0.0849666
0,0,0.0849919
0,0,0.0852275
0,0,0.0853618
0,0,0.0857052
0,0,0.086064
0,0,0.0862107
0,0,0.0864473
0,0,0.0866751
0,0,0.0867484
0,0,0.0867665
0,0,0.0867819
0,0,0.0871215
0,0,0.0871734
0,0,0.0873408
0,0,0.0873593
0,0,0.0876275
0,0,0.087718
0,0,0.0879336
0,0,0.0880949
0,0,0.0882921
0,0,0.0883041
0,0,0.088369
0,0,0.0884139
0,0,0.0885509
0,0,0.0885729
0,0,0.0886125
0,0,0.088673
0,0,0.089173
0,0,0.0892427
0,0,0.0892753
0,0,0.0897656
0,0,0.0898537
0,0,0.0900958
0,0,0.0901747
0,0,0.0903798
0,0,0.0904332
0,0,0.0904837
0,0,0.0905445
0,0,0.0906439
0,0,0.0909242
0,0,0.0912095
0,0,0.0916268
0,0,0.0918064
0,0,0.0918362
0,0,0.0919511
0,0,0.0920608
0,0,0.0921924
0,0,0.0924155
0,0,0.0924915
0,0,0.0926335
0,0,0.0927393
0,0,0.0927755
0,0,0.0931332
0,0,0.0939064
0,0,0.0939108
0,0,0.0941484
0,0,0.09441
0,0,0.0945215
0,0,0.094843
0,0,0.0951185
0,0,0.0952382
0,0,0.0955662
0,0,0.0956346
0,0,0.095859
0,0,0.0958668
0,0,0.0959914
0,0,0.0960022
0,0,0.0960269
0,0,0.0962265
0,0,0.0963904
0,0,0.0965439
0,0,0.0966031
0,0,0.0966658
0,0,0.0969458
0,0,0.0971354
0,0,0.0975782
0,0,0.0976651
0,0,0.0977169
0,0,0.09796
0,0,0.0980633
0,0,0.0985883
0,0,0.0986119
0,0,0.0986462
0,0,0.098698
0,0,0.0987282
0,0,0.0988436
0,0,0.0989887
0,0,0.099012
0,0,0.0990337
0,0,0.0991082
0,0,0.0993729
0,0,0.0994168
0,0,0.0994389
0,0,0.0995538
0,0,0.0999449
0,0,0.0999691
0,0,0.100048
0,0,0.100304
0,0,0.100517
0,0,0.10078
0,0,0.100822
0,0,0.101093
0,0,0.101445
0,0,0.101584
0,0,0.101646
0,0,0.101647
0,0,0.101718
0,0,0.102184
0,0,0.102556
0,0,0.102615
0,0,0.102822
0,0,0.103435
0,0,0.10363
0,0,0.104696
0,0,0.104699
0,0,0.105261
0,0,0.105722
0,0,0.105724
0,0,0.105731
0,0,0.106005
0,0,0.106064
0,0,0.106075
0,0,0.106234
0,0,0.106346
0,0,0.106462
0,0,0.106493
0,0,0.106494
0,0,0.106514
0,0,0.106569
0,0,0.106702
0,0,0.106901
0,0,0.106932
0,0,0.107629
0,0,0.10776
0,0,0.108068
0,0,0.108096
0,0,0.108324
0,0,0.108358
0,0,0.108449
0,0,0.108507
0,0,0.108825
0,0,0.10897
0,0,0.109333
0,0,0.109475
0,0,0.109812
0,0,0.110562
0,0,0.110634
0,0,0.110783
0,0,0.110943
0,0,0.111115
0,0,0.111132
0,0,0.111387
0,0,0.111418
0,0,0.111734
0,0,0.111887
0,0,0.111917
0,0,0.111979
0,0,0.112015
0,0,0.112306
0,0,0.112493
0,0,0.112773
0,0,0.112944
0,0,0.112981
0,0,0.11302
0,0,0.113247
0,0,0.113829
0,0,0.114339
0,0,0.114401
0,0,0.114639
0,0,0.114983
0,0,0.115982
0,0,0.116344
0,0,0.116538
0,0,0.117123
0,0,0.117124
0,0,0.117152
0,0,0.117188
0,0,0.117425
0,0,0.117549
0,0,0.117762
0,0,0.118039
0,0,0.118092
0,0,0.118097
0,0,0.118498
0,0,0.118774
0,0,0.118984
0,0,0.119162
0,0,0.11929
0,0,0.119336
0,0,0.119383
0,0,0.119495
0,0,0.119504
0,0,0.119609
0,0,0.119621
0,0,0.119624
0,0,0.119796
0,0,0.119931
0,0,0.120196
0,0,0.120696
0,0,0.120981
0,0,0.12141
0,0,0.121427
0,0,0.121758
0,0,0.121902
0,0,0.121908
0,0,0.122097
0,0,0.122368
0,0,0.123094
0,0,0.123135
0,0,0.123379
0,0,0.123563
0,0,0.123778
0,0,0.123779
0,0,0.123861
0,0,0.123891
0,0,0.123914
0,0,0.124496
0,0,0.124508
0,0,0.125517
0,0,0.126169
0,0,0.126356
0,0,0.126413
0,0,0.126463
0,0,0.126572
0,0,0.12668
0,0,0.126684
0,0,0.126781
0,0,0.126909
0,0,0.126997
0,0,0.127048
0,0,0.127267
0,0,0.127416
0,0,0.127601
0,0,0.127624
0,0,0.127855
0,0,0.127909
0,0,0.12792
0,0,0.127944
0,0,0.128322
0,0,0.128559
0,0,0.128675
0,0,0.12877
0,0,0.128906
0,0,0.12901
0,0,0.129397
0,0,0.129521
0,0,0.129983
0,0,0.13002
0,0,0.130031
0,0,0.130087
0,0,0.130628
0,0,0.130907
0,0,0.130958
0,0,0.131046
0,0,0.131165
0,0,0.131816
0,0,0.132181
0,0,0.132238
0,0,0.132364
0,0,0.132557
0,0,0.132698
0,0,0.132809
0,0,0.132859
0,0,0.133271
0,0,0.133298
0,0,0.133326
0,0,0.133389
0,0,0.133582
0,0,0.133873
0,0,0.134105
0,0,0.134305
0,0,0.134338
0,0,0.13445
0,0,0.1346
0,0,0.135214
0,0,0.135555
0,0,0.135734
0,0,0.135822
0,0,0.136814
0,0,0.137161
0,0,0.137187
0,0,0.137949
0,0,0.137996
0,0,0.138217
0,0,0.138539
0,0,0.138591
0,0,0.138715
0,0,0.138984
0,0,0.140418
0,0,0.14064
0,0,0.141016
0,0,0.141137
0,0,0.141159
0,0,0.141205
0,0,0.141281
0,0,0.141727
0,0,0.141758
0,0,0.141949
0,0,0.142144
0,0,0.142234
0,0,0.142525
0,0,0.142743
0,0,0.142766
0,0,0.142907
0,0,0.142938
0,0,0.142987
0,0,0.143253
0,0,0.143684
0,0,0.143686
0,0,0.144262
0,0,0.144644
0,0,0.14469
0,0,0.145758
0,0,0.145808
0,0,0.145906
0,0,0.146076
0,0,0.146134
0,0,0.146396
0,0,0.146583
0,0,0.146675
0,0,0.147041
0,0,0.147117
0,0,0.147121
0,0,0.147169
0,0,0.147653
0,0,0.148059
0,0,0.148384
0,0,0.149079
0,0,0.149437
0,0,0.149459
0,0,0.149538
0,0,0.149715
0,0,0.150112
0,0,0.150282
0,0,0.15042
0,0,0.150654
0,0,0.150726
0,0,0.150763
0,0,0.150921
0,0,0.150963
0,0,0.151018
0,0,0.15115
0,0,0.151631
0,0,0.151801
0,0,0.152075
0,0,0.152612
0,0,0.152754
0,0,0.15297
0,0,0.153082
0,0,0.153278
0,0,0.15391
0,0,0.153991
0,0,0.154208
0,0,0.154215
0,0,0.154646
0,0,0.154748
0,0,0.154839
0,0,0.154853
0,0,0.154938
0,0,0.154989
0,0,0.155132
0,0,0.155285
0,0,0.155817
0,0,0.155851
0,0,0.155869
0,0,0.156219
0,0,0.156504
0,0,0.156589
0,0,0.156668
0,0,0.156771
0,0,0.157384
0,0,0.157388
0,0,0.157425
0,0,0.157456
0,0,0.157597
0,0,0.157743
0,0,0.157769
0,0,0.157847
0,0,0.158077
0,0,0.158216
0,0,0.158685
0,0,0.158812
0,0,0.158875
0,0,0.159264
0,0,0.159485
0,0,0.159581
0,0,0.159699
0,0,0.16014
0,0,0.160474
0,0,0.160788
0,0,0.161005
0,0,0.161086
0,0,0.162895
0,0,0.162951
0,0,0.163095
0,0,0.16403
0,0,0.16423
0,0,0.164285
0,0,0.164823
0,0,0.164964
0,0,0.1652
0,0,0.165554
0,0,0.165933
0,0,0.166092
0,0,0.16638
0,0,0.167201
0,0,0.167265
0,0,0.167269
0,0,0.167341
0,0,0.167743
0,0,0.167881
0,0,0.168072
0,0,0.168771
0,0,0.168784
0,0,0.169187
0,0,0.169625
0,0,0.169858
0,0,0.16995
0,0,0.171588
0,0,0.172815
0,0,0.172911
0,0,0.173115
0,0,0.173285
0,0,0.173312
0,0,0.173347
0,0,0.173606
0,0,0.173653
0,0,0.174021
0,0,0.174098
0,0,0.174157
0,0,0.174319
0,0,0.174332
0,0,0.174456
0,0,0.176191
0,0,0.17669
0,0,0.176752
0,0,0.177138
0,0,0.177195
0,0,0.178358
0,0,0.17889
0,0,0.179427
0,0,0.179438
0,0,0.179473
0,0,0.180047
0,0,0.180203
0,0,0.180675
0,0,0.180822
0,0,0.181021
0,0,0.181052
0,0,0.181171
0,0,0.181237
0,0,0.181349
0,0,0.18136
0,0,0.181418
0,0,0.18157
0,0,0.182012
0,0,0.182039
0,0,0.182051
0,0,0.182253
0,0,0.182543
0,0,0.182801
0,0,0.182835
0,0,0.18317
0,0,0.183341
0,0,0.183523
0,0,0.18357
0,0,0.183795
0,0,0.183933
0,0,0.184213
0,0,0.185057
0,0,0.185121
0,0,0.185389
0,0,0.185664
0,0,0.186292
0,0,0.18656
0,0,0.186583
0,0,0.187247
0,0,0.187744
0,0,0.187802
0,0,0.188518
0,0,0.188527
0,0,0.188631
0,0,0.188653
0,0,0.189248
0,0,0.189308
0,0,0.18938
0,0,0.189536
0,0,0.189542
0,0,0.189624
0,0,0.189854
0,0,0.19074
0,0,0.191051
0,0,0.19141
0,0,0.191431
0,0,0.191458
0,0,0.191884
0,0,0.191958
0,0,0.192093
0,0,0.192684
0,0,0.192706
0,0,0.193325
0,0,0.19425
0,0,0.195085
0,0,0.195229
0,0,0.195827
0,0,0.195842
0,0,0.196012
0,0,0.196048
0,0,0.196919
0,0,0.197227
0,0,0.197383
0,0,0.197606
0,0,0.197874
0,0,0.198204
0,0,0.198353
0,0,0.198445
0,0,0.198932
0,0,0.19899
0,0,0.199931
0,0,0.200062
0,0,0.20007
0,0,0.200327
0,0,0.2005
0,0,0.200793
0,0,0.201677
0,0,0.201786
0,0,0.202933
0,0,0.203216
0,0,0.203375
0,0,0.204041
0,0,0.204147
0,0,0.204438
0,0,0.204504
0,0,0.204561
0,0,0.204987
0,0,0.205009
0,0,0.205165
0,0,0.205182
0,0,0.205803
0,0,0.206025
0,0,0.206062
0,0,0.207789
0,0,0.208101
0,0,0.208481
0,0,0.208624
0,0,0.208999
0,0,0.209009
0,0,0.209173
0,0,0.209592
0,0,0.210308
0,0,0.210541
0,0,0.210593
0,0,0.210647
0,0,0.211419
0,0,0.211507
0,0,0.211734
0,0,0.212021
0,0,0.212489
0,0,0.212524
0,0,0.212557
0,0,0.212661
0,0,0.212846
0,0,0.214043
0,0,0.214299
0,0,0.214559
0,0,0.215197
0,0,0.216093
0,0,0.216105
0,0,0.216557
0,0,0.216812
0,0,0.216991
0,0,0.217208
0,0,0.217466
0,0,0.217914
0,0,0.218017
0,0,0.218739
0,0,0.218863
0,0,0.218871
0,0,0.218889
0,0,0.218988
0,0,0.219049
0,0,0.219059
0,0,0.219161
0,0,0.21961
0,0,0.219706
0,0,0.220423
0,0,0.221377
0,0,0.221555
0,0,0.222196
0,0,0.222284
0,0,0.222353
0,0,0.222954
0,0,0.223435
0,0,0.223659
0,0,0.22398
0,0,0.224216
0,0,0.224525
0,0,0.224754
0,0,0.22529
0,0,0.22542
0,0,0.226001
0,0,0.226632
0,0,0.226666
0,0,0.226969
0,0,0.22706
0,0,0.227222
0,0,0.227377
0,0,0.228232
0,0,0.228467
0,0,0.229041
0,0,0.229867
0,0,0.230923
0,0,0.230926
0,0,0.231469
0,0,0.232098
0,0,0.233335
0,0,0.233597
0,0,0.233882
0,0,0.233892
0,0,0.234355
0,0,0.235058
0,0,0.235601
0,0,0.235703
0,0,0.23596
0,0,0.236147
0,0,0.236205
0,0,0.236887
0,0,0.23694
0,0,0.237023
0,0,0.237056
0,0,0.238331
0,0,0.238339
0,0,0.238381
0,0,0.238878
0,0,0.238973
0,0,0.239166
0,0,0.239715
0,0,0.239806
0,0,0.240312
0,0,0.240374
0,0,0.24078
0,0,0.241307
0,0,0.24135
0,0,0.241492
0,0,0.241926
0,0,0.242276
0,0,0.24228
0,0,0.242936
0,0,0.242965
0,0,0.243143
0,0,0.243407
0,0,0.244833
0,0,0.245201
0,0,0.245529
0,0,0.245556
0,0,0.245603
0,0,0.246247
0,0,0.24645
0,0,0.246803
0,0,0.246989
0,0,0.247136
0,0,0.247159
0,0,0.24759
0,0,0.247615
0,0,0.247716
0,0,0.248554
0,0,0.248707
0,0,0.249392
0,0,0.24956
0,0,0.249604
0,0,0.249901
0,0,0.250091
0,0,0.250401
0,0,0.250521
0,0,0.250529
0,0,0.250685
0,0,0.251022
0,0,0.252359
0,0,0.253226
0,0,0.25334
0,0,0.254175
0,0,0.254289
0,0,0.254689
0,0,0.254713
0,0,0.255671
0,0,0.257442
0,0,0.257502
0,0,0.25751
0,0,0.258184
0,0,0.258468
0,0,0.260457
0,0,0.260488
0,0,0.261628
0,0,0.261996
0,0,0.26208
0,0,0.262332
0,0,0.263713
0,0,0.267131
0,0,0.267311
0,0,0.267611
0,0,0.267758
0,0,0.267824
0,0,0.268835
0,0,0.269066
0,0,0.269402
0,0,0.26969
0,0,0.269876
0,0,0.270221
0,0,0.270681
0,0,0.271611
0,0,0.272869
0,0,0.276305
0,0,0.276987
0,0,0.27709
0,0,0.277163
0,0,0.277701
0,0,0.278298
0,0,0.278942
0,0,0.279045
0,0,0.280072
0,0,0.28016
0,0,0.281136
0,0,0.281522
0,0,0.282113
0,0,0.282531
0,0,0.282665
0,0,0.283608
0,0,0.285123
0,0,0.285694
0,0,0.287303
0,0,0.287708
0,0,0.288234
0,0,0.289336
0,0,0.289365
0,0,0.289997
0,0,0.290381
0,0,0.290629
0,0,0.290858
0,0,0.295372
0,0,0.296167
0,0,0.296345
0,0,0.296731
0,0,0.296833
0,0,0.296838
0,0,0.297424
0,0,0.297444
0,0,0.297989
0,0,0.298023
0,0,0.298164
0,0,0.299967
0,0,0.300025
0,0,0.301555
0,0,0.302891
0,0,0.302929
0,0,0.303813
0,0,0.303902
0,0,0.306164
0,0,0.306448
0,0,0.307158
0,0,0.307296
0,0,0.307553
0,0,0.30836
0,0,0.308752
0,0,0.309345
0,0,0.309891
0,0,0.309976
0,0,0.309987
0,0,0.310008
0,0,0.313345
0,0,0.313851
0,0,0.314322
0,0,0.314963
0,0,0.315385
0,0,0.315854
0,0,0.316221
0,0,0.316301
0,0,0.317157
0,0,0.317296
0,0,0.317358
0,0,0.317629
0,0,0.317643
0,0,0.318118
0,0,0.318149
0,0,0.318296
0,0,0.318838
0,0,0.31912
0,0,0.319206
0,0,0.319752
0,0,0.320353
0,0,0.321122
0,0,0.321561
0,0,0.322128
0,0,0.322421
0,0,0.324314
0,0,0.324615
0,0,0.328235
0,0,0.328678
0,0,0.333233
0,0,0.333448
0,0,0.336218
0,0,0.336261
0,0,0.337466
0,0,0.337729
0,0,0.337984
0,0,0.340326
0,0,0.340339
0,0,0.341109
0,0,0.343514
0,0,0.344108
0,0,0.346226
0,0,0.346976
0,0,0.347248
0,0,0.347294
0,0,0.349818
0,0,0.353503
0,0,0.354351
0,0,0.354943
0,0,0.356032
0,0,0.359248
0,0,0.359287
0,0,0.360136
0,0,0.360652
0,0,0.362168
0,0,0.363777
0,0,0.36472
0,0,0.367889
0,0,0.368922
0,0,0.369938
0,0,0.370052
0,0,0.37135
0,0,0.374396
0,0,0.375941
0,0,0.377545
0,0,0.379624
0,0,0.380428
0,0,0.383044
0,0,0.385734
0,0,0.386636
0,0,0.387426
0,0,0.389367
0,0,0.389726
0,0,0.390352
0,0,0.393029
0,0,0.397626
0,0,0.398473
0,0,0.3992
0,0,0.405291
0,0,0.40705
0,0,0.407123
0,0,0.40778
0,0,0.408736
0,0,0.409083
0,0,0.410514
0,0,0.410821
0,0,0.410974
0,0,0.41168
0,0,0.414685
0,0,0.415564
0,0,0.417449
0,0,0.418331
0,0,0.421941
0,0,0.423584
0,0,0.424342
0,0,0.424834
0,0,0.425567
0,0,0.425869
0,0,0.427221
0,0,0.427705
0,0,0.432906
0,0,0.434219
0,0,0.436571
0,0,0.441992
0,0,0.442262
0,0,0.447646
0,0,0.449204
0,0,0.450481
0,0,0.450908
0,0,0.453468
0,0,0.453802
0,0,0.458895
0,0,0.461454
0,0,0.465605
0,0,0.471572
0,0,0.485901
0,0,0.488305
0,0,0.488409
0,0,0.496764
0,0,0.498468
0,0,0.500784
0,0,0.506619
0,0,0.510151
0,0,0.513558
0,0,0.517547
0,0,0.517806
0,0,0.520319
0,0,0.525762
0,0,0.531722
0,0,0.533118
0,0,0.546997
0,0,0.561496
0,0,0.562879
0,0,0.563533
0,0,0.563749
0,0,0.56615
0,0,0.574955
0,0,0.584223
0,0,0.604036
0,0,0.615627
0,0,0.649463
0,0,0.783083
0,0,0.876567
0,0,0.882281
0,0,1.10524
0,0,3
1,1.3704,1.63335
1,1.22175,1.31812
1,1.06449,1.20277
1,1.05337,1.13018
1,0.95056,1.13824
1,0.871349,1.02848
1,0.769684,0.900549
1,0.705403,0.713944
1,0.663575,0.942151
1,0.660599,0.766333
1,0.659304,0.667298
1,0.646573,0.648884
1,0.609905,0.767343
1,0.608498,0.975113
1,0.602157,0.616386
1,0.600317,0.650343
1,0.59872,0.63095
1,0.588566,0.608555
1,0.586042,0.753394
1,0.584092,0.598068
1,0.582715,0.664455
1,0.580687,0.693641
1,0.574357,0.594069
1,0.573302,0.803167
1,0.56969,0.598787
1,0.568432,0.65672
1,0.564626,1.05863
1,0.55509,0.657873
1,0.551286,0.634398
1,0.550332,0.577678
1,0.548619,0.647522
1,0.543867,0.594587
1,0.542115,0.593534
1,0.541641,0.616089
1,0.54035,0.743829
1,0.539074,0.820794
1,0.536185,0.539003
1,0.535425,0.558745
1,0.533085,0.601987
1,0.52467,0.556738
1,0.520374,0.537085
1,0.516042,0.552608
1,0.515839,0.55261
1,0.513665,0.63545
1,0.511182,0.534562
1,0.509926,0.537681
1,0.507445,0.937603
1,0.505106,0.50704
1,0.50318,0.508321
1,0.503112,0.592048
1,0.501728,0.527633
1,0.496531,0.516602
1,0.494357,0.534744
1,0.49297,0.496024
1,0.490222,0.520321
1,0.48872,0.500519
1,0.484918,0.519859
1,0.484394,0.733282
1,0.483277,0.826122
1,0.479774,0.508384
1,0.479168,0.514788
1,0.478082,0.574309
1,0.476848,0.545935
1,0.474485,0.516698
1,0.467204,0.768615
1,0.466785,0.474321
1,0.466412,0.500132
1,0.465451,0.494044
1,0.464831,0.480751
1,0.464499,0.501227
1,0.457243,0.517813
1,0.457153,0.696921
1,0.45352,0.552583
1,0.453374,0.486795
1,0.452131,0.504196
1,0.451892,0.521685
1,0.451596,0.527016
1,0.451491,0.551329
1,0.451191,0.455623
1,0.451061,0.461888
1,0.450597,0.461913
1,0.450232,0.482762
1,0.447648,0.512999
1,0.446767,0.46118
1,0.445114,0.558996
1,0.442512,0.542726
1,0.440104,0.467526
1,0.435449,0.630202
1,0.434623,0.478631
1,0.433282,0.449819
1,0.431834,0.485655
1,0.43107,0.433508
1,0.429327,0.861935
1,0.429018,0.465628
1,0.425844,0.443635
1,0.425265,0.428053
1,0.424989,0.51578
1,0.422705,0.520899
1,0.422272,0.523568
1,0.422151,0.438835
1,0.420345,0.511488
1,0.419402,0.437644
1,0.418059,0.438366
1,0.417972,0.445603
1,0.415924,0.464802
1,0.410016,0.555344
1,0.408503,0.421242
1,0.408282,0.427867
1,0.408249,0.415526
1,0.407252,0.432611
1,0.407039,0.429429
1,0.406535,0.45033
1,0.405965,0.456265
1,0.405255,0.42424
1,0.398931,0.456005
1,0.398192,0.454967
1,0.397042,0.641933
1,0.396811,0.398485
1,0.396139,0.429791
1,0.393648,0.514226
1,0.393265,0.410487
1,0.38749,0.399967
1,0.387094,0.466275
1,0.386665,0.433623
1,0.386021,0.417333
1,0.385769,0.42219
1,0.385211,0.424056
1,0.384835,0.392451
1,0.384463,0.504669
1,0.381798,0.387226
1,0.380167,0.498979
1,0.380021,0.428044
1,0.380014,0.404183
1,0.379958,0.46664
1,0.379826,0.433487
1,0.379589,0.383289
1,0.378507,0.416958
1,0.377455,0.574585
1,0.373163,0.376598
1,0.372921,0.446014
1,0.372494,0.373042
1,0.372138,0.451788
1,0.368991,0.442448
1,0.368849,0.377331
1,0.363393,0.372818
1,0.361663,0.377688
1,0.361405,0.518192
1,0.35706,0.360497
1,0.355229,0.41888
1,0.354949,0.378331
1,0.352655,0.370943
1,0.351028,0.49137
1,0.348915,0.392198
1,0.348722,0.388436
1,0.345585,0.40372
1,0.344972,0.360614
1,0.344118,0.346242
1,0.343865,0.376552
1,0.343568,0.391402
1,0.343,0.464708
1,0.342404,0.410498
1,0.340686,0.398175
1,0.338868,0.421364
1,0.334529,0.390043
1,0.334195,0.380004
1,0.333331,0.357805
1,0.332969,0.34637
1,0.332284,0.364915
1,0.331285,0.538991
1,0.331069,0.343431
1,0.33069,0.405846
1,0.330276,0.340232
1,0.329676,0.344684
1,0.328907,0.360561
1,0.327558,0.450146
1,0.327464,0.330882
1,0.325016,0.395957
1,0.324768,0.354934
1,0.324611,0.36027
1,0.323538,0.62689
1,0.323466,0.363762
1,0.321267,0.406248
1,0.321263,0.360277
1,0.319703,0.446712
1,0.318539,0.428984
1,0.318281,0.320353
1,0.317379,0.341717
1,0.316472,0.385099
1,0.314419,0.368894
1,0.314181,0.335922
1,0.314144,0.392987
1,0.312759,0.351997
1,0.312384,0.322806
1,0.311938,0.314356
1,0.311521,0.331762
1,0.310171,0.323641
1,0.310072,0.336731
1,0.309935,0.364117
1,0.306555,0.371159
1,0.305501,0.31693
1,0.304891,0.328169
1,0.304455,0.427089
1,0.303183,0.309146
1,0.301258,0.335476
1,0.300023,0.528437
1,0.299631,0.559672
1,0.299029,0.504174
1,0.298744,0.395936
1,0.298575,0.343673
1,0.298529,0.329914
1,0.297908,0.375302
1,0.296722,0.331944
1,0.295277,0.542239
1,0.292879,0.468094
1,0.290959,0.444209
1,0.288998,0.383102
1,0.288905,0.350075
1,0.287349,0.314458
1,0.28322,0.330257
1,0.283161,0.309555
1,0.282626,0.379143
1,0.282179,0.285893
1,0.27964,0.352279
1,0.276935,0.284784
1,0.276029,0.334179
1,0.274761,0.314123
1,0.274025,0.286425
1,0.273982,0.307462
1,0.273627,0.294539
1,0.272423,0.337578
1,0.269474,0.343759
1,0.268578,0.282629
1,0.268568,0.273357
1,0.268,0.27864
1,0.267708,0.314572
1,0.267575,0.284578
1,0.267381,0.287262
1,0.267252,0.273847
1,0.266942,0.28981
1,0.265964,0.43316
1,0.263268,0.285368
1,0.260088,0.265251
1,0.258128,0.260627
1,0.257593,0.257624
1,0.256032,0.306415
1,0.255626,0.296579
1,0.254348,0.303772
1,0.253197,0.254895
1,0.25122,0.259161
1,0.247184,0.307377
1,0.244643,0.255863
1,0.237591,0.254651
1,0.236358,0.243572
1,0.234811,0.243319
1,0.234616,0.244266
1,0.234274,0.258287
1,0.230953,0.236355
1,0.230795,0.240704
1,0.230384,0.463919
1,0.229299,0.263115
1,0.228814,0.230264
1,0.227274,0.237274
1,0.227267,0.321989
1,0.227189,0.227728
1,0.226943,0.260337
1,0.226935,0.278737
1,0.226905,0.230129
1,0.22519,0.242584
1,0.223157,0.227639
1,0.221867,0.225382
1,0.220944,0.240902
1,0.220223,0.31819
1,0.219892,0.300592
1,0.219734,0.258115
1,0.218693,0.315309
1,0.216291,0.251473
1,0.214515,0.227606
1,0.212139,0.243802
1,0.212121,0.266485
1,0.211714,0.268821
1,0.211016,0.24216
1,0.209274,0.252437
1,0.208303,0.235824
1,0.206959,0.223929
1,0.20311,0.223151
1,0.202915,0.243953
1,0.202702,0.235827
1,0.202365,0.240349
1,0.202105,0.266995
1,0.20154,0.245712
1,0.201354,0.210532
1,0.198046,0.20187
1,0.1974,0.224611
1,0.196436,0.205044
1,0.195726,0.238381
1,0.19533,0.220471
1,0.192523,0.212742
1,0.192455,0.212861
1,0.192346,0.198929
1,0.189159,0.197486
1,0.189024,0.193167
1,0.187799,0.199211
1,0.187502,0.199352
1,0.186215,0.212041
1,0.185862,0.285867
1,0.182553,0.206773
1,0.181276,0.200018
1,0.179665,0.18285
1,0.177781,0.22989
1,0.174655,0.194818
1,0.174093,0.184166
1,0.173578,0.219965
1,0.172653,0.206593
1,0.17219,0.23733
1,0.172166,0.191281
1,0.170866,0.190839
1,0.170518,0.171004
1,0.16793,0.205644
1,0.167017,0.169778
1,0.165869,0.21275
1,0.165709,0.203351
1,0.163113,0.16611
1,0.162728,0.186539
1,0.161803,0.196356
1,0.161589,0.227556
1,0.161233,0.161802
1,0.161107,0.166855
1,0.160254,0.16844
1,0.160206,0.20699
1,0.15995,0.161955
1,0.158803,0.174592
1,0.158172,0.193789
1,0.158045,0.168915
1,0.157979,0.165591
1,0.157912,0.208222
1,0.157487,0.166336
1,0.156654,0.176491
1,0.155984,0.172599
1,0.153932,0.16645
1,0.152831,0.16525
1,0.150927,0.199479
1,0.150044,0.162798
1,0.149088,0.15533
1,0.148429,0.206357
1,0.147751,0.152998
1,0.1476,0.155489
1,0.146645,0.18858
1,0.146598,0.179616
1,0.145083,0.186576
1,0.143816,0.145189
1,0.142353,0.198041
1,0.141737,0.159926
1,0.141059,0.153292
1,0.140826,0.150191
1,0.140815,0.15805
1,0.140603,0.141999
1,0.14042,0.161381
1,0.140341,0.160248
1,0.140164,0.20048
1,0.139642,0.153292
1,0.138725,0.140449
1,0.138397,0.1588
1,0.138275,0.17804
1,0.137892,0.149756
1,0.136828,0.155318
1,0.136707,0.143525
1,0.136377,0.140356
1,0.135578,0.140181
1,0.135513,0.142527
1,0.135277,0.145427
1,0.135088,0.19521
1,0.133097,0.137292
1,0.132327,0.151059
1,0.130757,0.204243
1,0.130213,0.134654
1,0.128182,0.147021
1,0.127848,0.193377
1,0.127699,0.156514
1,0.126574,0.149158
1,0.126322,0.166069
1,0.125701,0.147794
1,0.125178,0.131524
1,0.124756,0.182992
1,0.1223,0.16552
1,0.12193,0.126461
1,0.121526,0.159692
1,0.120279,0.184877
1,0.119943,0.121776
1,0.118234,0.121748
1,0.116575,0.148056
1,0.116355,0.133606
1,0.11522,0.162479
1,0.115147,0.150676
1,0.11501,0.143176
1,0.114836,0.177121
1,0.114785,0.155202
1,0.114537,0.118104
1,0.114507,0.131683
1,0.113725,0.125597
1,0.113212,0.114689
1,0.110318,0.110872
1,0.108423,0.11401
1,0.107163,0.113061
1,0.106432,0.192149
1,0.106263,0.110873
1,0.102767,0.160868
1,0.102736,0.109035
1,0.102111,0.124217
1,0.101606,0.110879
1,0.10124,0.113073
1,0.0985332,0.10507
1,0.0983562,0.113456
1,0.0976687,0.118547
1,0.0961857,0.118943
1,0.0956914,0.0965076
1,0.0949973,0.12792
1,0.0938559,0.118006
1,0.0931432,0.120204
1,0.0927892,0.102206
1,0.0927132,0.0976905
1,0.092366,0.105731
1,0.091522,0.122362
1,0.0914034,0.129001
1,0.0909286,0.0949711
1,0.0904147,0.0994301
1,0.0900383,0.09461
1,0.0884974,0.0893594
1,0.0877668,0.0921071
1,0.0872963,0.0975718
1,0.0859284,0.0906617
1,0.0848974,0.0903593
1,0.084693,0.100656
1,0.08414,0.123448
1,0.0826893,0.0888927
1,0.0819441,0.0844828
1,0.0817701,0.0941635
1,0.0815242,0.0820533
1,0.0808639,0.126131
1,0.0806352,0.0928913
1,0.080451,0.0962706
1,0.0795161,0.0842808
1,0.0793717,0.104887
1,0.0790509,0.092382
1,0.0786696,0.0974686
1,0.0764379,0.0808607
1,0.0760899,0.0815789
1,0.0744567,0.0882916
1,0.0712037,0.0920713
1,0.0708005,0.076966
1,0.0702242,0.0954689
1,0.068824,0.0694205
1,0.0686276,0.0729661
1,0.0670797,0.0673841
1,0.0661068,0.07516
1,0.0618363,0.0621368
1,0.061823,0.0694563
1,0.0567031,0.0594152
1,0.0399613,0.0412516
2,1.6598,1.68339
2,1.29064,1.29585
2,1.05495,1.05533
2,0.984387,1.01873
2,0.90909,0.917444
2,0.893445,0.894872
2,0.855795,0.896295
2,0.695412,0.710001
2,0.649695,0.677945
2,0.647248,0.724279
2,0.642327,0.677025
2,0.626077,0.627889
2,0.588405,0.589209
2,0.587282,0.638223
2,0.569558,0.591518
2,0.551615,0.559179
2,0.537997,0.556801
2,0.483062,0.488358
2,0.48136,0.524731
2,0.480693,0.531646
2,0.480418,0.48474
2,0.478048,0.498311
2,0.475614,0.476146
2,0.470883,0.541517
2,0.448529,0.460911
2,0.446382,0.52518
2,0.444209,0.47927
2,0.421895,0.431212
2,0.40498,0.448237
2,0.387606,0.40226
2,0.375789,0.38943
2,0.370096,0.396573
2,0.352493,0.363681
2,0.342009,0.343566
2,0.305058,0.33561
2,0.297018,0.306758
2,0.286258,0.295664
2,0.284141,0.293691
2,0.283991,0.289932
2,0.283629,0.295096
2,0.276505,0.283218
2,0.275908,0.28852
2,0.261111,0.268154
2,0.253612,0.254434
2,0.24928,0.258468
2,0.245411,0.268753
2,0.242696,0.249849
2,0.21695,0.227152
2,0.2163,0.235383
2,0.205607,0.208007
2,0.202598,0.205572
2,0.201116,0.226117
2,0.197353,0.198471
2,0.194628,0.214931
2,0.191392,0.219521
2,0.190824,0.191554
2,0.185718,0.195721
2,0.174902,0.183492
2,0.173188,0.181968
2,0.172721,0.175892
2,0.164174,0.165259
2,0.158692,0.163671
2,0.157696,0.159722
2,0.154514,0.175083
2,0.15157,0.171298
2,0.130848,0.132273
2,0.129805,0.131915
2,0.09675,0.104741
2,0.0852948,0.0897598
