point cloud with 1385 points in dimension 3
0,0,0.00930685
0,0,0.0115388
0,0,0.0122121
0,0,0.0141094
0,0,0.0143208
0,0,0.0147118
0,0,0.0149157
0,0,0.0150393
0,0,0.015935
0,0,0.0165843
0,0,0.016688
0,0,0.0173993
0,0,0.0177223
0,0,0.017873
0,0,0.0179904
0,0,0.018394
0,0,0.0195935
0,0,0.0201678
0,0,0.0207144
0,0,0.0217199
0,0,0.0217869
0,0,0.0219391
0,0,0.0226624
0,0,0.0231139
0,0,0.0233834
0,0,0.0235203
0,0,0.0236527
0,0,0.0236946
0,0,0.0243168
0,0,0.0243348
0,0,0.0243659
0,0,0.024481
0,0,0.0251207
0,0,0.0252026
0,0,0.0260442
0,0,0.0265659
0,0,0.0266809
0,0,0.0267677
0,0,0.0268664
0,0,0.0270238
0,0,0.0274069
0,0,0.0280762
0,0,0.0281859
0,0,0.0282027
0,0,0.028469
0,0,0.0287311
0,0,0.0289332
0,0,0.0293315
0,0,0.029855
0,0,0.0302265
0,0,0.0304927
0,0,0.0307218
0,0,0.0308273
0,0,0.0308767
0,0,0.0310361
0,0,0.0310481
0,0,0.0316501
0,0,0.0317759
0,0,0.0322024
0,0,0.0326583
0,0,0.0327116
0,0,0.0330175
0,0,0.033415
0,0,0.0334173
0,0,0.0335879
0,0,0.0336039
0,0,0.0336278
0,0,0.0336705
0,0,0.0343112
0,0,0.0345993
0,0,0.0346839
0,0,0.0354114
0,0,0.035646
0,0,0.0356603
0,0,0.0356753
0,0,0.0359038
0,0,0.0359391
0,0,0.0363355
0,0,0.0369394
0,0,0.0370046
0,0,0.037011
0,0,0.0371225
0,0,0.0374074
0,0,0.0380159
0,0,0.03854
0,0,0.0391086
0,0,0.0393743
0,0,0.0394293
0,0,0.0395672
0,0,0.0396654
0,0,0.0397644
0,0,0.039987
0,0,0.0400108
0,0,0.0404768
0,0,0.0405965
0,0,0.0405965
0,0,0.0407106
0,0,0.0407745
0,0,0.0412784
0,0,0.0413298
0,0,0.0413501
0,0,0.0416938
0,0,0.0417112
0,0,0.0418298
0,0,0.0418427
0,0,0.0419354
0,0,0.0420029
0,0,0.0425122
0,0,0.0425559
0,0,0.0427397
0,0,0.0428365
0,0,0.0430659
0,0,0.043271
0,0,0.0433999
0,0,0.0434947
0,0,0.0435897
0,0,0.0438157
0,0,0.0438518
0,0,0.04406
0,0,0.0443548
0,0,0.0443835
0,0,0.0443856
0,0,0.0444506
0,0,0.0444961
0,0,0.0445152
0,0,0.0447853
0,0,0.0448186
0,0,0.0449151
0,0,0.0450515
0,0,0.0450681
0,0,0.0451255
0,0,0.0453397
0,0,0.0456652
0,0,0.0458333
0,0,0.0459275
0,0,0.0459886
0,0,0.0460072
0,0,0.0460356
0,0,0.0461611
0,0,0.046269
0,0,0.0462763
0,0,0.0465085
0,0,0.046946
0,0,0.047055
0,0,0.0471952
0,0,0.0477307
0,0,0.0477511
0,0,0.0480525
0,0,0.0482894
0,0,0.0483813
0,0,0.0484152
0,0,0.0484483
0,0,0.0484622
0,0,0.0486943
0,0,0.0489596
0,0,0.0489945
0,0,0.0490496
0,0,0.049199
0,0,0.0493085
0,0,0.0493525
0,0,0.0495107
0,0,0.0496099
0,0,0.0497924
0,0,0.0500198
0,0,0.0501336
0,0,0.0502286
0,0,0.0505116
0,0,0.0505291
0,0,0.0507094
0,0,0.0509772
0,0,0.0518297
0,0,0.0518685
0,0,0.0520366
0,0,0.0522563
0,0,0.0526372
0,0,0.0526779
0,0,0.0527098
0,0,0.0527148
0,0,0.0527749
0,0,0.052794
0,0,0.0528923
0,0,0.052926
0,0,0.0529506
0,0,0.0532132
0,0,0.0532536
0,0,0.0534601
0,0,0.0536309
0,0,0.0536591
0,0,0.0537398
0,0,0.0537583
0,0,0.054107
0,0,0.0541939
0,0,0.054469
0,0,0.054615
0,0,0.0546244
0,0,0.0546326
0,0,0.0548023
0,0,0.0548294
0,0,0.0549169
0,0,0.0550251
0,0,0.0551685
0,0,0.0555821
0,0,0.0556758
0,0,0.0559868
0,0,0.0559918
0,0,0.0560652
0,0,0.0561382
0,0,0.0561811
0,0,0.0562483
0,0,0.0563757
0,0,0.0566331
0,0,0.0568682
0,0,0.0569747
0,0,0.0572262
0,0,0.0573179
0,0,0.0575499
0,0,0.0576401
0,0,0.0577954
0,0,0.0580088
0,0,0.0580222
0,0,0.0581108
0,0,0.0582839
0,0,0.0583797
0,0,0.0585971
0,0,0.0594307
0,0,0.0595843
0,0,0.0596409
0,0,0.0599927
0,0,0.0601126
0,0,0.0601849
0,0,0.0603116
0,0,0.0604154
0,0,0.0604692
0,0,0.0605831
0,0,0.0608211
0,0,0.0608385
0,0,0.0608429
0,0,0.0611625
0,0,0.0613879
0,0,0.0614509
0,0,0.0615364
0,0,0.061827
0,0,0.0618348
0,0,0.0620679
0,0,0.0621389
0,0,0.0625318
0,0,0.0626805
0,0,0.0627081
0,0,0.0628404
0,0,0.0629223
0,0,0.0629623
0,0,0.0630643
0,0,0.0632038
0,0,0.0633561
0,0,0.0637937
0,0,0.063856
0,0,0.0639624
0,0,0.0640059
0,0,0.0640239
0,0,0.0641406
0,0,0.0644437
0,0,0.0644515
0,0,0.0645656
0,0,0.0647442
0,0,0.0651047
0,0,0.0651816
0,0,0.0652606
0,0,0.065273
0,0,0.0652948
0,0,0.065334
0,0,0.0653706
0,0,0.065585
0,0,0.0656429
0,0,0.0656675
0,0,0.0657477
0,0,0.0657793
0,0,0.0657969
0,0,0.0659516
0,0,0.0662432
0,0,0.0664407
0,0,0.0664416
0,0,0.0665302
0,0,0.066735
0,0,0.0671505
0,0,0.067513
0,0,0.0677727
0,0,0.0678063
0,0,0.0678305
0,0,0.0678347
0,0,0.0678407
0,0,0.0680414
0,0,0.0685085
0,0,0.0687
0,0,0.0687378
0,0,0.0687446
0,0,0.0687534
0,0,0.0688255
0,0,0.0688595
0,0,0.0689174
0,0,0.068943
0,0,0.0690567
0,0,0.0691855
0,0,0.0692297
0,0,0.0692412
0,0,0.0693001
0,0,0.0693277
0,0,0.0694659
0,0,0.0694977
0,0,0.069857
0,0,0.0703482
0,0,0.0704733
0,0,0.0706058
0,0,0.0707532
0,0,0.0715401
0,0,0.0716542
0,0,0.0717308
0,0,0.0717984
0,0,0.0718539
0,0,0.071857
0,0,0.0718948
0,0,0.0721215
0,0,0.072372
0,0,0.0725566
0,0,0.072785
0,0,0.072975
0,0,0.0730126
0,0,0.0733839
0,0,0.0734598
0,0,0.0735463
0,0,0.0735931
0,0,0.0737043
0,0,0.0738486
0,0,0.0739702
0,0,0.0739901
0,0,0.0740744
0,0,0.0740997
0,0,0.074149
0,0,0.0742476
0,0,0.0748071
0,0,0.0749487
0,0,0.0751283
0,0,0.075232
0,0,0.075313
0,0,0.0754348
0,0,0.0755493
0,0,0.0756355
0,0,0.0757807
0,0,0.0758779
0,0,0.0759976
0,0,0.0761916
0,0,0.0764219
0,0,0.0765141
0,0,0.0765945
0,0,0.0768711
0,0,0.0769073
0,0,0.0769874
0,0,0.0770763
0,0,0.0772535
0,0,0.0772838
0,0,0.0772936
0,0,0.0773166
0,0,0.0773223
0,0,0.0776443
0,0,0.077854
0,0,0.077871
0,0,0.0778888
0,0,0.0779527
0,0,0.0780307
0,0,0.0781485
0,0,0.0784503
0,0,0.0785819
0,0,0.0787104
0,0,0.0789181
0,0,0.0794074
0,0,0.0794405
0,0,0.0797518
0,0,0.079798
0,0,0.0798127
0,0,0.0798223
0,0,0.0798903
0,0,0.0804942
0,0,0.0805834
0,0,0.0806847
0,0,0.0807331
0,0,0.0807743
0,0,0.080796
0,0,0.0808172
0,0,0.0808467
0,0,0.0809227
0,0,0.0809979
0,0,0.0809985
0,0,0.0813643
0,0,0.081643
0,0,0.0816618
0,0,0.0820374
0,0,0.0822816
0,0,0.0823452
0,0,0.0823757
0,0,0.0826255
0,0,0.0826891
0,0,0.0828567
0,0,0.0831656
0,0,0.0833124
0,0,0.0833212
0,0,0.0833228
0,0,0.0835578
0,0,0.0840578
0,0,0.0841317
0,0,0.0842669
0,0,0.0844503
0,0,0.0845216
0,0,0.0845996
0,0,0.0846017
0,0,0.0847479
0,0,0.0847904
0,0,0.0849045
0,0,0.0849645
0,0,0.0851392
0,0,0.0851563
0,0,0.0851832
0,0,0.0853286
0,0,0.0853471
0,0,0.0854735
0,0,0.0859002
0,0,0.0859334
0,0,0.085961
0,0,0.0859689
0,0,0.086
0,0,0.0860313
0,0,0.086126
0,0,0.0861305
0,0,0.0861652
0,0,0.086438
0,0,0.086548
0,0,0.0865501
0,0,0.0866051
0,0,0.0866509
0,0,0.0870001
0,0,0.0870023
0,0,0.0871451
0,0,0.0872842
0,0,0.087314
0,0,0.0874229
0,0,0.087728
0,0,0.0877527
0,0,0.0879029
0,0,0.0879091
0,0,0.0879277
0,0,0.0880237
0,0,0.0880795
0,0,0.0881283
0,0,0.0881444
0,0,0.0881625
0,0,0.0882163
0,0,0.0883022
0,0,0.0883086
0,0,0.0883204
0,0,0.0885966
0,0,0.0887676
0,0,0.0887862
0,0,0.0888178
0,0,0.0888199
0,0,0.0888537
0,0,0.0889345
0,0,0.088996
0,0,0.0891803
0,0,0.0893471
0,0,0.0894253
0,0,0.0894415
0,0,0.0896193
0,0,0.0896906
0,0,0.0897461
0,0,0.0899771
0,0,0.0900452
0,0,0.0902182
0,0,0.0903048
0,0,0.09043
0,0,0.0905344
0,0,0.0907624
0,0,0.0908365
0,0,0.0909005
0,0,0.091044
0,0,0.0910669
0,0,0.0910696
0,0,0.0910797
0,0,0.0912462
0,0,0.0916959
0,0,0.0916973
0,0,0.091775
0,0,0.0918658
0,0,0.091936
0,0,0.091979
0,0,0.092083
0,0,0.0923546
0,0,0.0925796
0,0,0.0928072
0,0,0.0928405
0,0,0.0930336
0,0,0.0931644
0,0,0.0932157
0,0,0.0934316
0,0,0.0934901
0,0,0.0936315
0,0,0.0936899
0,0,0.0937021
0,0,0.094085
0,0,0.0941482
0,0,0.0945099
0,0,0.094742
0,0,0.0947515
0,0,0.0948114
0,0,0.0951202
0,0,0.0951244
0,0,0.0951657
0,0,0.0953166
0,0,0.0953261
0,0,0.0953873
0,0,0.0954025
0,0,0.0954541
0,0,0.0955075
0,0,0.0957879
0,0,0.0958288
0,0,0.0958369
0,0,0.095977
0,0,0.096043
0,0,0.0961496
0,0,0.0963331
0,0,0.0963439
0,0,0.0965085
0,0,0.0965138
0,0,0.0965348
0,0,0.0965464
0,0,0.0966741
0,0,0.0966982
0,0,0.0968098
0,0,0.0968346
0,0,0.0968846
0,0,0.0969461
0,0,0.096982
0,0,0.0970615
0,0,0.097066
0,0,0.097192
0,0,0.0972159
0,0,0.0973015
0,0,0.097352
0,0,0.0974817
0,0,0.0975116
0,0,0.097671
0,0,0.0977105
0,0,0.0977677
0,0,0.0977896
0,0,0.0978512
0,0,0.098011
0,0,0.098038
0,0,0.0980984
0,0,0.0984046
0,0,0.0989069
0,0,0.0992265
0,0,0.100052
0,0,0.100245
0,0,0.100343
0,0,0.100654
0,0,0.100946
0,0,0.101077
0,0,0.101098
0,0,0.101226
0,0,0.101302
0,0,0.101702
0,0,0.10179
0,0,0.102056
0,0,0.102122
0,0,0.102554
0,0,0.102566
0,0,0.102579
0,0,0.102766
0,0,0.102774
0,0,0.103542
0,0,0.103625
0,0,0.103781
0,0,0.10383
0,0,0.103846
0,0,0.103878
0,0,0.104117
0,0,0.104259
0,0,0.104299
0,0,0.104423
0,0,0.104515
0,0,0.104517
0,0,0.104519
0,0,0.10463
0,0,0.104693
0,0,0.104718
0,0,0.10486
0,0,0.104969
0,0,0.105127
0,0,0.105146
0,0,0.105149
0,0,0.105729
0,0,0.105769
0,0,0.105936
0,0,0.105975
0,0,0.105977
0,0,0.106026
0,0,0.106133
0,0,0.106361
0,0,0.106705
0,0,0.10703
0,0,0.107228
0,0,0.107751
0,0,0.108599
0,0,0.108739
0,0,0.108824
0,0,0.108978
0,0,0.10945
0,0,0.109807
0,0,0.109968
0,0,0.110087
0,0,0.110096
0,0,0.110167
0,0,0.110423
0,0,0.110703
0,0,0.110723
0,0,0.110882
0,0,0.111011
0,0,0.111247
0,0,0.111356
0,0,0.111395
0,0,0.111486
0,0,0.111539
0,0,0.111607
0,0,0.11168
0,0,0.111854
0,0,0.111877
0,0,0.11245
0,0,0.112569
0,0,0.112844
0,0,0.112853
0,0,0.11291
0,0,0.112953
0,0,0.112958
0,0,0.113208
0,0,0.113595
0,0,0.113704
0,0,0.113721
0,0,0.113922
0,0,0.113966
0,0,0.113998
0,0,0.114023
0,0,0.114074
0,0,0.114082
0,0,0.114085
0,0,0.114124
0,0,0.114296
0,0,0.114396
0,0,0.114459
0,0,0.114598
0,0,0.114934
0,0,0.115031
0,0,0.115037
0,0,0.115293
0,0,0.115371
0,0,0.115574
0,0,0.115662
0,0,0.116186
0,0,0.116251
0,0,0.116315
0,0,0.116319
0,0,0.116355
0,0,0.116522
0,0,0.116664
0,0,0.116788
0,0,0.116882
0,0,0.116927
0,0,0.117131
0,0,0.117284
0,0,0.117455
0,0,0.117754
0,0,0.117873
0,0,0.118017
0,0,0.118448
0,0,0.118671
0,0,0.118881
0,0,0.118995
0,0,0.119309
0,0,0.119539
0,0,0.119581
0,0,0.119875
0,0,0.120252
0,0,0.12033
0,0,0.120489
0,0,0.120501
0,0,0.120673
0,0,0.120718
0,0,0.120753
0,0,0.12086
0,0,0.120937
0,0,0.121085
0,0,0.121258
0,0,0.121537
0,0,0.121613
0,0,0.122001
0,0,0.122088
0,0,0.122233
0,0,0.122736
0,0,0.122885
0,0,0.123126
0,0,0.123133
0,0,0.123301
0,0,0.123456
0,0,0.123515
0,0,0.123541
0,0,0.12359
0,0,0.123614
0,0,0.123738
0,0,0.123745
0,0,0.123881
0,0,0.123947
0,0,0.124089
0,0,0.124405
0,0,0.124438
0,0,0.124492
0,0,0.124818
0,0,0.124953
0,0,0.125078
0,0,0.125131
0,0,0.125639
0,0,0.12572
0,0,0.125855
0,0,0.126136
0,0,0.126269
0,0,0.126317
0,0,0.126934
0,0,0.127197
0,0,0.128227
0,0,0.129132
0,0,0.129225
0,0,0.129925
0,0,0.129957
0,0,0.129978
0,0,0.130075
0,0,0.130101
0,0,0.130198
0,0,0.130212
0,0,0.130298
0,0,0.130393
0,0,0.131016
0,0,0.131265
0,0,0.131499
0,0,0.131603
0,0,0.132139
0,0,0.13215
0,0,0.132766
0,0,0.13291
0,0,0.133214
0,0,0.133215
0,0,0.133316
0,0,0.133446
0,0,0.133667
0,0,0.133824
0,0,0.134301
0,0,0.134346
0,0,0.134361
0,0,0.134442
0,0,0.13459
0,0,0.134699
0,0,0.134857
0,0,0.135208
0,0,0.135274
0,0,0.135375
0,0,0.135729
0,0,0.135989
0,0,0.136278
0,0,0.136305
0,0,0.136454
0,0,0.13661
0,0,0.136662
0,0,0.136668
0,0,0.136936
0,0,0.137175
0,0,0.137323
0,0,0.137431
0,0,0.137435
0,0,0.137555
0,0,0.137707
0,0,0.137883
0,0,0.137954
0,0,0.138617
0,0,0.13885
0,0,0.13886
0,0,0.139077
0,0,0.13921
0,0,0.139408
0,0,0.139545
0,0,0.139581
0,0,0.140037
0,0,0.14015
0,0,0.140481
0,0,0.14053
0,0,0.140587
0,0,0.140902
0,0,0.14094
0,0,0.141278
0,0,0.141315
0,0,0.141722
0,0,0.141738
0,0,0.141853
0,0,0.14192
0,0,0.142425
0,0,0.142459
0,0,0.142565
0,0,0.142868
0,0,0.143205
0,0,0.14323
0,0,0.143257
0,0,0.143372
0,0,0.143511
0,0,0.143635
0,0,0.143964
0,0,0.144405
0,0,0.144725
0,0,0.145784
0,0,0.145877
0,0,0.146477
0,0,0.147141
0,0,0.148102
0,0,0.148157
0,0,0.14832
0,0,0.148496
0,0,0.148673
0,0,0.149083
0,0,0.149346
0,0,0.149413
0,0,0.149925
0,0,0.150291
0,0,0.150545
0,0,0.151828
0,0,0.151943
0,0,0.151943
0,0,0.152003
0,0,0.152182
0,0,0.153264
0,0,0.153904
0,0,0.153924
0,0,0.153963
0,0,0.154181
0,0,0.154209
0,0,0.154405
0,0,0.154536
0,0,0.155384
0,0,0.155579
0,0,0.15594
0,0,0.156221
0,0,0.156788
0,0,0.157147
0,0,0.158137
0,0,0.15849
0,0,0.1586
0,0,0.15929
0,0,0.159804
0,0,0.15991
0,0,0.160052
0,0,0.160234
0,0,0.16025
0,0,0.160615
0,0,0.160662
0,0,0.160669
0,0,0.160972
0,0,0.161147
0,0,0.161283
0,0,0.161441
0,0,0.161483
0,0,0.161763
0,0,0.161933
0,0,0.162115
0,0,0.162314
0,0,0.162867
0,0,0.163136
0,0,0.163137
0,0,0.163377
0,0,0.164429
0,0,0.165116
0,0,0.165203
0,0,0.166365
0,0,0.166394
0,0,0.166903
0,0,0.167499
0,0,0.167599
0,0,0.167732
0,0,0.167753
0,0,0.16786
0,0,0.167889
0,0,0.168065
0,0,0.16821
0,0,0.168221
0,0,0.168604
0,0,0.168769
0,0,0.168913
0,0,0.169159
0,0,0.169426
0,0,0.169778
0,0,0.170362
0,0,0.170698
0,0,0.170904
0,0,0.171144
0,0,0.171199
0,0,0.171227
0,0,0.171267
0,0,0.171663
0,0,0.17173
0,0,0.17184
0,0,0.171916
0,0,0.172006
0,0,0.172029
0,0,0.172639
0,0,0.172811
0,0,0.173034
0,0,0.173121
0,0,0.173189
0,0,0.173237
0,0,0.173321
0,0,0.173362
0,0,0.173577
0,0,0.174001
0,0,0.174054
0,0,0.174306
0,0,0.174723
0,0,0.174759
0,0,0.174865
0,0,0.174921
0,0,0.175057
0,0,0.175139
0,0,0.175279
0,0,0.17568
0,0,0.175903
0,0,0.176481
0,0,0.176801
0,0,0.177156
0,0,0.177436
0,0,0.17756
0,0,0.177625
0,0,0.177696
0,0,0.177702
0,0,0.178294
0,0,0.178582
0,0,0.178617
0,0,0.178713
0,0,0.178729
0,0,0.178901
0,0,0.179003
0,0,0.179119
0,0,0.179321
0,0,0.179578
0,0,0.179629
0,0,0.180115
0,0,0.180287
0,0,0.180621
0,0,0.180698
0,0,0.181302
0,0,0.181665
0,0,0.181673
0,0,0.181701
0,0,0.182159
0,0,0.18264
0,0,0.182697
0,0,0.182728
0,0,0.182934
0,0,0.184285
0,0,0.184509
0,0,0.184785
0,0,0.184887
0,0,0.184913
0,0,0.184935
0,0,0.185213
0,0,0.18528
0,0,0.18586
0,0,0.1859
0,0,0.186162
0,0,0.186469
0,0,0.186772
0,0,0.186931
0,0,0.187022
0,0,0.187058
0,0,0.18734
0,0,0.187421
0,0,0.187991
0,0,0.188533
0,0,0.189245
0,0,0.189598
0,0,0.190429
0,0,0.190447
0,0,0.190456
0,0,0.191062
0,0,0.191149
0,0,0.191289
0,0,0.191477
0,0,0.192112
0,0,0.193064
0,0,0.194174
0,0,0.194464
0,0,0.194925
0,0,0.195314
0,0,0.195321
0,0,0.195619
0,0,0.196997
0,0,0.19716
0,0,0.197174
0,0,0.197237
0,0,0.197408
0,0,0.197658
0,0,0.197737
0,0,0.197947
0,0,0.198128
0,0,0.198279
0,0,0.198337
0,0,0.198395
0,0,0.198586
0,0,0.198702
0,0,0.198721
0,0,0.199187
0,0,0.199744
0,0,0.200123
0,0,0.200185
0,0,0.200485
0,0,0.201267
0,0,0.201818
0,0,0.202298
0,0,0.202587
0,0,0.202914
0,0,0.202959
0,0,0.203035
0,0,0.203459
0,0,0.203692
0,0,0.203817
0,0,0.204058
0,0,0.204101
0,0,0.204687
0,0,0.204775
0,0,0.204832
0,0,0.204895
0,0,0.205433
0,0,0.205594
0,0,0.205939
0,0,0.20606
0,0,0.207119
0,0,0.207192
0,0,0.207383
0,0,0.20817
0,0,0.208712
0,0,0.209111
0,0,0.209446
0,0,0.209845
0,0,0.209896
0,0,0.210056
0,0,0.210657
0,0,0.211062
0,0,0.211151
0,0,0.211884
0,0,0.212199
0,0,0.212351
0,0,0.212578
0,0,0.212615
0,0,0.212693
0,0,0.213205
0,0,0.214446
0,0,0.214537
0,0,0.21461
0,0,0.214706
0,0,0.215367
0,0,0.215428
0,0,0.215492
0,0,0.215891
0,0,0.216139
0,0,0.216171
0,0,0.216235
0,0,0.216472
0,0,0.217217
0,0,0.217507
0,0,0.217745
0,0,0.217885
0,0,0.218212
0,0,0.218384
0,0,0.218439
0,0,0.218704
0,0,0.218875
0,0,0.21895
0,0,0.219218
0,0,0.220061
0,0,0.220548
0,0,0.220741
0,0,0.221333
0,0,0.221405
0,0,0.221442
0,0,0.221525
0,0,0.221809
0,0,0.222005
0,0,0.222054
0,0,0.222617
0,0,0.223073
0,0,0.224278
0,0,0.224585
0,0,0.224654
0,0,0.225567
0,0,0.225812
0,0,0.226974
0,0,0.227097
0,0,0.227522
0,0,0.227618
0,0,0.227648
0,0,0.227719
0,0,0.227812
0,0,0.228219
0,0,0.228219
0,0,0.228258
0,0,0.228656
0,0,0.229049
0,0,0.229462
0,0,0.229621
0,0,0.229912
0,0,0.230172
0,0,0.230318
0,0,0.230552
0,0,0.230631
0,0,0.231822
0,0,0.231871
0,0,0.232256
0,0,0.233476
0,0,0.233813
0,0,0.234268
0,0,0.234424
0,0,0.234721
0,0,0.234885
0,0,0.234985
0,0,0.23512
0,0,0.235481
0,0,0.235583
0,0,0.235591
0,0,0.235637
0,0,0.236149
0,0,0.2362
0,0,0.236503
0,0,0.23673
0,0,0.236946
0,0,0.237074
0,0,0.237114
0,0,0.237161
0,0,0.237185
0,0,0.237373
0,0,0.237388
0,0,0.238196
0,0,0.238406
0,0,0.238816
0,0,0.238996
0,0,0.239328
0,0,0.239728
0,0,0.24097
0,0,0.241105
0,0,0.241259
0,0,0.241389
0,0,0.242152
0,0,0.242154
0,0,0.242758
0,0,0.243459
0,0,0.243718
0,0,0.244649
0,0,0.244833
0,0,0.244849
0,0,0.245419
0,0,0.245579
0,0,0.246484
0,0,0.246497
0,0,0.2483
0,0,0.249551
0,0,0.251708
0,0,0.253001
0,0,0.253081
0,0,0.253369
0,0,0.254593
0,0,0.25476
0,0,0.255816
0,0,0.25671
0,0,0.257169
0,0,0.25723
0,0,0.257261
0,0,0.257262
0,0,0.257792
0,0,0.258809
0,0,0.259815
0,0,0.260131
0,0,0.260314
0,0,0.260668
0,0,0.260753
0,0,0.260929
0,0,0.261486
0,0,0.261968
0,0,0.262834
0,0,0.264383
0,0,0.264947
0,0,0.266471
0,0,0.266713
0,0,0.267218
0,0,0.267388
0,0,0.269487
0,0,0.270605
0,0,0.270623
0,0,0.272186
0,0,0.272852
0,0,0.273531
0,0,0.275073
0,0,0.275781
0,0,0.275931
0,0,0.276225
0,0,0.277425
0,0,0.278798
0,0,0.279465
0,0,0.279909
0,0,0.280026
0,0,0.280848
0,0,0.281717
0,0,0.28323
0,0,0.283582
0,0,0.284111
0,0,0.285664
0,0,0.285985
0,0,0.287761
0,0,0.287771
0,0,0.288284
0,0,0.28987
0,0,0.289936
0,0,0.290174
0,0,0.290397
0,0,0.291083
0,0,0.291105
0,0,0.291345
0,0,0.292019
0,0,0.292303
0,0,0.294753
0,0,0.296299
0,0,0.296329
0,0,0.296366
0,0,0.296434
0,0,0.297252
0,0,0.29748
0,0,0.297512
0,0,0.298211
0,0,0.299404
0,0,0.29948
0,0,0.300221
0,0,0.30058
0,0,0.302626
0,0,0.303609
0,0,0.30447
0,0,0.30638
0,0,0.307052
0,0,0.307105
0,0,0.307375
0,0,0.308477
0,0,0.310157
0,0,0.310169
0,0,0.31119
0,0,0.311823
0,0,0.311928
0,0,0.315426
0,0,0.318187
0,0,0.318911
0,0,0.320299
0,0,0.321022
0,0,0.321344
0,0,0.321473
0,0,0.322488
0,0,0.324568
0,0,0.325172
0,0,0.326257
0,0,0.326318
0,0,0.329538
0,0,0.329569
0,0,0.332991
0,0,0.339064
0,0,0.339937
0,0,0.340177
0,0,0.340913
0,0,0.34119
0,0,0.341206
0,0,0.342811
0,0,0.344405
0,0,0.344413
0,0,0.345096
0,0,0.345649
0,0,0.346153
0,0,0.347118
0,0,0.347938
0,0,0.348817
0,0,0.348945
0,0,0.349396
0,0,0.352459
0,0,0.353269
0,0,0.353771
0,0,0.354304
0,0,0.35688
0,0,0.359005
0,0,0.35981
0,0,0.361227
0,0,0.36224
0,0,0.364298
0,0,0.36451
0,0,0.367511
0,0,0.37187
0,0,0.372911
0,0,0.373883
0,0,0.373899
0,0,0.376083
0,0,0.380021
0,0,0.382947
0,0,0.3836
0,0,0.385304
0,0,0.387386
0,0,0.387951
0,0,0.390408
0,0,0.394699
0,0,0.39804
0,0,0.400455
0,0,0.401265
0,0,0.401953
0,0,0.402077
0,0,0.402449
0,0,0.404496
0,0,0.411559
0,0,0.41621
0,0,0.419309
0,0,0.419834
0,0,0.421741
0,0,0.427145
0,0,0.428455
0,0,0.431599
0,0,0.432862
0,0,0.43331
0,0,0.442185
0,0,0.449061
0,0,0.454901
0,0,0.456638
0,0,0.460247
0,0,0.461619
0,0,0.465288
0,0,0.474176
0,0,0.475482
0,0,0.485007
0,0,0.48652
0,0,0.490479
0,0,0.495053
0,0,0.500416
0,0,0.512088
0,0,0.513101
0,0,0.513209
0,0,0.520144
0,0,0.528207
0,0,0.531355
0,0,0.53416
0,0,0.535761
0,0,0.537581
0,0,0.537753
0,0,0.539923
0,0,0.54067
0,0,0.546
0,0,0.551415
0,0,0.556268
0,0,0.556853
0,0,0.574819
0,0,0.575505
0,0,0.60259
0,0,0.611032
0,0,0.639465
0,0,0.640766
0,0,0.644287
0,0,0.648821
0,0,0.726339
0,0,0.74485
0,0,0.749118
0,0,0.786101
0,0,0.787434
0,0,0.808137
0,0,0.812576
0,0,0.85872
0,0,0.962896
0,0,0.976874
0,0,1.05031
0,0,3
1,1.73497,1.74428
1,1.56575,1.57342
1,1.32691,1.49106
1,1.26856,1.40863
1,1.18557,1.23944
1,1.10533,1.10995
1,1.06202,1.16447
1,1.04815,1.20862
1,1.00987,1.30719
1,1.00758,1.041
1,0.964188,0.971357
1,0.896045,1.3123
1,0.891605,1.14208
1,0.849819,1.03734
1,0.84288,0.952292
1,0.809887,0.940082
1,0.787053,0.808691
1,0.782871,0.836244
1,0.778638,0.861632
1,0.776233,0.776767
1,0.771057,0.840939
1,0.757946,0.762955
1,0.738862,0.830058
1,0.735473,0.826169
1,0.734977,0.740059
1,0.726468,0.82043
1,0.721403,0.7945
1,0.707083,0.708617
1,0.689654,0.818163
1,0.669902,0.843881
1,0.660366,0.666242
1,0.655563,1.00502
1,0.654018,0.801701
1,0.648775,0.774916
1,0.647894,0.840046
1,0.642805,0.793213
1,0.636294,0.719685
1,0.625819,0.901093
1,0.623136,0.65963
1,0.622488,0.75984
1,0.621902,0.704457
1,0.618055,0.624374
1,0.611423,0.832897
1,0.601328,0.643984
1,0.599524,0.676619
1,0.596791,0.599622
1,0.592336,0.616449
1,0.58102,0.626123
1,0.566897,0.955369
1,0.564368,0.660705
1,0.563919,0.731232
1,0.563547,0.674495
1,0.562494,0.650481
1,0.558192,0.642508
1,0.557698,0.623899
1,0.554558,0.994523
1,0.553069,0.578679
1,0.552198,0.556436
1,0.540495,0.650272
1,0.539164,1.05182
1,0.538471,0.540788
1,0.536392,0.719926
1,0.532815,0.84059
1,0.530958,0.546799
1,0.525306,0.626703
1,0.524787,0.588892
1,0.514039,0.856033
1,0.509969,0.513559
1,0.508691,0.740704
1,0.507957,0.511965
1,0.506145,0.521194
1,0.503927,0.537561
1,0.503182,0.582746
1,0.495509,0.555835
1,0.493374,0.557764
1,0.492816,0.835349
1,0.490847,0.516911
1,0.485238,0.547884
1,0.481974,0.72178
1,0.481103,0.682791
1,0.473698,0.504996
1,0.473479,0.523872
1,0.47333,0.499768
1,0.469636,0.577584
1,0.467833,0.50969
1,0.460385,0.499373
1,0.452485,0.624374
1,0.444606,0.453038
1,0.438084,0.440254
1,0.437717,0.478521
1,0.436983,0.562656
1,0.432597,0.446056
1,0.431705,0.865247
1,0.430554,0.613886
1,0.426947,0.428307
1,0.419348,0.670515
1,0.414382,0.432839
1,0.410166,0.544882
1,0.408676,0.550575
1,0.408494,0.458346
1,0.407144,0.617091
1,0.397491,0.469083
1,0.396372,0.58479
1,0.396283,0.527981
1,0.392923,0.51765
1,0.392816,0.423874
1,0.391254,0.552956
1,0.37419,0.424191
1,0.373611,0.379798
1,0.37341,0.425152
1,0.368551,0.383812
1,0.365915,0.366437
1,0.363962,0.410751
1,0.363191,0.411269
1,0.362334,0.364068
1,0.361963,0.452344
1,0.360401,0.50243
1,0.359456,0.36506
1,0.352515,0.370073
1,0.34746,0.419242
1,0.347346,0.358009
1,0.347044,0.379266
1,0.34635,0.464297
1,0.34512,0.381253
1,0.345104,0.594384
1,0.344022,0.347251
1,0.342911,0.464182
1,0.341681,0.403978
1,0.34166,0.422713
1,0.341298,0.38039
1,0.339837,0.349564
1,0.338601,0.371033
1,0.338498,0.38703
1,0.337887,0.725378
1,0.333692,0.360141
1,0.33308,0.450665
1,0.332381,0.348289
1,0.331064,0.34598
1,0.330023,0.361452
1,0.327199,0.388996
1,0.325411,0.345717
1,0.324169,0.400204
1,0.322646,0.329346
1,0.318935,0.403534
1,0.318308,0.321947
1,0.317637,0.488085
1,0.316129,0.344197
1,0.314083,0.326197
1,0.312036,0.37303
1,0.311532,0.346469
1,0.307596,0.415722
1,0.306834,0.339963
1,0.306136,0.34477
1,0.3057,0.431495
1,0.303167,0.368324
1,0.302028,0.322331
1,0.301857,0.386165
1,0.300954,0.343588
1,0.300341,0.445281
1,0.299098,0.314549
1,0.298317,0.314601
1,0.297918,0.357174
1,0.297405,0.318771
1,0.296109,0.300952
1,0.29483,0.476404
1,0.294741,0.483454
1,0.293319,0.296521
1,0.292351,0.308033
1,0.289456,0.33459
1,0.288135,0.308294
1,0.286997,0.352243
1,0.284723,0.288884
1,0.283914,0.287316
1,0.283914,0.295707
1,0.283797,0.327197
1,0.283462,0.311304
1,0.281883,0.289586
1,0.281522,0.299386
1,0.28057,0.300554
1,0.280439,0.347446
1,0.279665,0.281598
1,0.27966,0.280288
1,0.279465,0.316552
1,0.279365,0.287457
1,0.278558,0.296716
1,0.276912,0.39847
1,0.276736,0.285666
1,0.273719,0.324166
1,0.27356,0.29705
1,0.271922,0.279438
1,0.27012,0.286336
1,0.270116,0.342165
1,0.269742,0.284245
1,0.269253,0.331996
1,0.268624,0.388946
1,0.268002,0.365957
1,0.266314,0.338292
1,0.265801,0.320233
1,0.265135,0.297049
1,0.264387,0.341306
1,0.264352,0.308537
1,0.264006,0.449403
1,0.263946,0.325146
1,0.263745,0.302619
1,0.263102,0.289611
1,0.26105,0.281246
1,0.26066,0.32032
1,0.258504,0.26058
1,0.25776,0.297889
1,0.252353,0.386895
1,0.251493,0.296885
1,0.249067,0.296125
1,0.2488,0.252469
1,0.245743,0.263389
1,0.245445,0.267186
1,0.243571,0.252546
1,0.242972,0.270612
1,0.242913,0.249865
1,0.241833,0.331302
1,0.241509,0.25476
1,0.240634,0.319199
1,0.239832,0.270127
1,0.239625,0.273878
1,0.239274,0.403763
1,0.239179,0.275513
1,0.23895,0.244899
1,0.23856,0.359236
1,0.237229,0.240095
1,0.237105,0.248556
1,0.235983,0.261783
1,0.23026,0.274506
1,0.228017,0.270393
1,0.227111,0.244827
1,0.223606,0.276973
1,0.221036,0.241587
1,0.220242,0.237887
1,0.2202,0.228445
1,0.219644,0.272951
1,0.218936,0.235574
1,0.217558,0.26267
1,0.216031,0.252318
1,0.215565,0.216971
1,0.212979,0.217013
1,0.211306,0.230468
1,0.210406,0.227155
1,0.2095,0.280381
1,0.208327,0.211399
1,0.208139,0.224316
1,0.207474,0.236628
1,0.207424,0.225401
1,0.206908,0.208139
1,0.206303,0.246548
1,0.206019,0.210663
1,0.205079,0.212777
1,0.202967,0.228364
1,0.202725,0.203099
1,0.202674,0.258542
1,0.20266,0.313508
1,0.202296,0.209598
1,0.202056,0.330107
1,0.200696,0.218004
1,0.200324,0.222191
1,0.200196,0.254023
1,0.196604,0.200977
1,0.196377,0.20643
1,0.195953,0.209974
1,0.195482,0.230306
1,0.195257,0.197864
1,0.194429,0.228592
1,0.194279,0.240382
1,0.193966,0.224785
1,0.192772,0.203033
1,0.192494,0.197076
1,0.191731,0.212621
1,0.191268,0.213867
1,0.191229,0.250811
1,0.190217,0.190399
1,0.189562,0.192796
1,0.18855,0.218341
1,0.187581,0.194575
1,0.187564,0.187832
1,0.186669,0.20956
1,0.186561,0.214793
1,0.185355,0.214163
1,0.182758,0.190774
1,0.182367,0.204354
1,0.181059,0.208677
1,0.180287,0.210643
1,0.180156,0.190806
1,0.178721,0.20746
1,0.178404,0.195997
1,0.176158,0.180159
1,0.175867,0.177298
1,0.175757,0.202616
1,0.174266,0.205589
1,0.172448,0.226048
1,0.171867,0.236152
1,0.170832,0.18362
1,0.169584,0.18558
1,0.16816,0.170705
1,0.167548,0.187776
1,0.166339,0.182101
1,0.166301,0.177644
1,0.165279,0.170426
1,0.164757,0.188994
1,0.162338,0.17716
1,0.160552,0.179687
1,0.160386,0.160476
1,0.16033,0.162343
1,0.159257,0.198049
1,0.158542,0.247047
1,0.158202,0.164495
1,0.156878,0.176754
1,0.156685,0.159585
1,0.156628,0.173022
1,0.156226,0.194391
1,0.154581,0.168172
1,0.15448,0.200114
1,0.15388,0.188637
1,0.151769,0.171158
1,0.151279,0.201178
1,0.151251,0.175655
1,0.151132,0.157891
1,0.150522,0.159215
1,0.149659,0.151936
1,0.148993,0.156349
1,0.14743,0.16412
1,0.146873,0.175996
1,0.146523,0.161468
1,0.146288,0.212093
1,0.146207,0.240123
1,0.146064,0.152076
1,0.145882,0.158316
1,0.145481,0.166809
1,0.145406,0.155991
1,0.145106,0.176712
1,0.144911,0.171658
1,0.144717,0.150543
1,0.144103,0.170416
1,0.143862,0.204019
1,0.142181,0.142282
1,0.141956,0.14392
1,0.14093,0.185514
1,0.140794,0.167846
1,0.140781,0.143763
1,0.140283,0.228054
1,0.139915,0.161727
1,0.138349,0.149461
1,0.138211,0.140832
1,0.137636,0.196846
1,0.137414,0.141642
1,0.136725,0.152421
1,0.135525,0.152317
1,0.135426,0.149026
1,0.134769,0.137373
1,0.133794,0.143954
1,0.133499,0.166062
1,0.132325,0.132776
1,0.131902,0.154296
1,0.131686,0.153253
1,0.131573,0.141113
1,0.131441,0.143662
1,0.131391,0.167764
1,0.130965,0.13358
1,0.130895,0.134128
1,0.130147,0.133561
1,0.130015,0.142686
1,0.129648,0.179694
1,0.129352,0.154436
1,0.129071,0.137306
1,0.128653,0.161473
1,0.127903,0.161377
1,0.127689,0.139007
1,0.127313,0.163477
1,0.126616,0.141679
1,0.126361,0.141994
1,0.125676,0.140258
1,0.125499,0.189261
1,0.124024,0.148762
1,0.122682,0.132414
1,0.122664,0.131794
1,0.12256,0.188052
1,0.122512,0.127848
1,0.122405,0.144712
1,0.122204,0.123154
1,0.121675,0.146876
1,0.121304,0.142491
1,0.121002,0.129485
1,0.120729,0.158089
1,0.120382,0.180584
1,0.120166,0.141285
1,0.11895,0.128769
1,0.117501,0.134976
1,0.117461,0.138834
1,0.115358,0.137565
1,0.115277,0.156528
1,0.115187,0.118633
1,0.113443,0.177678
1,0.113257,0.114196
1,0.113237,0.162392
1,0.113079,0.1606
1,0.112747,0.153851
1,0.112102,0.125701
1,0.111261,0.129753
1,0.110563,0.114196
1,0.110236,0.137631
1,0.110078,0.114418
1,0.108765,0.148242
1,0.107609,0.167419
1,0.107193,0.140716
1,0.106646,0.116802
1,0.105939,0.113495
1,0.105877,0.149027
1,0.104333,0.109213
1,0.103958,0.11185
1,0.102949,0.105496
1,0.101079,0.132471
1,0.100583,0.105312
1,0.10011,0.103131
1,0.0966859,0.0973226
1,0.0966205,0.110649
1,0.0965249,0.135067
1,0.0964108,0.112835
1,0.0962172,0.114552
1,0.0961317,0.135634
1,0.0932305,0.0932909
1,0.0932132,0.0941158
1,0.0923757,0.107756
1,0.0922566,0.102429
1,0.0919829,0.108644
1,0.0886279,0.103355
1,0.0866166,0.0886792
1,0.0834652,0.0889222
1,0.0834175,0.0902187
1,0.0834007,0.0839527
1,0.0830962,0.0950011
1,0.0819545,0.0821718
1,0.0812507,0.0818422
1,0.0811327,0.0984536
1,0.0770146,0.0975777
1,0.0766188,0.0773093
1,0.0715962,0.0732722
1,0.071427,0.0827893
1,0.071397,0.0714096
1,0.0693608,0.0768556
1,0.0691215,0.0784126
1,0.0684897,0.0708053
1,0.0619289,0.0650966
1,0.0611432,0.0627558
1,0.0552506,0.0668107
1,0.0522829,0.0877015
1,0.0409008,0.0410014
2,1.19354,1.27757
2,1.05743,1.06314
2,1.05629,1.32556
2,1.02224,1.02429
2,0.900661,0.908766
2,0.859201,0.892774
2,0.854764,0.872038
2,0.84246,0.851697
2,0.80683,0.814827
2,0.802657,0.827141
2,0.632684,0.659658
2,0.610566,0.635993
2,0.583074,0.602093
2,0.559014,0.582603
2,0.556454,0.582849
2,0.502889,0.520546
2,0.500467,0.510745
2,0.47004,0.516575
2,0.446209,0.462389
2,0.433537,0.436658
2,0.418873,0.425375
2,0.412774,0.448566
2,0.405887,0.415013
2,0.401325,0.44278
2,0.39891,0.429393
2,0.385711,0.391422
2,0.383347,0.383564
2,0.372564,0.395734
2,0.361479,0.371705
2,0.345284,0.356878
2,0.32666,0.33093
2,0.301713,0.338151
2,0.300902,0.352115
2,0.28575,0.301616
2,0.271736,0.279626
2,0.266555,0.270601
2,0.26581,0.277095
2,0.247147,0.263598
2,0.233467,0.251173
2,0.233087,0.2391
2,0.230233,0.238878
2,0.229113,0.233926
2,0.227315,0.237842
2,0.215452,0.220811
2,0.209376,0.228375
2,0.208347,0.217723
2,0.205589,0.21529
2,0.203636,0.215018
2,0.195009,0.201806
2,0.191207,0.197361
2,0.185229,0.186062
2,0.176156,0.177638
2,0.173754,0.173771
2,0.168664,0.175021
2,0.1661,0.174183
2,0.158545,0.159201
2,0.135484,0.140851
2,0.0908974,0.0926502
