point cloud with 1465 points in dimension 3
0,0,0.00864924
0,0,0.0108059
0,0,0.0122733
0,0,0.0140823
0,0,0.0167588
0,0,0.0168169
0,0,0.0171555
0,0,0.0176837
0,0,0.01809
0,0,0.0189232
0,0,0.0193906
0,0,0.0200842
0,0,0.0202767
0,0,0.0203684
0,0,0.0207473
0,0,0.0208375
0,0,0.0216534
0,0,0.0222289
0,0,0.0222677
0,0,0.0223639
0,0,0.0232256
0,0,0.0236572
0,0,0.0240525
0,0,0.0240775
0,0,0.0241129
0,0,0.0245954
0,0,0.0246697
0,0,0.0247076
0,0,0.0248481
0,0,0.0252744
0,0,0.0254078
0,0,0.0257043
0,0,0.0257136
0,0,0.0257296
0,0,0.0260538
0,0,0.0267679
0,0,0.0269106
0,0,0.0275323
0,0,0.0280476
0,0,0.0280544
0,0,0.0281158
0,0,0.0284758
0,0,0.0285489
0,0,0.0287767
0,0,0.028964
0,0,0.0291266
0,0,0.0293579
0,0,0.0303906
0,0,0.0307333
0,0,0.0309175
0,0,0.030971
0,0,0.0314146
0,0,0.0319833
0,0,0.0329518
0,0,0.0330331
0,0,0.0331781
0,0,0.0332084
0,0,0.0332661
0,0,0.03355
0,0,0.0338149
0,0,0.0338348
0,0,0.0339018
0,0,0.0339584
0,0,0.03398
0,0,0.0340644
0,0,0.0341541
0,0,0.0342857
0,0,0.034892
0,0,0.0350854
0,0,0.0351742
0,0,0.0356623
0,0,0.0358597
0,0,0.035871
0,0,0.0361026
0,0,0.0361585
0,0,0.0361599
0,0,0.0362423
0,0,0.0365926
0,0,0.0367083
0,0,0.0367315
0,0,0.0369441
0,0,0.0370048
0,0,0.0375643
0,0,0.038062
0,0,0.0382893
0,0,0.0382907
0,0,0.038291
0,0,0.0386326
0,0,0.038672
0,0,0.0389177
0,0,0.0390335
0,0,0.0390753
0,0,0.0391483
0,0,0.0392052
0,0,0.0392156
0,0,0.0393241
0,0,0.0395582
0,0,0.0397779
0,0,0.0401773
0,0,0.0404492
0,0,0.0405134
0,0,0.0408369
0,0,0.0408678
0,0,0.0409481
0,0,0.0409987
0,0,0.0412765
0,0,0.0413926
0,0,0.0418118
0,0,0.042586
0,0,0.0426075
0,0,0.042609
0,0,0.0429495
0,0,0.0430368
0,0,0.0431178
0,0,0.0433177
0,0,0.0436485
0,0,0.0436927
0,0,0.0437071
0,0,0.0439109
0,0,0.0442446
0,0,0.0442832
0,0,0.044291
0,0,0.0443483
0,0,0.0446565
0,0,0.044703
0,0,0.0449707
0,0,0.045009
0,0,0.0450149
0,0,0.0451954
0,0,0.0453719
0,0,0.0455565
0,0,0.0456764
0,0,0.0456815
0,0,0.0457534
0,0,0.0458189
0,0,0.045819
0,0,0.0460997
0,0,0.0461321
0,0,0.0462851
0,0,0.0466148
0,0,0.0468701
0,0,0.0469008
0,0,0.0469678
0,0,0.0471955
0,0,0.0473067
0,0,0.047369
0,0,0.0477564
0,0,0.0481129
0,0,0.0482267
0,0,0.0489079
0,0,0.0489751
0,0,0.0491918
0,0,0.0492408
0,0,0.049887
0,0,0.0501447
0,0,0.0503386
0,0,0.0504254
0,0,0.050509
0,0,0.0508687
0,0,0.0508968
0,0,0.0512766
0,0,0.0513418
0,0,0.0514927
0,0,0.051631
0,0,0.0517358
0,0,0.0518829
0,0,0.051893
0,0,0.0520861
0,0,0.052244
0,0,0.0523016
0,0,0.0524695
0,0,0.052561
0,0,0.0525732
0,0,0.0526146
0,0,0.0527737
0,0,0.0531644
0,0,0.0531822
0,0,0.0533957
0,0,0.0536174
0,0,0.0537203
0,0,0.0538316
0,0,0.0538842
0,0,0.0539091
0,0,0.0542522
0,0,0.0542917
0,0,0.0543079
0,0,0.0543893
0,0,0.054483
0,0,0.0544898
0,0,0.0545021
0,0,0.0545229
0,0,0.0546065
0,0,0.0550217
0,0,0.055052
0,0,0.0553246
0,0,0.0554641
0,0,0.0554882
0,0,0.0554907
0,0,0.0555508
0,0,0.0558193
0,0,0.0558555
0,0,0.0559123
0,0,0.0563018
0,0,0.0563618
0,0,0.0564185
0,0,0.0566729
0,0,0.0567197
0,0,0.0567432
0,0,0.0567609
0,0,0.056806
0,0,0.0569007
0,0,0.0570039
0,0,0.0571397
0,0,0.0576313
0,0,0.0578028
0,0,0.0578471
0,0,0.0580912
0,0,0.0582549
0,0,0.058279
0,0,0.0583848
0,0,0.0585758
0,0,0.0586635
0,0,0.0586764
0,0,0.0599938
0,0,0.0600105
0,0,0.0603866
0,0,0.0606257
0,0,0.0608001
0,0,0.0608114
0,0,0.0608373
0,0,0.0612408
0,0,0.0614068
0,0,0.0614217
0,0,0.0615431
0,0,0.0616738
0,0,0.0617764
0,0,0.0619066
0,0,0.0620303
0,0,0.0620778
0,0,0.0621051
0,0,0.0622046
0,0,0.0622546
0,0,0.0624163
0,0,0.062508
0,0,0.0625615
0,0,0.0627331
0,0,0.0629291
0,0,0.0629836
0,0,0.0630695
0,0,0.0631038
0,0,0.0631851
0,0,0.0631972
0,0,0.0632516
0,0,0.0634731
0,0,0.0639285
0,0,0.0640335
0,0,0.0640706
0,0,0.0642765
0,0,0.0643563
0,0,0.0644563
0,0,0.064696
0,0,0.0649148
0,0,0.0649458
0,0,0.0650408
0,0,0.0651065
0,0,0.065336
0,0,0.0654194
0,0,0.0655749
0,0,0.0656152
0,0,0.0656398
0,0,0.0657326
0,0,0.0660281
0,0,0.0660349
0,0,0.0660975
0,0,0.0661922
0,0,0.0664659
0,0,0.0665217
0,0,0.0667168
0,0,0.0668051
0,0,0.0668498
0,0,0.0668573
0,0,0.0670849
0,0,0.067278
0,0,0.0674243
0,0,0.0674565
0,0,0.0675947
0,0,0.067637
0,0,0.0680283
0,0,0.0681203
0,0,0.0681253
0,0,0.0681897
0,0,0.0683521
0,0,0.0683615
0,0,0.0684656
0,0,0.0685007
0,0,0.068518
0,0,0.0686578
0,0,0.0688849
0,0,0.0691252
0,0,0.0691503
0,0,0.0692909
0,0,0.0693338
0,0,0.0695772
0,0,0.06971
0,0,0.0697228
0,0,0.0697546
0,0,0.0698077
0,0,0.0702205
0,0,0.0704246
0,0,0.070448
0,0,0.0706886
0,0,0.0708839
0,0,0.0709949
0,0,0.0710873
0,0,0.0711278
0,0,0.0713596
0,0,0.0714065
0,0,0.0714563
0,0,0.0715027
0,0,0.0717615
0,0,0.0717978
0,0,0.0719102
0,0,0.0719388
0,0,0.072043
0,0,0.0720937
0,0,0.0722354
0,0,0.0724769
0,0,0.0728536
0,0,0.0728787
0,0,0.072908
0,0,0.0732227
0,0,0.0733714
0,0,0.073784
0,0,0.0739198
0,0,0.0740046
0,0,0.074119
0,0,0.0742882
0,0,0.0744918
0,0,0.0745629
0,0,0.0745879
0,0,0.0745972
0,0,0.0749416
0,0,0.0752122
0,0,0.0755083
0,0,0.075579
0,0,0.0756083
0,0,0.0757129
0,0,0.0759199
0,0,0.0760157
0,0,0.076051
0,0,0.0762618
0,0,0.0764286
0,0,0.0764684
0,0,0.0765096
0,0,0.0767863
0,0,0.0768026
0,0,0.0768879
0,0,0.0769089
0,0,0.0769432
0,0,0.0772364
0,0,0.0773078
0,0,0.0773467
0,0,0.0775104
0,0,0.0775522
0,0,0.0778982
0,0,0.0781291
0,0,0.0784293
0,0,0.0785043
0,0,0.078554
0,0,0.0785711
0,0,0.0790996
0,0,0.0796729
0,0,0.0796837
0,0,0.0800379
0,0,0.0801196
0,0,0.080419
0,0,0.0804213
0,0,0.0804448
0,0,0.0808081
0,0,0.08104
0,0,0.0816598
0,0,0.0819412
0,0,0.0819788
0,0,0.0819924
0,0,0.0820907
0,0,0.0821222
0,0,0.0825761
0,0,0.0826464
0,0,0.0826667
0,0,0.0828294
0,0,0.082877
0,0,0.0830346
0,0,0.0830956
0,0,0.0831393
0,0,0.0833063
0,0,0.08345
0,0,0.0838382
0,0,0.0838491
0,0,0.0843091
0,0,0.084343
0,0,0.0844451
0,0,0.0845874
0,0,0.0850928
0,0,0.0850999
0,0,0.0851531
0,0,0.0853605
0,0,0.0854974
0,0,0.0857281
0,0,0.0860443
0,0,0.0861183
0,0,0.0861219
0,0,0.0864783
0,0,0.0865358
0,0,0.0867415
0,0,0.0868439
0,0,0.0872914
0,0,0.087889
0,0,0.0880787
0,0,0.0881728
0,0,0.0884541
0,0,0.0885213
0,0,0.088599
0,0,0.0887135
0,0,0.0888498
0,0,0.0889716
0,0,0.0890166
0,0,0.0891273
0,0,0.0891945
0,0,0.0893794
0,0,0.0896205
0,0,0.089639
0,0,0.089669
0,0,0.0899973
0,0,0.0901668
0,0,0.090516
0,0,0.0907205
0,0,0.0913064
0,0,0.0914751
0,0,0.0920488
0,0,0.0921034
0,0,0.0921057
0,0,0.0921068
0,0,0.0921749
0,0,0.0923072
0,0,0.0923457
0,0,0.0924526
0,0,0.0924654
0,0,0.092517
0,0,0.09252
0,0,0.0927941
0,0,0.0929883
0,0,0.0930198
0,0,0.0931143
0,0,0.0934366
0,0,0.0935433
0,0,0.093597
0,0,0.0936442
0,0,0.0936862
0,0,0.0937476
0,0,0.0938445
0,0,0.0938944
0,0,0.0942653
0,0,0.0943226
0,0,0.0945596
0,0,0.0946362
0,0,0.0947038
0,0,0.0951731
0,0,0.0952382
0,0,0.0953719
0,0,0.0953964
0,0,0.0954489
0,0,0.0955018
0,0,0.0955094
0,0,0.0957192
0,0,0.0958378
0,0,0.0960997
0,0,0.0961084
0,0,0.0961462
0,0,0.0962168
0,0,0.0963158
0,0,0.0969714
0,0,0.0970328
0,0,0.0972535
0,0,0.097262
0,0,0.0973771
0,0,0.0974898
0,0,0.0976817
0,0,0.0977218
0,0,0.0978522
0,0,0.0978942
0,0,0.0979615
0,0,0.098049
0,0,0.0984278
0,0,0.0984382
0,0,0.0985137
0,0,0.0988109
0,0,0.0991819
0,0,0.0991862
0,0,0.0992005
0,0,0.0992259
0,0,0.0992873
0,0,0.0993173
0,0,0.0996392
0,0,0.0999257
0,0,0.100364
0,0,0.100456
0,0,0.100705
0,0,0.100878
0,0,0.101154
0,0,0.101297
0,0,0.101311
0,0,0.101368
0,0,0.101377
0,0,0.101412
0,0,0.101437
0,0,0.101582
0,0,0.101803
0,0,0.101842
0,0,0.102044
0,0,0.102292
0,0,0.102442
0,0,0.102667
0,0,0.102749
0,0,0.10299
0,0,0.103149
0,0,0.103328
0,0,0.103457
0,0,0.103545
0,0,0.103591
0,0,0.103939
0,0,0.103973
0,0,0.104334
0,0,0.104804
0,0,0.104886
0,0,0.104949
0,0,0.104956
0,0,0.10503
0,0,0.10506
0,0,0.105474
0,0,0.105624
0,0,0.105702
0,0,0.10575
0,0,0.106061
0,0,0.106066
0,0,0.106759
0,0,0.106866
0,0,0.106963
0,0,0.106974
0,0,0.107037
0,0,0.107038
0,0,0.107079
0,0,0.107136
0,0,0.107321
0,0,0.107616
0,0,0.107678
0,0,0.107906
0,0,0.107927
0,0,0.107934
0,0,0.108075
0,0,0.108215
0,0,0.108336
0,0,0.108425
0,0,0.108451
0,0,0.108511
0,0,0.108599
0,0,0.10861
0,0,0.109088
0,0,0.109179
0,0,0.109181
0,0,0.109338
0,0,0.109573
0,0,0.109684
0,0,0.109964
0,0,0.110043
0,0,0.110315
0,0,0.110343
0,0,0.110481
0,0,0.110508
0,0,0.110852
0,0,0.110966
0,0,0.11112
0,0,0.111242
0,0,0.111475
0,0,0.111528
0,0,0.111842
0,0,0.111854
0,0,0.111981
0,0,0.112116
0,0,0.11222
0,0,0.112226
0,0,0.112448
0,0,0.112694
0,0,0.113296
0,0,0.113591
0,0,0.113705
0,0,0.113872
0,0,0.113884
0,0,0.114017
0,0,0.114073
0,0,0.11434
0,0,0.11489
0,0,0.115186
0,0,0.115222
0,0,0.115542
0,0,0.115564
0,0,0.115582
0,0,0.115655
0,0,0.115775
0,0,0.115911
0,0,0.115995
0,0,0.116016
0,0,0.116122
0,0,0.116146
0,0,0.116222
0,0,0.116561
0,0,0.116621
0,0,0.116781
0,0,0.117182
0,0,0.117276
0,0,0.117367
0,0,0.117776
0,0,0.117837
0,0,0.118067
0,0,0.118192
0,0,0.118442
0,0,0.118461
0,0,0.118555
0,0,0.118763
0,0,0.118789
0,0,0.118863
0,0,0.118878
0,0,0.118998
0,0,0.119327
0,0,0.119334
0,0,0.119608
0,0,0.119654
0,0,0.119908
0,0,0.119914
0,0,0.120001
0,0,0.120073
0,0,0.120521
0,0,0.120644
0,0,0.121145
0,0,0.121286
0,0,0.121351
0,0,0.121435
0,0,0.12146
0,0,0.121556
0,0,0.121727
0,0,0.121761
0,0,0.121768
0,0,0.121784
0,0,0.121841
0,0,0.121885
0,0,0.121901
0,0,0.121927
0,0,0.12194
0,0,0.122127
0,0,0.1222
0,0,0.122318
0,0,0.12245
0,0,0.122498
0,0,0.122505
0,0,0.122583
0,0,0.122596
0,0,0.122757
0,0,0.122832
0,0,0.123086
0,0,0.123192
0,0,0.123612
0,0,0.123725
0,0,0.123752
0,0,0.123778
0,0,0.123892
0,0,0.124073
0,0,0.124241
0,0,0.124413
0,0,0.124446
0,0,0.124653
0,0,0.124813
0,0,0.124845
0,0,0.124916
0,0,0.124924
0,0,0.125256
0,0,0.125381
0,0,0.12541
0,0,0.12569
0,0,0.125777
0,0,0.125813
0,0,0.125832
0,0,0.126001
0,0,0.12609
0,0,0.126389
0,0,0.12654
0,0,0.126877
0,0,0.126885
0,0,0.126944
0,0,0.12712
0,0,0.127244
0,0,0.127548
0,0,0.127581
0,0,0.127956
0,0,0.128152
0,0,0.128153
0,0,0.128332
0,0,0.128494
0,0,0.128564
0,0,0.128654
0,0,0.129198
0,0,0.129377
0,0,0.129639
0,0,0.129705
0,0,0.129759
0,0,0.130105
0,0,0.130108
0,0,0.130339
0,0,0.130499
0,0,0.130685
0,0,0.130826
0,0,0.131037
0,0,0.13145
0,0,0.13148
0,0,0.131489
0,0,0.131489
0,0,0.131498
0,0,0.131522
0,0,0.131642
0,0,0.131896
0,0,0.132292
0,0,0.13245
0,0,0.13256
0,0,0.132698
0,0,0.132724
0,0,0.132785
0,0,0.132799
0,0,0.132938
0,0,0.133078
0,0,0.133723
0,0,0.134368
0,0,0.134565
0,0,0.134566
0,0,0.134591
0,0,0.134633
0,0,0.134845
0,0,0.134859
0,0,0.134955
0,0,0.134961
0,0,0.134994
0,0,0.135027
0,0,0.135053
0,0,0.135189
0,0,0.135361
0,0,0.135516
0,0,0.13569
0,0,0.136429
0,0,0.136592
0,0,0.136651
0,0,0.136845
0,0,0.136999
0,0,0.137049
0,0,0.137346
0,0,0.137379
0,0,0.137457
0,0,0.138159
0,0,0.138176
0,0,0.138266
0,0,0.138344
0,0,0.138471
0,0,0.138617
0,0,0.138751
0,0,0.139117
0,0,0.139233
0,0,0.1393
0,0,0.139524
0,0,0.139644
0,0,0.139653
0,0,0.139811
0,0,0.139893
0,0,0.139964
0,0,0.140368
0,0,0.140435
0,0,0.140577
0,0,0.140934
0,0,0.141
0,0,0.141064
0,0,0.141473
0,0,0.142244
0,0,0.142548
0,0,0.142615
0,0,0.142719
0,0,0.142754
0,0,0.142911
0,0,0.142916
0,0,0.143108
0,0,0.14315
0,0,0.143271
0,0,0.143422
0,0,0.143773
0,0,0.144221
0,0,0.144284
0,0,0.144804
0,0,0.145035
0,0,0.145397
0,0,0.146359
0,0,0.146547
0,0,0.146608
0,0,0.146799
0,0,0.146858
0,0,0.146885
0,0,0.147191
0,0,0.147408
0,0,0.147879
0,0,0.148381
0,0,0.14852
0,0,0.148625
0,0,0.148745
0,0,0.148998
0,0,0.149052
0,0,0.149335
0,0,0.14948
0,0,0.149988
0,0,0.150217
0,0,0.150421
0,0,0.15096
0,0,0.150961
0,0,0.151097
0,0,0.151276
0,0,0.151456
0,0,0.151755
0,0,0.151955
0,0,0.152145
0,0,0.152527
0,0,0.152703
0,0,0.152935
0,0,0.153202
0,0,0.153415
0,0,0.153504
0,0,0.153628
0,0,0.153634
0,0,0.153725
0,0,0.153771
0,0,0.153777
0,0,0.153836
0,0,0.154041
0,0,0.154471
0,0,0.154498
0,0,0.154902
0,0,0.15498
0,0,0.155525
0,0,0.155552
0,0,0.156002
0,0,0.156255
0,0,0.156484
0,0,0.156617
0,0,0.156731
0,0,0.156764
0,0,0.156795
0,0,0.156873
0,0,0.157713
0,0,0.158056
0,0,0.158144
0,0,0.158362
0,0,0.158452
0,0,0.158453
0,0,0.158467
0,0,0.15879
0,0,0.158811
0,0,0.158931
0,0,0.159084
0,0,0.159198
0,0,0.159473
0,0,0.159498
0,0,0.159723
0,0,0.15995
0,0,0.160041
0,0,0.160074
0,0,0.160282
0,0,0.160541
0,0,0.160669
0,0,0.161127
0,0,0.161433
0,0,0.161483
0,0,0.161858
0,0,0.161876
0,0,0.162146
0,0,0.162368
0,0,0.162387
0,0,0.162488
0,0,0.162527
0,0,0.16253
0,0,0.162755
0,0,0.162832
0,0,0.162982
0,0,0.163274
0,0,0.163461
0,0,0.16402
0,0,0.164129
0,0,0.164336
0,0,0.164753
0,0,0.165067
0,0,0.165108
0,0,0.165279
0,0,0.165707
0,0,0.166485
0,0,0.166708
0,0,0.166775
0,0,0.166889
0,0,0.166991
0,0,0.167172
0,0,0.167608
0,0,0.167741
0,0,0.167983
0,0,0.168055
0,0,0.168341
0,0,0.168483
0,0,0.168544
0,0,0.168665
0,0,0.168804
0,0,0.168828
0,0,0.168861
0,0,0.168988
0,0,0.169043
0,0,0.169593
0,0,0.169632
0,0,0.170161
0,0,0.170195
0,0,0.170392
0,0,0.170527
0,0,0.170746
0,0,0.170896
0,0,0.171223
0,0,0.171572
0,0,0.172121
0,0,0.172139
0,0,0.172333
0,0,0.172381
0,0,0.17267
0,0,0.172725
0,0,0.172762
0,0,0.173055
0,0,0.173238
0,0,0.173642
0,0,0.173985
0,0,0.174114
0,0,0.175009
0,0,0.175199
0,0,0.175366
0,0,0.176027
0,0,0.176175
0,0,0.176366
0,0,0.176724
0,0,0.17675
0,0,0.176751
0,0,0.177255
0,0,0.177776
0,0,0.178169
0,0,0.178257
0,0,0.178482
0,0,0.17856
0,0,0.178805
0,0,0.179043
0,0,0.179054
0,0,0.179414
0,0,0.179963
0,0,0.180323
0,0,0.180927
0,0,0.181053
0,0,0.181101
0,0,0.18165
0,0,0.181689
0,0,0.181892
0,0,0.182011
0,0,0.182447
0,0,0.182554
0,0,0.182633
0,0,0.18353
0,0,0.183846
0,0,0.184299
0,0,0.184593
0,0,0.18467
0,0,0.184673
0,0,0.18511
0,0,0.185431
0,0,0.185815
0,0,0.186598
0,0,0.1866
0,0,0.18671
0,0,0.186786
0,0,0.187301
0,0,0.18737
0,0,0.18777
0,0,0.187831
0,0,0.187902
0,0,0.187976
0,0,0.188002
0,0,0.188596
0,0,0.188614
0,0,0.188717
0,0,0.189188
0,0,0.189524
0,0,0.18992
0,0,0.190189
0,0,0.19028
0,0,0.190529
0,0,0.190836
0,0,0.190841
0,0,0.190907
0,0,0.191014
0,0,0.191195
0,0,0.191778
0,0,0.191893
0,0,0.192317
0,0,0.192438
0,0,0.192441
0,0,0.192568
0,0,0.192792
0,0,0.19314
0,0,0.19344
0,0,0.193704
0,0,0.193805
0,0,0.194603
0,0,0.19462
0,0,0.194648
0,0,0.194744
0,0,0.194767
0,0,0.195169
0,0,0.195281
0,0,0.195386
0,0,0.195521
0,0,0.195539
0,0,0.196428
0,0,0.196728
0,0,0.196876
0,0,0.196894
0,0,0.19718
0,0,0.197404
0,0,0.197771
0,0,0.197961
0,0,0.198045
0,0,0.199764
0,0,0.2005
0,0,0.200914
0,0,0.201477
0,0,0.201633
0,0,0.201636
0,0,0.201784
0,0,0.202017
0,0,0.202227
0,0,0.203664
0,0,0.204084
0,0,0.204584
0,0,0.205218
0,0,0.205793
0,0,0.205952
0,0,0.20636
0,0,0.206462
0,0,0.206712
0,0,0.206783
0,0,0.207384
0,0,0.207832
0,0,0.207907
0,0,0.208021
0,0,0.20809
0,0,0.208105
0,0,0.2085
0,0,0.209503
0,0,0.209749
0,0,0.209905
0,0,0.210563
0,0,0.210775
0,0,0.211225
0,0,0.211698
0,0,0.212139
0,0,0.212465
0,0,0.212569
0,0,0.212575
0,0,0.213449
0,0,0.214248
0,0,0.214783
0,0,0.214786
0,0,0.215247
0,0,0.215864
0,0,0.215991
0,0,0.216773
0,0,0.216998
0,0,0.217003
0,0,0.217313
0,0,0.217641
0,0,0.217993
0,0,0.218721
0,0,0.218867
0,0,0.219129
0,0,0.220204
0,0,0.220403
0,0,0.220429
0,0,0.220639
0,0,0.220758
0,0,0.22142
0,0,0.221581
0,0,0.221886
0,0,0.221925
0,0,0.221998
0,0,0.222113
0,0,0.22213
0,0,0.222132
0,0,0.222256
0,0,0.222673
0,0,0.222698
0,0,0.222864
0,0,0.223053
0,0,0.22343
0,0,0.223949
0,0,0.224446
0,0,0.225152
0,0,0.2253
0,0,0.225315
0,0,0.22542
0,0,0.225808
0,0,0.225976
0,0,0.226973
0,0,0.227488
0,0,0.227989
0,0,0.2283
0,0,0.22834
0,0,0.229812
0,0,0.229882
0,0,0.230183
0,0,0.230445
0,0,0.230607
0,0,0.230651
0,0,0.231377
0,0,0.231469
0,0,0.231502
0,0,0.231558
0,0,0.231843
0,0,0.231935
0,0,0.232249
0,0,0.232443
0,0,0.232561
0,0,0.233079
0,0,0.233146
0,0,0.23327
0,0,0.233351
0,0,0.23352
0,0,0.234131
0,0,0.234431
0,0,0.234877
0,0,0.234982
0,0,0.234998
0,0,0.23545
0,0,0.235729
0,0,0.237961
0,0,0.238109
0,0,0.23837
0,0,0.238818
0,0,0.239372
0,0,0.239375
0,0,0.239435
0,0,0.239731
0,0,0.239973
0,0,0.240022
0,0,0.240171
0,0,0.241151
0,0,0.24167
0,0,0.24179
0,0,0.241904
0,0,0.24198
0,0,0.242157
0,0,0.242216
0,0,0.242317
0,0,0.242873
0,0,0.242886
0,0,0.24353
0,0,0.24411
0,0,0.244132
0,0,0.244532
0,0,0.244622
0,0,0.245045
0,0,0.245378
0,0,0.245594
0,0,0.245656
0,0,0.245736
0,0,0.245888
0,0,0.246718
0,0,0.246869
0,0,0.247011
0,0,0.247284
0,0,0.247935
0,0,0.2482
0,0,0.248457
0,0,0.249063
0,0,0.249258
0,0,0.249477
0,0,0.24948
0,0,0.250211
0,0,0.250659
0,0,0.250834
0,0,0.251052
0,0,0.251217
0,0,0.251496
0,0,0.252555
0,0,0.252763
0,0,0.253324
0,0,0.253803
0,0,0.255212
0,0,0.255941
0,0,0.256532
0,0,0.256549
0,0,0.256608
0,0,0.256789
0,0,0.256934
0,0,0.257073
0,0,0.257155
0,0,0.257254
0,0,0.257386
0,0,0.257414
0,0,0.258499
0,0,0.258868
0,0,0.261136
0,0,0.261342
0,0,0.261422
0,0,0.261566
0,0,0.261883
0,0,0.261959
0,0,0.262469
0,0,0.263273
0,0,0.263707
0,0,0.264159
0,0,0.264227
0,0,0.265023
0,0,0.265043
0,0,0.26528
0,0,0.265375
0,0,0.265387
0,0,0.266087
0,0,0.266498
0,0,0.266665
0,0,0.266747
0,0,0.267652
0,0,0.267855
0,0,0.268097
0,0,0.268307
0,0,0.268836
0,0,0.268998
0,0,0.269056
0,0,0.269208
0,0,0.270323
0,0,0.270576
0,0,0.270614
0,0,0.270924
0,0,0.272189
0,0,0.272399
0,0,0.273596
0,0,0.273801
0,0,0.275116
0,0,0.275229
0,0,0.275245
0,0,0.276429
0,0,0.276859
0,0,0.27748
0,0,0.277706
0,0,0.278701
0,0,0.279543
0,0,0.279826
0,0,0.281924
0,0,0.282066
0,0,0.282116
0,0,0.282821
0,0,0.282906
0,0,0.283882
0,0,0.284231
0,0,0.285566
0,0,0.286091
0,0,0.287108
0,0,0.287754
0,0,0.288186
0,0,0.289223
0,0,0.289611
0,0,0.289839
0,0,0.291233
0,0,0.291301
0,0,0.291352
0,0,0.292235
0,0,0.293553
0,0,0.294959
0,0,0.295785
0,0,0.295834
0,0,0.296248
0,0,0.296508
0,0,0.298151
0,0,0.298801
0,0,0.298921
0,0,0.299426
0,0,0.299552
0,0,0.300266
0,0,0.300398
0,0,0.302018
0,0,0.302233
0,0,0.302369
0,0,0.303304
0,0,0.304034
0,0,0.304111
0,0,0.304782
0,0,0.304887
0,0,0.304965
0,0,0.304993
0,0,0.30515
0,0,0.305394
0,0,0.305576
0,0,0.30559
0,0,0.306074
0,0,0.306188
0,0,0.30689
0,0,0.307114
0,0,0.30758
0,0,0.308194
0,0,0.308224
0,0,0.308834
0,0,0.309357
0,0,0.309561
0,0,0.309713
0,0,0.309762
0,0,0.310685
0,0,0.311678
0,0,0.311811
0,0,0.311825
0,0,0.312005
0,0,0.316347
0,0,0.316871
0,0,0.317137
0,0,0.318644
0,0,0.318929
0,0,0.320282
0,0,0.321199
0,0,0.323068
0,0,0.323634
0,0,0.326552
0,0,0.327418
0,0,0.327611
0,0,0.327978
0,0,0.328268
0,0,0.329336
0,0,0.330292
0,0,0.330466
0,0,0.33101
0,0,0.331753
0,0,0.332693
0,0,0.333177
0,0,0.33467
0,0,0.336694
0,0,0.342575
0,0,0.343577
0,0,0.344867
0,0,0.347173
0,0,0.34727
0,0,0.347908
0,0,0.347919
0,0,0.348213
0,0,0.350129
0,0,0.350423
0,0,0.351755
0,0,0.353055
0,0,0.354152
0,0,0.354179
0,0,0.354928
0,0,0.355519
0,0,0.356294
0,0,0.357695
0,0,0.360498
0,0,0.361346
0,0,0.362621
0,0,0.36279
0,0,0.364968
0,0,0.365289
0,0,0.366282
0,0,0.368361
0,0,0.368709
0,0,0.370132
0,0,0.370459
0,0,0.371768
0,0,0.372571
0,0,0.378175
0,0,0.378306
0,0,0.380013
0,0,0.381748
0,0,0.382308
0,0,0.382933
0,0,0.383104
0,0,0.383905
0,0,0.395421
0,0,0.395869
0,0,0.399065
0,0,0.399201
0,0,0.400311
0,0,0.400543
0,0,0.401475
0,0,0.407092
0,0,0.408034
0,0,0.411148
0,0,0.413364
0,0,0.414687
0,0,0.421325
0,0,0.421824
0,0,0.422123
0,0,0.426155
0,0,0.427279
0,0,0.42866
0,0,0.429305
0,0,0.431509
0,0,0.43711
0,0,0.437273
0,0,0.441506
0,0,0.442676
0,0,0.446434
0,0,0.450445
0,0,0.452332
0,0,0.452883
0,0,0.454735
0,0,0.461215
0,0,0.463484
0,0,0.466469
0,0,0.466713
0,0,0.471581
0,0,0.473497
0,0,0.491261
0,0,0.498499
0,0,0.500816
0,0,0.506979
0,0,0.509894
0,0,0.51591
0,0,0.516979
0,0,0.520318
0,0,0.527696
0,0,0.5378
0,0,0.540438
0,0,0.545465
0,0,0.553769
0,0,0.55803
0,0,0.561173
0,0,0.572375
0,0,0.590233
0,0,0.594976
0,0,0.611012
0,0,0.613701
0,0,0.614655
0,0,0.629672
0,0,0.639904
0,0,0.645695
0,0,0.66944
0,0,0.675584
0,0,0.678349
0,0,0.682552
0,0,0.686838
0,0,0.691609
0,0,0.696632
0,0,0.698864
0,0,0.699901
0,0,0.703672
0,0,0.725838
0,0,0.743961
0,0,0.75761
0,0,0.799496
0,0,0.802108
0,0,0.993923
0,0,3
1,1.21044,1.33573
1,1.20852,1.35189
1,1.18951,1.20655
1,1.11639,1.20164
1,1.10742,1.17193
1,1.09935,1.22454
1,1.08287,1.23672
1,1.02398,1.0365
1,0.999609,1.63459
1,0.968242,1.04192
1,0.949135,0.951716
1,0.928367,0.934703
1,0.885867,0.968671
1,0.869983,1.31395
1,0.867741,0.893502
1,0.864124,0.932294
1,0.861925,0.891161
1,0.854492,0.916771
1,0.841921,0.997799
1,0.836966,0.877857
1,0.815855,0.824072
1,0.804645,1.0629
1,0.777299,1.39126
1,0.773434,0.852546
1,0.772943,0.884131
1,0.77066,0.840985
1,0.767948,1.08566
1,0.766455,0.812303
1,0.755728,1.15856
1,0.738381,0.74296
1,0.731617,0.738249
1,0.717306,0.718882
1,0.70665,0.708785
1,0.701133,0.904099
1,0.698726,0.758261
1,0.694832,0.726435
1,0.689125,0.786872
1,0.678209,0.726422
1,0.672124,0.798119
1,0.670549,0.721048
1,0.656419,0.957681
1,0.648113,0.789771
1,0.640504,0.693676
1,0.632857,0.687101
1,0.618156,0.83108
1,0.606108,0.666167
1,0.603997,0.819197
1,0.5969,0.807901
1,0.586844,0.604544
1,0.585576,0.634695
1,0.572789,0.691708
1,0.568714,0.61396
1,0.564179,0.584751
1,0.563039,0.59161
1,0.558895,0.583287
1,0.557259,0.571011
1,0.547451,0.643755
1,0.543697,0.898851
1,0.537573,0.596732
1,0.53533,0.552996
1,0.532697,0.597938
1,0.530523,0.618367
1,0.507252,0.727781
1,0.506125,0.542327
1,0.500295,0.5116
1,0.497755,0.637839
1,0.494305,0.568945
1,0.490006,0.505545
1,0.48407,0.494812
1,0.483619,0.567383
1,0.483085,0.509951
1,0.481088,0.562987
1,0.47844,0.495685
1,0.475739,0.800059
1,0.473269,0.676508
1,0.472257,0.480038
1,0.469271,0.494874
1,0.467179,0.502446
1,0.467126,0.609983
1,0.462779,0.473039
1,0.460442,0.461812
1,0.457963,0.482678
1,0.457421,0.472178
1,0.454019,0.496054
1,0.451925,0.566516
1,0.451062,0.660839
1,0.450961,0.461733
1,0.449678,0.470642
1,0.448114,0.480645
1,0.447271,0.49543
1,0.445056,0.541719
1,0.444745,0.462129
1,0.443312,0.524762
1,0.441188,0.444401
1,0.440391,0.479633
1,0.439157,0.455936
1,0.438888,0.581021
1,0.436597,0.472217
1,0.427051,0.451448
1,0.419963,0.534373
1,0.417869,0.529797
1,0.414784,0.418618
1,0.413811,0.459312
1,0.412018,0.426584
1,0.411029,0.511
1,0.410033,0.422024
1,0.407307,0.454465
1,0.405207,0.4059
1,0.404594,0.544727
1,0.400635,0.437008
1,0.39724,0.449836
1,0.397118,0.575244
1,0.396783,0.44885
1,0.396763,0.478016
1,0.394078,0.395403
1,0.390642,0.657
1,0.390484,0.407084
1,0.389855,0.458745
1,0.389466,0.400554
1,0.384561,0.482845
1,0.384392,0.40039
1,0.383047,0.464988
1,0.382768,0.405064
1,0.381384,0.400571
1,0.378758,0.417278
1,0.377919,0.458764
1,0.377889,0.423145
1,0.377239,0.58921
1,0.376699,0.61539
1,0.376196,0.41293
1,0.375811,0.383257
1,0.375721,0.386311
1,0.374576,0.388999
1,0.374056,0.416154
1,0.370752,0.389748
1,0.369269,0.386564
1,0.367426,0.416841
1,0.366534,0.422029
1,0.364816,0.369303
1,0.363169,0.364126
1,0.362188,0.396914
1,0.358168,0.395537
1,0.35785,0.377558
1,0.356302,0.628442
1,0.355048,0.389075
1,0.354276,0.377921
1,0.352444,0.409858
1,0.351875,0.381703
1,0.349968,0.396606
1,0.349475,0.377202
1,0.347504,0.428819
1,0.347265,0.414174
1,0.345851,0.369591
1,0.34459,0.348248
1,0.34432,0.40419
1,0.343359,0.366655
1,0.343235,0.345472
1,0.341886,0.349641
1,0.341373,0.691585
1,0.341246,0.348279
1,0.339886,0.352004
1,0.339586,0.37004
1,0.339474,0.347698
1,0.337772,0.372991
1,0.337463,0.381896
1,0.337239,0.396364
1,0.336544,0.342359
1,0.33434,0.335377
1,0.334044,0.424451
1,0.332501,0.353235
1,0.329965,0.475387
1,0.329287,0.348759
1,0.326653,0.331054
1,0.326551,0.337685
1,0.325974,0.367947
1,0.324538,0.414586
1,0.323015,0.325338
1,0.32173,0.361897
1,0.321657,0.353748
1,0.321652,0.352108
1,0.321431,0.326701
1,0.320455,0.622819
1,0.320382,0.402495
1,0.319644,0.429848
1,0.318874,0.392996
1,0.318442,0.32335
1,0.318011,0.418553
1,0.317035,0.366356
1,0.316855,0.349155
1,0.316057,0.337745
1,0.314854,0.359498
1,0.313409,0.362563
1,0.312211,0.347367
1,0.312185,0.341913
1,0.31217,0.409375
1,0.311084,0.342144
1,0.31046,0.318003
1,0.30982,0.318278
1,0.309662,0.312662
1,0.308625,0.354974
1,0.308493,0.310773
1,0.307135,0.329709
1,0.306559,0.378277
1,0.30652,0.367253
1,0.30625,0.331019
1,0.306209,0.325427
1,0.305835,0.314764
1,0.304985,0.305044
1,0.303084,0.329885
1,0.300316,0.402495
1,0.300179,0.378221
1,0.300038,0.320219
1,0.299924,0.347367
1,0.298868,0.300604
1,0.297486,0.323377
1,0.29577,0.299113
1,0.295588,0.345831
1,0.29471,0.335623
1,0.294119,0.312918
1,0.292877,0.442626
1,0.292717,0.298884
1,0.292476,0.361499
1,0.29215,0.326257
1,0.291243,0.304623
1,0.290624,0.37905
1,0.290523,0.307418
1,0.289765,0.315523
1,0.289034,0.317105
1,0.288565,0.307271
1,0.288549,0.464748
1,0.285971,0.35612
1,0.285079,0.32825
1,0.284968,0.44606
1,0.283935,0.348658
1,0.283737,0.330192
1,0.283307,0.293233
1,0.283087,0.400907
1,0.28246,0.371562
1,0.282057,0.309429
1,0.281998,0.372117
1,0.281509,0.297349
1,0.281403,0.284954
1,0.278147,0.325419
1,0.277136,0.283806
1,0.277016,0.285014
1,0.276931,0.348487
1,0.275551,0.441017
1,0.275551,0.279099
1,0.275034,0.329874
1,0.274981,0.45885
1,0.274584,0.305314
1,0.274222,0.394277
1,0.273533,0.328929
1,0.272653,0.308082
1,0.272144,0.29178
1,0.271439,0.303194
1,0.268943,0.298467
1,0.268935,0.345986
1,0.268354,0.424168
1,0.266325,0.313485
1,0.26476,0.34509
1,0.264295,0.284005
1,0.263893,0.354632
1,0.263558,0.285605
1,0.263066,0.380157
1,0.262538,0.269931
1,0.260015,0.265693
1,0.259424,0.263312
1,0.258938,0.270659
1,0.257668,0.267857
1,0.256858,0.289953
1,0.255053,0.309426
1,0.254882,0.270841
1,0.254573,0.313845
1,0.254559,0.255499
1,0.254536,0.268512
1,0.25441,0.263983
1,0.254271,0.261452
1,0.252578,0.271106
1,0.251195,0.278635
1,0.251136,0.251245
1,0.249057,0.261063
1,0.248117,0.270238
1,0.247885,0.249794
1,0.247613,0.27029
1,0.247052,0.278379
1,0.245943,0.343998
1,0.244468,0.317699
1,0.243106,0.270522
1,0.242982,0.243129
1,0.242875,0.245314
1,0.242537,0.257589
1,0.241946,0.261661
1,0.239877,0.24704
1,0.239129,0.277401
1,0.239096,0.307063
1,0.239063,0.267164
1,0.238856,0.265343
1,0.237575,0.30271
1,0.237065,0.24274
1,0.236581,0.303175
1,0.236495,0.332079
1,0.235996,0.277697
1,0.235374,0.239437
1,0.234703,0.261762
1,0.23466,0.270841
1,0.234476,0.272282
1,0.233126,0.244903
1,0.232909,0.307867
1,0.232635,0.23712
1,0.231192,0.243597
1,0.231032,0.27458
1,0.231016,0.231284
1,0.230654,0.253742
1,0.229549,0.315998
1,0.225959,0.357479
1,0.223788,0.247219
1,0.223315,0.230905
1,0.222393,0.228064
1,0.221473,0.239067
1,0.220965,0.231243
1,0.220126,0.314446
1,0.219963,0.222534
1,0.217887,0.238617
1,0.217517,0.236147
1,0.217054,0.232921
1,0.216562,0.27952
1,0.216358,0.226057
1,0.216026,0.219028
1,0.215897,0.237159
1,0.215624,0.221171
1,0.215556,0.246774
1,0.214193,0.217314
1,0.21297,0.22411
1,0.212927,0.249114
1,0.212535,0.229417
1,0.212521,0.2569
1,0.212311,0.324079
1,0.21132,0.345612
1,0.210741,0.258026
1,0.209579,0.215426
1,0.209235,0.226886
1,0.208909,0.262137
1,0.208784,0.23754
1,0.208446,0.213577
1,0.208037,0.212252
1,0.207521,0.25057
1,0.20643,0.250011
1,0.206164,0.229339
1,0.204986,0.292972
1,0.204408,0.20475
1,0.202759,0.214514
1,0.202018,0.205342
1,0.201502,0.240358
1,0.200847,0.282298
1,0.199973,0.229037
1,0.199923,0.296869
1,0.199498,0.206771
1,0.197163,0.203937
1,0.197092,0.277055
1,0.195185,0.264903
1,0.195157,0.237537
1,0.19483,0.196554
1,0.193891,0.245314
1,0.193421,0.216201
1,0.191467,0.199862
1,0.191144,0.204419
1,0.189495,0.203937
1,0.189133,0.246766
1,0.188066,0.238389
1,0.187834,0.224858
1,0.187656,0.206287
1,0.187491,0.192248
1,0.186467,0.19573
1,0.18603,0.198385
1,0.185389,0.194742
1,0.185025,0.185379
1,0.18424,0.186516
1,0.18388,0.238447
1,0.183163,0.256154
1,0.182529,0.214823
1,0.182496,0.218584
1,0.181148,0.195929
1,0.180226,0.199798
1,0.180026,0.186918
1,0.179037,0.185293
1,0.178975,0.197547
1,0.177325,0.233253
1,0.175572,0.179654
1,0.174363,0.180113
1,0.172928,0.243138
1,0.171969,0.198295
1,0.170085,0.202584
1,0.169252,0.204
1,0.16892,0.171332
1,0.168317,0.182225
1,0.166087,0.177492
1,0.166029,0.206691
1,0.165503,0.188958
1,0.163126,0.164374
1,0.16308,0.168029
1,0.162935,0.166428
1,0.162857,0.179401
1,0.161419,0.175838
1,0.160679,0.178235
1,0.159327,0.208455
1,0.159259,0.165207
1,0.158841,0.163745
1,0.155708,0.172201
1,0.152858,0.159999
1,0.149237,0.152331
1,0.149057,0.160614
1,0.148791,0.154086
1,0.148474,0.20152
1,0.147407,0.150007
1,0.146848,0.175462
1,0.145751,0.170894
1,0.145712,0.148868
1,0.145476,0.151702
1,0.143131,0.149662
1,0.142044,0.146981
1,0.142001,0.151062
1,0.14169,0.158496
1,0.141021,0.172442
1,0.140837,0.150945
1,0.140687,0.145191
1,0.138685,0.153099
1,0.138174,0.138541
1,0.137058,0.168293
1,0.136983,0.212287
1,0.136635,0.162857
1,0.136518,0.139805
1,0.136321,0.174102
1,0.136016,0.145768
1,0.13553,0.200059
1,0.134341,0.184497
1,0.134337,0.1353
1,0.133855,0.140605
1,0.133492,0.165508
1,0.133034,0.177607
1,0.131743,0.145529
1,0.131589,0.137873
1,0.130759,0.133907
1,0.130301,0.133083
1,0.130185,0.150956
1,0.129235,0.218537
1,0.128499,0.14443
1,0.128286,0.152745
1,0.128262,0.153835
1,0.12791,0.177623
1,0.126016,0.126029
1,0.125612,0.126104
1,0.125298,0.138973
1,0.12368,0.138621
1,0.123638,0.133507
1,0.122873,0.152255
1,0.122229,0.144741
1,0.119511,0.122155
1,0.119488,0.148688
1,0.119294,0.123038
1,0.117516,0.155171
1,0.11656,0.116645
1,0.115211,0.131485
1,0.114543,0.128014
1,0.114493,0.127675
1,0.114184,0.132632
1,0.113653,0.15049
1,0.112107,0.118464
1,0.111486,0.123663
1,0.109975,0.126945
1,0.108559,0.124394
1,0.106584,0.111364
1,0.105876,0.151509
1,0.105845,0.118456
1,0.105825,0.121217
1,0.105496,0.122628
1,0.105226,0.126007
1,0.105091,0.112851
1,0.10365,0.122672
1,0.103613,0.129725
1,0.103238,0.162313
1,0.103129,0.144269
1,0.102657,0.125609
1,0.102237,0.110601
1,0.101966,0.123097
1,0.100831,0.125096
1,0.0996409,0.130342
1,0.0991961,0.106307
1,0.0983908,0.09851
1,0.0971828,0.126669
1,0.0967225,0.104275
1,0.0965148,0.100465
1,0.0963605,0.0969088
1,0.0959,0.154124
1,0.0957669,0.117868
1,0.0952116,0.0971268
1,0.094175,0.103398
1,0.0940902,0.107206
1,0.0928254,0.10427
1,0.0921555,0.100059
1,0.0919152,0.107208
1,0.0879322,0.135076
1,0.0868,0.101829
1,0.0853114,0.0933268
1,0.0839042,0.0937544
1,0.083306,0.0902217
1,0.0829497,0.0960256
1,0.0790207,0.0877276
1,0.076841,0.0874722
1,0.0757967,0.07688
1,0.073127,0.0737371
1,0.0726447,0.0828977
1,0.0723417,0.0908081
1,0.0710204,0.0770172
1,0.0666908,0.0856688
1,0.0642482,0.0680724
1,0.0623401,0.0642584
1,0.0573198,0.0708312
1,0.0552269,0.0679024
1,0.0531947,0.0591767
1,0.0505341,0.059815
1,0.0486796,0.0600407
2,1.59945,1.61851
2,1.32769,1.3367
2,1.24542,1.37915
2,0.896146,0.903999
2,0.842846,0.929879
2,0.837996,0.852068
2,0.831957,0.849308
2,0.815591,0.817382
2,0.784351,0.790345
2,0.747175,0.836527
2,0.736653,0.779156
2,0.715495,0.76061
2,0.667006,0.670371
2,0.606317,0.645246
2,0.577237,0.652612
2,0.57508,0.585443
2,0.572069,0.616821
2,0.529348,0.534634
2,0.48429,0.515414
2,0.474988,0.500402
2,0.472723,0.514929
2,0.469424,0.478196
2,0.451041,0.584563
2,0.431434,0.456581
2,0.430281,0.519475
2,0.430054,0.447843
2,0.422633,0.450379
2,0.422285,0.425895
2,0.412594,0.447871
2,0.38797,0.388694
2,0.382322,0.389001
2,0.381683,0.383232
2,0.37586,0.379662
2,0.373666,0.407253
2,0.371294,0.412436
2,0.371269,0.375369
2,0.364264,0.366753
2,0.356908,0.448748
2,0.353499,0.381678
2,0.318791,0.330479
2,0.317814,0.343072
2,0.308025,0.348623
2,0.307487,0.321
2,0.304501,0.306738
2,0.299816,0.300741
2,0.281449,0.283527
2,0.280938,0.289591
2,0.223712,0.231606
2,0.201741,0.210204
2,0.189247,0.189635
2,0.187443,0.187633
2,0.183484,0.186807
2,0.156526,0.158869
2,0.15481,0.167896
2,0.152952,0.156216
2,0.136633,0.154132
2,0.123241,0.124955
2,0.09851,0.100285
