point cloud with 1535 points in dimension 3
0,0,0.00867504
0,0,0.00973658
0,0,0.0102676
0,0,0.0126997
0,0,0.0129895
0,0,0.0139677
0,0,0.0147001
0,0,0.0156755
0,0,0.015688
0,0,0.0171853
0,0,0.017475
0,0,0.0178714
0,0,0.0185031
0,0,0.0188031
0,0,0.0194764
0,0,0.0195706
0,0,0.0221416
0,0,0.0225949
0,0,0.0235235
0,0,0.02363
0,0,0.0247364
0,0,0.0248516
0,0,0.0249498
0,0,0.0255599
0,0,0.0258619
0,0,0.0258992
0,0,0.0262681
0,0,0.0265885
0,0,0.0267488
0,0,0.0268443
0,0,0.0273193
0,0,0.0273337
0,0,0.0275874
0,0,0.0278973
0,0,0.0279655
0,0,0.0280567
0,0,0.0287713
0,0,0.030006
0,0,0.0300371
0,0,0.031511
0,0,0.031893
0,0,0.0322377
0,0,0.0325251
0,0,0.0328221
0,0,0.0332056
0,0,0.0336563
0,0,0.0344593
0,0,0.0345885
0,0,0.0347498
0,0,0.0348299
0,0,0.0348829
0,0,0.0353014
0,0,0.0364435
0,0,0.0367103
0,0,0.0368511
0,0,0.03699
0,0,0.0381279
0,0,0.0382332
0,0,0.0386234
0,0,0.0388291
0,0,0.0388608
0,0,0.0389509
0,0,0.0390026
0,0,0.0390556
0,0,0.0393931
0,0,0.0399851
0,0,0.0407013
0,0,0.0408211
0,0,0.040824
0,0,0.0408593
0,0,0.0409087
0,0,0.0417244
0,0,0.0418832
0,0,0.0422746
0,0,0.0422862
0,0,0.0425753
0,0,0.0427175
0,0,0.0428963
0,0,0.043078
0,0,0.0432647
0,0,0.0432797
0,0,0.0440249
0,0,0.0443158
0,0,0.0446349
0,0,0.0446871
0,0,0.0446924
0,0,0.0448085
0,0,0.0448644
0,0,0.0450007
0,0,0.0451299
0,0,0.0453446
0,0,0.0458351
0,0,0.046456
0,0,0.0467349
0,0,0.0468246
0,0,0.0470337
0,0,0.0477776
0,0,0.0478437
0,0,0.0479072
0,0,0.0480616
0,0,0.0482893
0,0,0.0483757
0,0,0.0487279
0,0,0.0487368
0,0,0.0488333
0,0,0.0492332
0,0,0.0494451
0,0,0.049596
0,0,0.0496795
0,0,0.0496828
0,0,0.0497666
0,0,0.0499721
0,0,0.0506103
0,0,0.051054
0,0,0.0513442
0,0,0.0514026
0,0,0.0514923
0,0,0.0516534
0,0,0.05182
0,0,0.0519296
0,0,0.0521005
0,0,0.0522477
0,0,0.052528
0,0,0.0526039
0,0,0.0526337
0,0,0.0528463
0,0,0.0529508
0,0,0.0531772
0,0,0.0533271
0,0,0.0534256
0,0,0.0535017
0,0,0.0535988
0,0,0.0535989
0,0,0.0536192
0,0,0.0537003
0,0,0.0537861
0,0,0.0538002
0,0,0.053859
0,0,0.0539127
0,0,0.053936
0,0,0.0544236
0,0,0.0545663
0,0,0.0546114
0,0,0.0546344
0,0,0.0546753
0,0,0.0548568
0,0,0.0549876
0,0,0.055031
0,0,0.0552753
0,0,0.0553898
0,0,0.0553963
0,0,0.0554416
0,0,0.0557716
0,0,0.0558672
0,0,0.0561101
0,0,0.0562056
0,0,0.0563764
0,0,0.056564
0,0,0.0567768
0,0,0.0567796
0,0,0.0568421
0,0,0.05754
0,0,0.0576759
0,0,0.0578737
0,0,0.0580832
0,0,0.0580882
0,0,0.0582797
0,0,0.0583044
0,0,0.0586238
0,0,0.0586416
0,0,0.0587937
0,0,0.0590217
0,0,0.0591385
0,0,0.0591636
0,0,0.0591977
0,0,0.0592388
0,0,0.0593414
0,0,0.0594362
0,0,0.0594781
0,0,0.0595186
0,0,0.0595695
0,0,0.0595858
0,0,0.0597668
0,0,0.059806
0,0,0.0601272
0,0,0.0604386
0,0,0.0605983
0,0,0.0607041
0,0,0.0608187
0,0,0.0608576
0,0,0.060927
0,0,0.0609681
0,0,0.0611815
0,0,0.0615428
0,0,0.0617158
0,0,0.0619702
0,0,0.0622926
0,0,0.0623286
0,0,0.0623677
0,0,0.0623967
0,0,0.062426
0,0,0.0625869
0,0,0.0626357
0,0,0.0628511
0,0,0.0628902
0,0,0.0632858
0,0,0.0636216
0,0,0.0638424
0,0,0.0639278
0,0,0.0639348
0,0,0.064046
0,0,0.0642339
0,0,0.0642751
0,0,0.0644455
0,0,0.0644843
0,0,0.0645047
0,0,0.0647164
0,0,0.0651895
0,0,0.0652734
0,0,0.0653911
0,0,0.0654021
0,0,0.0655078
0,0,0.065529
0,0,0.0655718
0,0,0.0656463
0,0,0.0657433
0,0,0.0657589
0,0,0.0658139
0,0,0.0659334
0,0,0.0660015
0,0,0.0660328
0,0,0.0661805
0,0,0.0662497
0,0,0.0664134
0,0,0.0664797
0,0,0.0664878
0,0,0.0666402
0,0,0.0666998
0,0,0.0667954
0,0,0.0668309
0,0,0.0669596
0,0,0.0670471
0,0,0.0672713
0,0,0.067345
0,0,0.0674083
0,0,0.0674908
0,0,0.067626
0,0,0.0676772
0,0,0.0676946
0,0,0.0677313
0,0,0.0680142
0,0,0.0680426
0,0,0.0681214
0,0,0.0684926
0,0,0.0686452
0,0,0.0687247
0,0,0.0687755
0,0,0.0689449
0,0,0.0689655
0,0,0.0690891
0,0,0.0691905
0,0,0.0692057
0,0,0.069255
0,0,0.0693176
0,0,0.069844
0,0,0.0699923
0,0,0.0700118
0,0,0.0700459
0,0,0.0702065
0,0,0.0704316
0,0,0.0704962
0,0,0.0705307
0,0,0.0705753
0,0,0.0705869
0,0,0.0706098
0,0,0.0707226
0,0,0.0707931
0,0,0.0709873
0,0,0.071097
0,0,0.0711119
0,0,0.0711404
0,0,0.0711469
0,0,0.0711563
0,0,0.0712125
0,0,0.0714522
0,0,0.0714785
0,0,0.0715151
0,0,0.0719178
0,0,0.0720832
0,0,0.0721204
0,0,0.0721919
0,0,0.0722415
0,0,0.072364
0,0,0.0724279
0,0,0.07264
0,0,0.0726875
0,0,0.0727076
0,0,0.0727533
0,0,0.0727576
0,0,0.0727708
0,0,0.0731268
0,0,0.0731502
0,0,0.0731787
0,0,0.0731993
0,0,0.0734957
0,0,0.0736255
0,0,0.074164
0,0,0.0742898
0,0,0.0743235
0,0,0.0744229
0,0,0.0745309
0,0,0.0745487
0,0,0.074699
0,0,0.0747155
0,0,0.0747434
0,0,0.0748231
0,0,0.0748437
0,0,0.0749253
0,0,0.0750803
0,0,0.0752324
0,0,0.0753111
0,0,0.0755189
0,0,0.0757254
0,0,0.0758476
0,0,0.0761307
0,0,0.0761839
0,0,0.0764293
0,0,0.0767979
0,0,0.0768862
0,0,0.0769563
0,0,0.0776659
0,0,0.0776972
0,0,0.0777562
0,0,0.077762
0,0,0.0780336
0,0,0.0781857
0,0,0.078211
0,0,0.0783919
0,0,0.0784661
0,0,0.0787198
0,0,0.078778
0,0,0.0791189
0,0,0.0794867
0,0,0.0795408
0,0,0.0795781
0,0,0.0798988
0,0,0.0801077
0,0,0.0801306
0,0,0.0805148
0,0,0.080714
0,0,0.0807212
0,0,0.0809448
0,0,0.0809883
0,0,0.0810743
0,0,0.0810858
0,0,0.0810975
0,0,0.0812442
0,0,0.0812456
0,0,0.0814098
0,0,0.0814639
0,0,0.0816559
0,0,0.081677
0,0,0.0818557
0,0,0.0819233
0,0,0.0821293
0,0,0.0824409
0,0,0.0824941
0,0,0.0825118
0,0,0.0826257
0,0,0.0826864
0,0,0.0827065
0,0,0.0828048
0,0,0.0831148
0,0,0.0831535
0,0,0.0831788
0,0,0.0832353
0,0,0.0832907
0,0,0.0833367
0,0,0.0835459
0,0,0.0835583
0,0,0.0835654
0,0,0.0837159
0,0,0.0837439
0,0,0.0839538
0,0,0.0839907
0,0,0.0840051
0,0,0.0840203
0,0,0.0843406
0,0,0.0844116
0,0,0.0844714
0,0,0.0845862
0,0,0.0846288
0,0,0.0847005
0,0,0.0852099
0,0,0.0854525
0,0,0.0856367
0,0,0.0859226
0,0,0.0862087
0,0,0.0862721
0,0,0.0862949
0,0,0.0863354
0,0,0.0865278
0,0,0.0865353
0,0,0.0865557
0,0,0.0865772
0,0,0.0865859
0,0,0.0867195
0,0,0.0867352
0,0,0.0867738
0,0,0.0868109
0,0,0.0869912
0,0,0.0870828
0,0,0.0871135
0,0,0.0871598
0,0,0.0871613
0,0,0.0872042
0,0,0.087242
0,0,0.0872626
0,0,0.087414
0,0,0.0874262
0,0,0.087483
0,0,0.0875999
0,0,0.0876758
0,0,0.0878086
0,0,0.0879681
0,0,0.0882391
0,0,0.0882896
0,0,0.0882923
0,0,0.0887946
0,0,0.088851
0,0,0.0889672
0,0,0.0890039
0,0,0.0890247
0,0,0.0890552
0,0,0.0891999
0,0,0.0892086
0,0,0.089293
0,0,0.0893744
0,0,0.0893922
0,0,0.0895018
0,0,0.0896877
0,0,0.0897131
0,0,0.0898126
0,0,0.0898498
0,0,0.0901467
0,0,0.0902078
0,0,0.0903273
0,0,0.0903901
0,0,0.090524
0,0,0.0906227
0,0,0.0907557
0,0,0.0907833
0,0,0.0908481
0,0,0.0908774
0,0,0.0909648
0,0,0.0910157
0,0,0.0911355
0,0,0.0911757
0,0,0.0911959
0,0,0.091369
0,0,0.0914798
0,0,0.0914874
0,0,0.091553
0,0,0.0916907
0,0,0.0917054
0,0,0.0917723
0,0,0.0918856
0,0,0.0919753
0,0,0.0921546
0,0,0.0921938
0,0,0.0922702
0,0,0.0923032
0,0,0.0925082
0,0,0.0925277
0,0,0.092702
0,0,0.0927777
0,0,0.0928153
0,0,0.0930158
0,0,0.0931522
0,0,0.0934726
0,0,0.093549
0,0,0.0936922
0,0,0.0936981
0,0,0.0937773
0,0,0.0939367
0,0,0.0939502
0,0,0.0940819
0,0,0.0942298
0,0,0.0944298
0,0,0.0945035
0,0,0.0945683
0,0,0.0945726
0,0,0.094587
0,0,0.0947288
0,0,0.0948225
0,0,0.0948792
0,0,0.0949402
0,0,0.094958
0,0,0.0950588
0,0,0.0950807
0,0,0.0950844
0,0,0.0950913
0,0,0.0952702
0,0,0.0955573
0,0,0.09564
0,0,0.0956442
0,0,0.0958785
0,0,0.0959276
0,0,0.0961894
0,0,0.0964874
0,0,0.0964881
0,0,0.0964903
0,0,0.0964932
0,0,0.0966505
0,0,0.0967116
0,0,0.0968228
0,0,0.0968779
0,0,0.0969655
0,0,0.0969665
0,0,0.0969696
0,0,0.097061
0,0,0.0971259
0,0,0.0972281
0,0,0.0974423
0,0,0.0975088
0,0,0.0977941
0,0,0.0979992
0,0,0.098172
0,0,0.0981772
0,0,0.0982004
0,0,0.098221
0,0,0.0983809
0,0,0.0984146
0,0,0.0984439
0,0,0.098479
0,0,0.0985367
0,0,0.0986166
0,0,0.0986278
0,0,0.0988949
0,0,0.0989395
0,0,0.0989773
0,0,0.0992412
0,0,0.0992694
0,0,0.0994239
0,0,0.0994345
0,0,0.0998197
0,0,0.0999812
0,0,0.100001
0,0,0.100425
0,0,0.100611
0,0,0.100614
0,0,0.100732
0,0,0.100772
0,0,0.100794
0,0,0.100923
0,0,0.100998
0,0,0.101179
0,0,0.101208
0,0,0.101481
0,0,0.101623
0,0,0.101921
0,0,0.102193
0,0,0.102209
0,0,0.10224
0,0,0.102327
0,0,0.102331
0,0,0.102449
0,0,0.102488
0,0,0.102533
0,0,0.102685
0,0,0.102733
0,0,0.103072
0,0,0.1031
0,0,0.103108
0,0,0.103153
0,0,0.103197
0,0,0.103255
0,0,0.103314
0,0,0.103322
0,0,0.103586
0,0,0.103616
0,0,0.103697
0,0,0.103744
0,0,0.103827
0,0,0.103831
0,0,0.103835
0,0,0.104055
0,0,0.104286
0,0,0.104354
0,0,0.104379
0,0,0.104495
0,0,0.104638
0,0,0.104799
0,0,0.104859
0,0,0.105031
0,0,0.105109
0,0,0.105137
0,0,0.10523
0,0,0.105249
0,0,0.10525
0,0,0.105432
0,0,0.105633
0,0,0.105888
0,0,0.105895
0,0,0.105922
0,0,0.106152
0,0,0.106394
0,0,0.106442
0,0,0.106571
0,0,0.106691
0,0,0.106714
0,0,0.106733
0,0,0.106932
0,0,0.107154
0,0,0.10722
0,0,0.107231
0,0,0.107562
0,0,0.107635
0,0,0.107675
0,0,0.107684
0,0,0.107714
0,0,0.107721
0,0,0.108066
0,0,0.108125
0,0,0.1082
0,0,0.108259
0,0,0.108352
0,0,0.108572
0,0,0.108615
0,0,0.108723
0,0,0.108944
0,0,0.109046
0,0,0.109077
0,0,0.109121
0,0,0.109342
0,0,0.109366
0,0,0.109371
0,0,0.109464
0,0,0.109489
0,0,0.109543
0,0,0.109657
0,0,0.110093
0,0,0.110126
0,0,0.110164
0,0,0.110244
0,0,0.110258
0,0,0.11027
0,0,0.1103
0,0,0.110419
0,0,0.110481
0,0,0.11062
0,0,0.110736
0,0,0.110821
0,0,0.111054
0,0,0.111109
0,0,0.111125
0,0,0.111202
0,0,0.111578
0,0,0.111908
0,0,0.112211
0,0,0.112317
0,0,0.112706
0,0,0.112761
0,0,0.112958
0,0,0.113035
0,0,0.113184
0,0,0.113918
0,0,0.114165
0,0,0.114265
0,0,0.114491
0,0,0.114503
0,0,0.114575
0,0,0.114655
0,0,0.114678
0,0,0.114787
0,0,0.114897
0,0,0.114901
0,0,0.11507
0,0,0.115089
0,0,0.115506
0,0,0.115589
0,0,0.115741
0,0,0.115757
0,0,0.115864
0,0,0.11592
0,0,0.116014
0,0,0.116474
0,0,0.116781
0,0,0.116809
0,0,0.11692
0,0,0.116963
0,0,0.11738
0,0,0.117413
0,0,0.117485
0,0,0.11759
0,0,0.117597
0,0,0.117624
0,0,0.117703
0,0,0.117949
0,0,0.118047
0,0,0.118122
0,0,0.11821
0,0,0.118307
0,0,0.118386
0,0,0.118391
0,0,0.118473
0,0,0.11863
0,0,0.118744
0,0,0.118753
0,0,0.118818
0,0,0.119022
0,0,0.119263
0,0,0.119279
0,0,0.119542
0,0,0.119658
0,0,0.119676
0,0,0.119764
0,0,0.119849
0,0,0.119985
0,0,0.120111
0,0,0.12032
0,0,0.120428
0,0,0.120441
0,0,0.120473
0,0,0.120516
0,0,0.120662
0,0,0.120844
0,0,0.121084
0,0,0.121094
0,0,0.121339
0,0,0.121396
0,0,0.121455
0,0,0.121633
0,0,0.121724
0,0,0.121814
0,0,0.12187
0,0,0.122176
0,0,0.122443
0,0,0.122612
0,0,0.122627
0,0,0.122818
0,0,0.122956
0,0,0.123176
0,0,0.123212
0,0,0.123427
0,0,0.123592
0,0,0.123856
0,0,0.123913
0,0,0.124189
0,0,0.124258
0,0,0.124303
0,0,0.124449
0,0,0.124622
0,0,0.124707
0,0,0.124765
0,0,0.124795
0,0,0.125037
0,0,0.125095
0,0,0.125115
0,0,0.125141
0,0,0.125226
0,0,0.125314
0,0,0.125609
0,0,0.125724
0,0,0.125749
0,0,0.125877
0,0,0.126115
0,0,0.126193
0,0,0.126212
0,0,0.126419
0,0,0.126507
0,0,0.126508
0,0,0.126608
0,0,0.126887
0,0,0.126946
0,0,0.126951
0,0,0.127154
0,0,0.127214
0,0,0.127283
0,0,0.127311
0,0,0.12736
0,0,0.127368
0,0,0.127525
0,0,0.127597
0,0,0.127685
0,0,0.127725
0,0,0.127777
0,0,0.128362
0,0,0.128378
0,0,0.128429
0,0,0.12856
0,0,0.128578
0,0,0.128648
0,0,0.12889
0,0,0.128946
0,0,0.129148
0,0,0.129214
0,0,0.129652
0,0,0.129835
0,0,0.129889
0,0,0.129961
0,0,0.130402
0,0,0.130504
0,0,0.130638
0,0,0.130643
0,0,0.130684
0,0,0.130697
0,0,0.130772
0,0,0.130908
0,0,0.130919
0,0,0.130957
0,0,0.131209
0,0,0.131236
0,0,0.131478
0,0,0.131562
0,0,0.131862
0,0,0.131886
0,0,0.13193
0,0,0.131967
0,0,0.131995
0,0,0.13204
0,0,0.13255
0,0,0.13259
0,0,0.132652
0,0,0.132683
0,0,0.132801
0,0,0.133004
0,0,0.133125
0,0,0.133143
0,0,0.133214
0,0,0.133354
0,0,0.133416
0,0,0.134003
0,0,0.134349
0,0,0.134488
0,0,0.134679
0,0,0.134685
0,0,0.13474
0,0,0.13499
0,0,0.135017
0,0,0.135022
0,0,0.135025
0,0,0.135146
0,0,0.135183
0,0,0.135309
0,0,0.135459
0,0,0.135586
0,0,0.135592
0,0,0.135599
0,0,0.135683
0,0,0.135689
0,0,0.135902
0,0,0.136025
0,0,0.136204
0,0,0.136905
0,0,0.136924
0,0,0.13714
0,0,0.137168
0,0,0.137328
0,0,0.137338
0,0,0.137378
0,0,0.137512
0,0,0.137561
0,0,0.137569
0,0,0.137588
0,0,0.137725
0,0,0.137985
0,0,0.138547
0,0,0.139067
0,0,0.139174
0,0,0.139423
0,0,0.139579
0,0,0.139837
0,0,0.140009
0,0,0.140388
0,0,0.141078
0,0,0.14132
0,0,0.141798
0,0,0.141812
0,0,0.142097
0,0,0.142153
0,0,0.142384
0,0,0.142758
0,0,0.142965
0,0,0.143114
0,0,0.143165
0,0,0.143282
0,0,0.143524
0,0,0.143595
0,0,0.143902
0,0,0.144087
0,0,0.144123
0,0,0.144201
0,0,0.144351
0,0,0.14442
0,0,0.14448
0,0,0.144508
0,0,0.144564
0,0,0.144614
0,0,0.145158
0,0,0.145173
0,0,0.145206
0,0,0.145415
0,0,0.145487
0,0,0.145804
0,0,0.145924
0,0,0.146121
0,0,0.14626
0,0,0.146309
0,0,0.146337
0,0,0.146431
0,0,0.146569
0,0,0.146591
0,0,0.14684
0,0,0.146874
0,0,0.147048
0,0,0.147177
0,0,0.147222
0,0,0.147414
0,0,0.147427
0,0,0.147668
0,0,0.147748
0,0,0.148268
0,0,0.148625
0,0,0.148936
0,0,0.148962
0,0,0.148966
0,0,0.149226
0,0,0.149428
0,0,0.149512
0,0,0.149682
0,0,0.149739
0,0,0.15002
0,0,0.150045
0,0,0.150291
0,0,0.15064
0,0,0.150714
0,0,0.150762
0,0,0.150791
0,0,0.150881
0,0,0.150939
0,0,0.151043
0,0,0.151842
0,0,0.151925
0,0,0.151932
0,0,0.152177
0,0,0.152183
0,0,0.152877
0,0,0.152901
0,0,0.152949
0,0,0.153141
0,0,0.153218
0,0,0.153989
0,0,0.154742
0,0,0.155217
0,0,0.155494
0,0,0.155719
0,0,0.155798
0,0,0.155992
0,0,0.156092
0,0,0.156247
0,0,0.156413
0,0,0.156496
0,0,0.156653
0,0,0.156772
0,0,0.156967
0,0,0.157501
0,0,0.157947
0,0,0.15819
0,0,0.158384
0,0,0.158484
0,0,0.158699
0,0,0.158838
0,0,0.158895
0,0,0.15923
0,0,0.159233
0,0,0.159308
0,0,0.159312
0,0,0.159472
0,0,0.159504
0,0,0.159602
0,0,0.160312
0,0,0.160473
0,0,0.160546
0,0,0.16091
0,0,0.161241
0,0,0.161463
0,0,0.16162
0,0,0.161838
0,0,0.161882
0,0,0.161898
0,0,0.162092
0,0,0.162213
0,0,0.162523
0,0,0.162718
0,0,0.162754
0,0,0.162858
0,0,0.162929
0,0,0.163524
0,0,0.163779
0,0,0.163868
0,0,0.164104
0,0,0.16415
0,0,0.164332
0,0,0.164515
0,0,0.164524
0,0,0.165002
0,0,0.165092
0,0,0.165259
0,0,0.165644
0,0,0.165804
0,0,0.165916
0,0,0.166062
0,0,0.166187
0,0,0.166207
0,0,0.166303
0,0,0.166436
0,0,0.166446
0,0,0.16656
0,0,0.16682
0,0,0.166855
0,0,0.167668
0,0,0.167846
0,0,0.167911
0,0,0.167976
0,0,0.168065
0,0,0.168381
0,0,0.168407
0,0,0.168561
0,0,0.168797
0,0,0.168821
0,0,0.169074
0,0,0.169288
0,0,0.169476
0,0,0.169579
0,0,0.169614
0,0,0.170032
0,0,0.170138
0,0,0.170183
0,0,0.170216
0,0,0.170478
0,0,0.170668
0,0,0.170941
0,0,0.171062
0,0,0.171124
0,0,0.171922
0,0,0.172095
0,0,0.172257
0,0,0.172279
0,0,0.172514
0,0,0.172733
0,0,0.172901
0,0,0.173517
0,0,0.173884
0,0,0.174097
0,0,0.174305
0,0,0.174351
0,0,0.174482
0,0,0.174735
0,0,0.174834
0,0,0.17484
0,0,0.174997
0,0,0.175121
0,0,0.17542
0,0,0.175552
0,0,0.175721
0,0,0.176046
0,0,0.176221
0,0,0.176777
0,0,0.177119
0,0,0.177628
0,0,0.177708
0,0,0.177978
0,0,0.178115
0,0,0.178216
0,0,0.178322
0,0,0.178543
0,0,0.178901
0,0,0.178989
0,0,0.17906
0,0,0.17926
0,0,0.179306
0,0,0.1796
0,0,0.179828
0,0,0.179915
0,0,0.18024
0,0,0.180303
0,0,0.180387
0,0,0.18076
0,0,0.180835
0,0,0.180896
0,0,0.180994
0,0,0.18158
0,0,0.1816
0,0,0.181649
0,0,0.182063
0,0,0.18219
0,0,0.182436
0,0,0.182514
0,0,0.18274
0,0,0.183227
0,0,0.183227
0,0,0.183258
0,0,0.183387
0,0,0.183408
0,0,0.183533
0,0,0.18365
0,0,0.183922
0,0,0.184039
0,0,0.184934
0,0,0.185539
0,0,0.185797
0,0,0.185876
0,0,0.185884
0,0,0.18595
0,0,0.186001
0,0,0.186252
0,0,0.186469
0,0,0.186732
0,0,0.186828
0,0,0.187324
0,0,0.187537
0,0,0.18773
0,0,0.187768
0,0,0.187795
0,0,0.187814
0,0,0.18792
0,0,0.188177
0,0,0.188351
0,0,0.188357
0,0,0.188443
0,0,0.188845
0,0,0.189071
0,0,0.189261
0,0,0.189292
0,0,0.189574
0,0,0.189669
0,0,0.189921
0,0,0.190293
0,0,0.190432
0,0,0.190863
0,0,0.191187
0,0,0.191349
0,0,0.191678
0,0,0.192074
0,0,0.192104
0,0,0.192501
0,0,0.192731
0,0,0.192806
0,0,0.192849
0,0,0.193693
0,0,0.193979
0,0,0.194289
0,0,0.195231
0,0,0.195274
0,0,0.195355
0,0,0.195608
0,0,0.195796
0,0,0.195813
0,0,0.195877
0,0,0.196011
0,0,0.196094
0,0,0.196146
0,0,0.196833
0,0,0.196982
0,0,0.197574
0,0,0.197675
0,0,0.200958
0,0,0.201216
0,0,0.201697
0,0,0.201752
0,0,0.2019
0,0,0.202246
0,0,0.202273
0,0,0.203074
0,0,0.203579
0,0,0.203968
0,0,0.204401
0,0,0.204457
0,0,0.205039
0,0,0.205089
0,0,0.20515
0,0,0.205269
0,0,0.20555
0,0,0.205663
0,0,0.205868
0,0,0.205958
0,0,0.206609
0,0,0.206858
0,0,0.207711
0,0,0.207778
0,0,0.209256
0,0,0.209643
0,0,0.210277
0,0,0.210555
0,0,0.210597
0,0,0.210682
0,0,0.21076
0,0,0.210837
0,0,0.211004
0,0,0.211055
0,0,0.211317
0,0,0.211338
0,0,0.211562
0,0,0.21169
0,0,0.211786
0,0,0.211816
0,0,0.212283
0,0,0.212759
0,0,0.213206
0,0,0.213514
0,0,0.214543
0,0,0.214571
0,0,0.214596
0,0,0.214712
0,0,0.214989
0,0,0.214991
0,0,0.215168
0,0,0.215269
0,0,0.216698
0,0,0.216705
0,0,0.217199
0,0,0.217538
0,0,0.218761
0,0,0.218845
0,0,0.219255
0,0,0.219413
0,0,0.219881
0,0,0.221034
0,0,0.221247
0,0,0.221625
0,0,0.22169
0,0,0.221938
0,0,0.221964
0,0,0.222094
0,0,0.222103
0,0,0.222315
0,0,0.223018
0,0,0.223643
0,0,0.223686
0,0,0.223941
0,0,0.224367
0,0,0.225021
0,0,0.225152
0,0,0.225247
0,0,0.225335
0,0,0.225599
0,0,0.226323
0,0,0.226517
0,0,0.226523
0,0,0.226845
0,0,0.228101
0,0,0.228928
0,0,0.229472
0,0,0.230111
0,0,0.230135
0,0,0.231042
0,0,0.231309
0,0,0.231397
0,0,0.232736
0,0,0.23294
0,0,0.233249
0,0,0.233396
0,0,0.233436
0,0,0.23371
0,0,0.234604
0,0,0.23468
0,0,0.234694
0,0,0.234905
0,0,0.236212
0,0,0.236848
0,0,0.237597
0,0,0.237975
0,0,0.238073
0,0,0.238148
0,0,0.238687
0,0,0.240575
0,0,0.241002
0,0,0.24117
0,0,0.241287
0,0,0.241405
0,0,0.241841
0,0,0.242174
0,0,0.242268
0,0,0.242626
0,0,0.242637
0,0,0.24276
0,0,0.243258
0,0,0.243315
0,0,0.244066
0,0,0.24448
0,0,0.245129
0,0,0.245171
0,0,0.245198
0,0,0.245379
0,0,0.245765
0,0,0.246194
0,0,0.246501
0,0,0.247322
0,0,0.24742
0,0,0.247471
0,0,0.247474
0,0,0.247641
0,0,0.247728
0,0,0.25077
0,0,0.251477
0,0,0.251535
0,0,0.251951
0,0,0.253002
0,0,0.253666
0,0,0.254268
0,0,0.255057
0,0,0.256145
0,0,0.257419
0,0,0.257553
0,0,0.258538
0,0,0.259004
0,0,0.259307
0,0,0.259985
0,0,0.260116
0,0,0.260226
0,0,0.261549
0,0,0.264196
0,0,0.264553
0,0,0.264768
0,0,0.265854
0,0,0.266203
0,0,0.266685
0,0,0.266765
0,0,0.266989
0,0,0.268057
0,0,0.26827
0,0,0.268337
0,0,0.268564
0,0,0.269175
0,0,0.270306
0,0,0.270394
0,0,0.271574
0,0,0.271606
0,0,0.271611
0,0,0.272329
0,0,0.272511
0,0,0.272584
0,0,0.272616
0,0,0.274287
0,0,0.276673
0,0,0.276982
0,0,0.277296
0,0,0.278302
0,0,0.279845
0,0,0.280143
0,0,0.28103
0,0,0.281691
0,0,0.281862
0,0,0.28205
0,0,0.282304
0,0,0.283224
0,0,0.283812
0,0,0.285878
0,0,0.286034
0,0,0.290181
0,0,0.290565
0,0,0.291941
0,0,0.292487
0,0,0.294079
0,0,0.294615
0,0,0.294805
0,0,0.295073
0,0,0.295859
0,0,0.297522
0,0,0.300041
0,0,0.300343
0,0,0.302268
0,0,0.302753
0,0,0.30314
0,0,0.305258
0,0,0.30565
0,0,0.308658
0,0,0.309078
0,0,0.312112
0,0,0.312937
0,0,0.313007
0,0,0.313171
0,0,0.313257
0,0,0.313297
0,0,0.314173
0,0,0.31477
0,0,0.315042
0,0,0.316955
0,0,0.319099
0,0,0.319975
0,0,0.321238
0,0,0.321756
0,0,0.322501
0,0,0.322553
0,0,0.325097
0,0,0.325582
0,0,0.327307
0,0,0.327817
0,0,0.328276
0,0,0.330073
0,0,0.330088
0,0,0.330424
0,0,0.331253
0,0,0.332758
0,0,0.333048
0,0,0.333989
0,0,0.336119
0,0,0.336642
0,0,0.337352
0,0,0.33861
0,0,0.339612
0,0,0.341522
0,0,0.343013
0,0,0.343096
0,0,0.344121
0,0,0.344285
0,0,0.346491
0,0,0.348294
0,0,0.3494
0,0,0.349757
0,0,0.350471
0,0,0.353033
0,0,0.353534
0,0,0.353884
0,0,0.355883
0,0,0.356443
0,0,0.357871
0,0,0.357906
0,0,0.358662
0,0,0.359445
0,0,0.360704
0,0,0.362539
0,0,0.364025
0,0,0.365111
0,0,0.365438
0,0,0.365546
0,0,0.366187
0,0,0.36666
0,0,0.36738
0,0,0.368786
0,0,0.368918
0,0,0.372614
0,0,0.372695
0,0,0.373585
0,0,0.374297
0,0,0.375108
0,0,0.376356
0,0,0.377415
0,0,0.377998
0,0,0.379258
0,0,0.381025
0,0,0.383412
0,0,0.383688
0,0,0.383959
0,0,0.384224
0,0,0.384617
0,0,0.385998
0,0,0.388245
0,0,0.393336
0,0,0.395743
0,0,0.398414
0,0,0.399702
0,0,0.402529
0,0,0.408048
0,0,0.410483
0,0,0.411027
0,0,0.411438
0,0,0.411997
0,0,0.41567
0,0,0.419514
0,0,0.419596
0,0,0.425556
0,0,0.426411
0,0,0.431412
0,0,0.433385
0,0,0.440791
0,0,0.441032
0,0,0.441736
0,0,0.444007
0,0,0.447896
0,0,0.450064
0,0,0.452351
0,0,0.465459
0,0,0.467481
0,0,0.468377
0,0,0.470198
0,0,0.473673
0,0,0.475018
0,0,0.475345
0,0,0.484921
0,0,0.485258
0,0,0.489522
0,0,0.492232
0,0,0.493447
0,0,0.493641
0,0,0.501626
0,0,0.501828
0,0,0.502347
0,0,0.507197
0,0,0.514732
0,0,0.51872
0,0,0.51974
0,0,0.522045
0,0,0.528399
0,0,0.534203
0,0,0.541873
0,0,0.544327
0,0,0.545692
0,0,0.547513
0,0,0.548367
0,0,0.555854
0,0,0.565044
0,0,0.572467
0,0,0.599545
0,0,0.60546
0,0,0.620225
0,0,0.650905
0,0,0.660812
0,0,0.687169
0,0,0.688698
0,0,0.702228
0,0,0.740304
0,0,0.753476
0,0,0.768469
0,0,0.769247
0,0,0.770811
0,0,0.813956
0,0,0.841492
0,0,0.842705
0,0,0.861881
0,0,0.910649
0,0,0.936018
0,0,1.38936
0,0,3
1,1.63775,1.70903
1,1.34819,1.36993
1,1.30226,1.30618
1,1.29381,1.29696
1,1.0843,1.14734
1,1.03639,1.32692
1,1.02804,1.43876
1,0.945008,1.05067
1,0.936256,1.01482
1,0.897152,0.965227
1,0.873585,0.875346
1,0.828779,1.08696
1,0.827769,1.00988
1,0.809664,1.0822
1,0.792425,0.855935
1,0.784968,0.921404
1,0.783276,1.18388
1,0.776449,0.780553
1,0.775564,0.905973
1,0.757653,0.766724
1,0.75637,0.838832
1,0.755426,0.777036
1,0.736108,0.752105
1,0.715235,0.856807
1,0.700695,0.795457
1,0.69057,0.898064
1,0.677227,0.677813
1,0.661265,0.69232
1,0.660921,0.837078
1,0.638038,0.708179
1,0.629133,0.642673
1,0.623891,0.646041
1,0.619076,0.655451
1,0.613955,0.684178
1,0.612437,0.643379
1,0.607497,0.621134
1,0.604958,0.667714
1,0.597054,0.641362
1,0.579154,0.640213
1,0.578375,0.599536
1,0.577483,1.15753
1,0.575725,0.749551
1,0.569948,0.613494
1,0.568525,0.679102
1,0.563366,0.595869
1,0.55845,0.579118
1,0.558342,0.580799
1,0.556824,0.674469
1,0.554394,1.14626
1,0.554134,0.728661
1,0.546564,0.643827
1,0.544804,0.561384
1,0.54245,0.644243
1,0.540387,0.545184
1,0.539963,0.635114
1,0.536237,0.636776
1,0.532106,0.594923
1,0.527906,0.748742
1,0.520949,0.594732
1,0.520278,0.742368
1,0.51905,0.533432
1,0.49997,0.834271
1,0.499134,0.546119
1,0.497295,0.631712
1,0.497096,0.531313
1,0.494405,0.519503
1,0.49025,0.504106
1,0.488552,0.649603
1,0.485941,0.69858
1,0.485736,0.56733
1,0.484339,0.565339
1,0.48154,0.536128
1,0.480224,0.582629
1,0.477703,0.490019
1,0.477004,0.549447
1,0.474843,0.523605
1,0.469841,0.479681
1,0.460309,0.569408
1,0.458616,0.701333
1,0.452474,0.489111
1,0.452091,0.463219
1,0.450711,0.53402
1,0.446902,0.463319
1,0.446459,0.470626
1,0.442691,0.458143
1,0.439881,0.456563
1,0.437528,0.46143
1,0.437349,0.606787
1,0.435993,0.504612
1,0.433639,0.441429
1,0.430306,0.453723
1,0.427798,0.53842
1,0.424815,0.446309
1,0.42393,0.440349
1,0.423042,0.425611
1,0.420651,0.431262
1,0.414993,0.423583
1,0.413432,0.426335
1,0.413337,0.554483
1,0.411425,0.446813
1,0.407409,0.434553
1,0.407096,0.441768
1,0.400117,0.445244
1,0.396427,0.897052
1,0.39542,0.398602
1,0.392592,0.42346
1,0.392146,0.421992
1,0.390345,0.433822
1,0.38774,0.402461
1,0.386945,0.408816
1,0.384012,0.408026
1,0.383596,0.425747
1,0.383074,0.395024
1,0.380983,0.389855
1,0.375884,0.520245
1,0.367218,0.383043
1,0.365299,0.36636
1,0.362798,0.395891
1,0.359783,0.52516
1,0.359248,0.384304
1,0.359211,0.368419
1,0.35681,0.433468
1,0.356495,0.357543
1,0.354788,0.406393
1,0.354749,0.488784
1,0.352159,0.362374
1,0.350948,0.443072
1,0.350038,0.481802
1,0.345418,0.357553
1,0.342759,0.431849
1,0.34192,0.478017
1,0.341504,0.347219
1,0.341303,0.531353
1,0.34026,0.414373
1,0.339424,0.352797
1,0.338784,0.501979
1,0.336831,0.464861
1,0.336565,0.375105
1,0.336026,0.384405
1,0.335885,0.448676
1,0.33584,0.340336
1,0.333513,0.367076
1,0.333121,0.3939
1,0.33116,0.417019
1,0.330946,0.515468
1,0.329872,0.338404
1,0.329002,0.500518
1,0.327774,0.365069
1,0.327699,0.336658
1,0.319689,0.441333
1,0.318371,0.321701
1,0.316672,0.357658
1,0.314624,0.501276
1,0.314138,0.348129
1,0.313857,0.411027
1,0.31347,0.31721
1,0.308175,0.323745
1,0.308134,0.309753
1,0.306398,0.322361
1,0.305307,0.308945
1,0.305281,0.325172
1,0.303148,0.305792
1,0.302758,0.350923
1,0.30171,0.352144
1,0.301097,0.311892
1,0.300258,0.330605
1,0.300216,0.370906
1,0.300076,0.34269
1,0.299901,0.300071
1,0.299796,0.310072
1,0.299307,0.355924
1,0.298557,0.36349
1,0.297615,0.335987
1,0.297574,0.435017
1,0.297536,0.339515
1,0.297498,0.312292
1,0.297056,0.319232
1,0.296568,0.310929
1,0.296392,0.398982
1,0.295967,0.304442
1,0.295928,0.316475
1,0.295881,0.378114
1,0.2958,0.307123
1,0.295347,0.382064
1,0.29499,0.33932
1,0.292959,0.314106
1,0.290324,0.366354
1,0.290151,0.390241
1,0.288486,0.338922
1,0.288195,0.366881
1,0.28568,0.340082
1,0.284556,0.304627
1,0.283971,0.285973
1,0.283039,0.300624
1,0.282952,0.299126
1,0.282696,0.305335
1,0.281785,0.300212
1,0.281754,0.595583
1,0.280341,0.447892
1,0.279295,0.3188
1,0.278045,0.302199
1,0.27733,0.358213
1,0.276155,0.34056
1,0.275575,0.311099
1,0.274347,0.393244
1,0.274228,0.283141
1,0.274017,0.376738
1,0.272491,0.337953
1,0.270767,0.294412
1,0.270421,0.368054
1,0.269865,0.31126
1,0.269812,0.288052
1,0.269558,0.292097
1,0.268418,0.278475
1,0.265268,0.416781
1,0.265207,0.325161
1,0.265168,0.337621
1,0.263772,0.335587
1,0.262827,0.3041
1,0.26195,0.270695
1,0.261067,0.262852
1,0.259676,0.42251
1,0.259342,0.26826
1,0.259035,0.295439
1,0.25874,0.327708
1,0.25867,0.306743
1,0.258613,0.318737
1,0.257435,0.369078
1,0.256926,0.271076
1,0.256299,0.384356
1,0.255385,0.275823
1,0.254734,0.414582
1,0.254344,0.292668
1,0.252058,0.332104
1,0.251053,0.26568
1,0.25079,0.252024
1,0.250693,0.290216
1,0.249963,0.324089
1,0.247788,0.29528
1,0.246583,0.260011
1,0.246182,0.375297
1,0.244107,0.256731
1,0.243709,0.246981
1,0.243059,0.287673
1,0.242674,0.306659
1,0.241794,0.260818
1,0.241317,0.250342
1,0.24114,0.256711
1,0.239842,0.335809
1,0.239769,0.362866
1,0.239417,0.266223
1,0.238883,0.285791
1,0.238778,0.251247
1,0.238745,0.285025
1,0.237734,0.244558
1,0.237723,0.240482
1,0.237656,0.287123
1,0.23741,0.243118
1,0.237392,0.252195
1,0.237094,0.286246
1,0.235907,0.274019
1,0.234701,0.323481
1,0.233422,0.327446
1,0.232077,0.31221
1,0.231011,0.232461
1,0.23029,0.282152
1,0.229655,0.305523
1,0.229092,0.338578
1,0.228426,0.249577
1,0.228364,0.251963
1,0.227674,0.232339
1,0.2276,0.246239
1,0.226682,0.283808
1,0.226135,0.239295
1,0.224881,0.321786
1,0.22338,0.346569
1,0.223005,0.314876
1,0.222235,0.225573
1,0.221697,0.250982
1,0.221551,0.249823
1,0.220731,0.234069
1,0.219626,0.267669
1,0.21961,0.234445
1,0.219357,0.284303
1,0.219285,0.268586
1,0.218672,0.235489
1,0.21864,0.225769
1,0.218399,0.269225
1,0.218185,0.225084
1,0.218151,0.226214
1,0.218105,0.279618
1,0.217933,0.236438
1,0.217816,0.238222
1,0.217408,0.260634
1,0.216966,0.217713
1,0.21592,0.216531
1,0.215888,0.269966
1,0.21534,0.238197
1,0.214974,0.22524
1,0.213957,0.284804
1,0.213581,0.323158
1,0.212666,0.26285
1,0.212493,0.362191
1,0.211464,0.219245
1,0.211362,0.243753
1,0.210781,0.219359
1,0.209611,0.233295
1,0.20888,0.225831
1,0.20828,0.243767
1,0.206514,0.212268
1,0.205942,0.215439
1,0.205735,0.214851
1,0.205416,0.23885
1,0.20517,0.258784
1,0.204913,0.243649
1,0.204766,0.243055
1,0.204765,0.253043
1,0.204068,0.207077
1,0.20318,0.215911
1,0.202458,0.2609
1,0.201714,0.238087
1,0.201277,0.207935
1,0.200631,0.218371
1,0.200334,0.205201
1,0.200114,0.237119
1,0.197489,0.336619
1,0.196431,0.202075
1,0.196386,0.228713
1,0.196193,0.208898
1,0.195603,0.25788
1,0.195446,0.214755
1,0.195119,0.24994
1,0.194841,0.236844
1,0.194083,0.221695
1,0.193539,0.214628
1,0.190903,0.222701
1,0.19082,0.301205
1,0.190708,0.245739
1,0.190527,0.288432
1,0.190065,0.270202
1,0.189909,0.22124
1,0.189056,0.252039
1,0.18886,0.19661
1,0.188466,0.197557
1,0.188151,0.304575
1,0.187923,0.252604
1,0.187709,0.187725
1,0.186827,0.243157
1,0.186377,0.187528
1,0.18529,0.207865
1,0.1848,0.224067
1,0.184607,0.2269
1,0.183478,0.18486
1,0.182719,0.219487
1,0.182178,0.218828
1,0.181279,0.19659
1,0.180802,0.267401
1,0.180757,0.241366
1,0.179865,0.189845
1,0.178601,0.178634
1,0.178026,0.188146
1,0.177912,0.203432
1,0.177251,0.180276
1,0.176941,0.181591
1,0.176045,0.21493
1,0.175955,0.205588
1,0.175445,0.223175
1,0.174745,0.179894
1,0.174699,0.201266
1,0.174689,0.235621
1,0.174529,0.175186
1,0.172802,0.178091
1,0.172293,0.216438
1,0.171673,0.206404
1,0.171053,0.187676
1,0.170974,0.224771
1,0.170563,0.174518
1,0.170077,0.187032
1,0.169672,0.180336
1,0.168832,0.178876
1,0.168559,0.185343
1,0.168401,0.194577
1,0.168283,0.242911
1,0.166564,0.198488
1,0.165333,0.174576
1,0.165114,0.176729
1,0.164764,0.276269
1,0.164156,0.17335
1,0.164004,0.184321
1,0.16387,0.2213
1,0.162909,0.194675
1,0.162299,0.200673
1,0.160764,0.172953
1,0.160721,0.18997
1,0.160611,0.19788
1,0.160363,0.170928
1,0.160348,0.17291
1,0.16001,0.195254
1,0.158992,0.175857
1,0.158916,0.19962
1,0.158885,0.174769
1,0.1588,0.179543
1,0.157352,0.173801
1,0.156887,0.175695
1,0.155342,0.181788
1,0.155315,0.161407
1,0.154884,0.178764
1,0.154436,0.171227
1,0.154088,0.163515
1,0.153444,0.15607
1,0.151693,0.178437
1,0.151383,0.182199
1,0.150726,0.165746
1,0.15043,0.15752
1,0.150364,0.213682
1,0.149659,0.184243
1,0.149397,0.15053
1,0.149342,0.199602
1,0.148445,0.160654
1,0.148325,0.19674
1,0.147603,0.166505
1,0.147501,0.168235
1,0.146463,0.192246
1,0.146399,0.167788
1,0.146223,0.173905
1,0.146133,0.16026
1,0.145079,0.16745
1,0.145018,0.250371
1,0.145015,0.171317
1,0.144832,0.177032
1,0.144787,0.155821
1,0.144778,0.219379
1,0.144266,0.146976
1,0.144236,0.146072
1,0.143787,0.154696
1,0.143415,0.14881
1,0.143139,0.144968
1,0.142525,0.296745
1,0.141764,0.142427
1,0.141633,0.144943
1,0.141446,0.159377
1,0.140745,0.152175
1,0.140372,0.184851
1,0.138791,0.158469
1,0.138277,0.161611
1,0.138073,0.186427
1,0.137009,0.140031
1,0.136815,0.142838
1,0.136726,0.179923
1,0.13655,0.138236
1,0.136318,0.159809
1,0.135786,0.136036
1,0.135717,0.194227
1,0.135637,0.152566
1,0.134563,0.154625
1,0.133752,0.159677
1,0.133687,0.134444
1,0.133162,0.141684
1,0.130729,0.130909
1,0.130169,0.149705
1,0.128697,0.13587
1,0.128427,0.155684
1,0.128183,0.151775
1,0.128178,0.13801
1,0.128156,0.129297
1,0.128108,0.142284
1,0.127941,0.147642
1,0.12623,0.136809
1,0.126029,0.134501
1,0.125578,0.178552
1,0.125412,0.170199
1,0.124765,0.163176
1,0.12453,0.127499
1,0.124284,0.142306
1,0.124145,0.142191
1,0.123552,0.130009
1,0.121973,0.127201
1,0.121865,0.129439
1,0.121839,0.150113
1,0.120708,0.130504
1,0.119689,0.12459
1,0.118074,0.137377
1,0.117794,0.119113
1,0.117723,0.134147
1,0.117376,0.117868
1,0.117248,0.12596
1,0.115848,0.122004
1,0.115561,0.157562
1,0.113118,0.115803
1,0.112279,0.116633
1,0.112066,0.123579
1,0.110882,0.132063
1,0.110478,0.128328
1,0.109651,0.127931
1,0.109549,0.140793
1,0.10886,0.136152
1,0.10788,0.137413
1,0.106549,0.140329
1,0.105783,0.115635
1,0.104386,0.13818
1,0.103737,0.116882
1,0.102657,0.113863
1,0.102293,0.114599
1,0.102046,0.115751
1,0.101646,0.108264
1,0.101128,0.126786
1,0.100186,0.101527
1,0.099256,0.144044
1,0.0937884,0.117868
1,0.093541,0.0951569
1,0.0931358,0.135064
1,0.0915634,0.0946873
1,0.0891983,0.112675
1,0.0841637,0.107228
1,0.0819847,0.085585
1,0.0774911,0.0869225
1,0.0758185,0.100907
1,0.0751443,0.075635
1,0.0746545,0.0893524
1,0.0611961,0.0685793
1,0.0515769,0.0549667
2,1.54991,1.55299
2,1.46028,1.57176
2,1.24373,1.34285
2,1.17374,1.23193
2,0.930288,0.937411
2,0.642914,0.668613
2,0.624555,0.644346
2,0.615882,0.629618
2,0.606011,0.609661
2,0.605933,0.638597
2,0.601673,0.608093
2,0.556268,0.559184
2,0.554745,0.65088
2,0.545116,0.549566
2,0.53718,0.549646
2,0.523654,0.581663
2,0.485165,0.51083
2,0.484211,0.507194
2,0.454772,0.509141
2,0.45111,0.465878
2,0.446037,0.448227
2,0.446037,0.453932
2,0.434398,0.442782
2,0.433052,0.435917
2,0.423276,0.473088
2,0.413146,0.416031
2,0.411158,0.447671
2,0.407761,0.441422
2,0.405164,0.417484
2,0.396162,0.397742
2,0.394381,0.454659
2,0.390727,0.429957
2,0.387334,0.41089
2,0.374863,0.375929
2,0.364994,0.365936
2,0.363831,0.382384
2,0.357271,0.363764
2,0.347109,0.363301
2,0.339175,0.367686
2,0.336481,0.348819
2,0.334039,0.335651
2,0.32402,0.353007
2,0.301934,0.310046
2,0.298521,0.308573
2,0.294144,0.305366
2,0.288097,0.311637
2,0.287235,0.296857
2,0.260498,0.261747
2,0.252522,0.262125
2,0.249652,0.270611
2,0.242852,0.275985
2,0.240424,0.245861
2,0.238513,0.239759
2,0.227052,0.229006
2,0.221045,0.226847
2,0.200945,0.222501
2,0.189385,0.193591
2,0.18184,0.186229
2,0.180127,0.187205
2,0.179951,0.180023
2,0.176496,0.181424
2,0.155856,0.165329
2,0.151793,0.157786
2,0.133053,0.137713
2,0.129,0.137744
2,0.124459,0.129526
