point cloud with 2373 points in dimension 3
0,0,0.0106276
0,0,0.0114911
0,0,0.0128846
0,0,0.0130493
0,0,0.0130866
0,0,0.013483
0,0,0.0141591
0,0,0.014465
0,0,0.0144727
0,0,0.0152481
0,0,0.0157847
0,0,0.0169146
0,0,0.0173568
0,0,0.0175091
0,0,0.0175609
0,0,0.0176363
0,0,0.0178252
0,0,0.0180888
0,0,0.0184821
0,0,0.0191072
0,0,0.0194108
0,0,0.0195271
0,0,0.0198552
0,0,0.0201727
0,0,0.0208064
0,0,0.020813
0,0,0.0211039
0,0,0.0211136
0,0,0.0212158
0,0,0.0212227
0,0,0.0213386
0,0,0.0213641
0,0,0.0213682
0,0,0.0222448
0,0,0.0225916
0,0,0.0228852
0,0,0.0229906
0,0,0.0230269
0,0,0.0235028
0,0,0.0239259
0,0,0.0239457
0,0,0.0240342
0,0,0.0241016
0,0,0.0241476
0,0,0.024237
0,0,0.0242798
0,0,0.024382
0,0,0.0245481
0,0,0.0245619
0,0,0.0246133
0,0,0.0250621
0,0,0.0252064
0,0,0.0253096
0,0,0.0253567
0,0,0.0255323
0,0,0.0256533
0,0,0.0256756
0,0,0.0258043
0,0,0.0258914
0,0,0.0259101
0,0,0.0259689
0,0,0.0260576
0,0,0.0270699
0,0,0.0273092
0,0,0.0274337
0,0,0.0275213
0,0,0.0275454
0,0,0.0277001
0,0,0.0277074
0,0,0.0277653
0,0,0.0278325
0,0,0.0279725
0,0,0.0280227
0,0,0.0282575
0,0,0.0284305
0,0,0.0284438
0,0,0.0288742
0,0,0.0289433
0,0,0.0291429
0,0,0.0291549
0,0,0.029255
0,0,0.0292573
0,0,0.0294119
0,0,0.0295775
0,0,0.0296214
0,0,0.0296289
0,0,0.0296322
0,0,0.0296482
0,0,0.029649
0,0,0.0303844
0,0,0.0306361
0,0,0.0307788
0,0,0.0309907
0,0,0.031081
0,0,0.0314362
0,0,0.0316379
0,0,0.0319097
0,0,0.0320136
0,0,0.0322147
0,0,0.0323297
0,0,0.0324776
0,0,0.0325514
0,0,0.0325627
0,0,0.0326965
0,0,0.0327775
0,0,0.032837
0,0,0.0329439
0,0,0.0330093
0,0,0.0330431
0,0,0.033049
0,0,0.0331714
0,0,0.0332659
0,0,0.0334156
0,0,0.0335352
0,0,0.0337573
0,0,0.0339776
0,0,0.0341267
0,0,0.0341986
0,0,0.0344289
0,0,0.0344294
0,0,0.0344601
0,0,0.0346456
0,0,0.0346867
0,0,0.0347485
0,0,0.0348615
0,0,0.0350757
0,0,0.0350788
0,0,0.035092
0,0,0.035097
0,0,0.0354297
0,0,0.0354679
0,0,0.0356691
0,0,0.035698
0,0,0.0359257
0,0,0.0359297
0,0,0.035963
0,0,0.0361289
0,0,0.0362493
0,0,0.0362972
0,0,0.0365259
0,0,0.0367705
0,0,0.0368031
0,0,0.0371121
0,0,0.0372047
0,0,0.0372057
0,0,0.037546
0,0,0.0376251
0,0,0.0378051
0,0,0.0378564
0,0,0.0381147
0,0,0.0381803
0,0,0.0382131
0,0,0.0382522
0,0,0.038657
0,0,0.0386753
0,0,0.038688
0,0,0.0387814
0,0,0.0388957
0,0,0.0389806
0,0,0.0391824
0,0,0.0393164
0,0,0.0395188
0,0,0.0396551
0,0,0.0398188
0,0,0.0398818
0,0,0.0399346
0,0,0.0399371
0,0,0.0399373
0,0,0.0401856
0,0,0.0405273
0,0,0.0405499
0,0,0.0405936
0,0,0.040667
0,0,0.041118
0,0,0.0411952
0,0,0.0412335
0,0,0.0413433
0,0,0.0416086
0,0,0.0416673
0,0,0.0416756
0,0,0.0417876
0,0,0.0418366
0,0,0.0418536
0,0,0.0418811
0,0,0.0419456
0,0,0.0420374
0,0,0.0420813
0,0,0.0421573
0,0,0.0421649
0,0,0.0421762
0,0,0.0422277
0,0,0.0422832
0,0,0.0422939
0,0,0.0424216
0,0,0.0424962
0,0,0.0425521
0,0,0.0427954
0,0,0.0428187
0,0,0.0428933
0,0,0.0428986
0,0,0.0429773
0,0,0.0429949
0,0,0.0430597
0,0,0.0431011
0,0,0.0431297
0,0,0.0432523
0,0,0.043294
0,0,0.0435018
0,0,0.0435212
0,0,0.0436478
0,0,0.0437932
0,0,0.0438148
0,0,0.0440196
0,0,0.044028
0,0,0.0440564
0,0,0.0442879
0,0,0.0443132
0,0,0.0443309
0,0,0.0443516
0,0,0.0444757
0,0,0.0445169
0,0,0.0447185
0,0,0.0447388
0,0,0.0447761
0,0,0.0447967
0,0,0.0448698
0,0,0.0450352
0,0,0.0452302
0,0,0.0452303
0,0,0.0452404
0,0,0.0452425
0,0,0.0453189
0,0,0.0454051
0,0,0.0454467
0,0,0.0455087
0,0,0.0455957
0,0,0.0456256
0,0,0.0456445
0,0,0.0456492
0,0,0.0456622
0,0,0.0456813
0,0,0.0458475
0,0,0.0458522
0,0,0.0458709
0,0,0.0458767
0,0,0.0458859
0,0,0.046133
0,0,0.0461828
0,0,0.0461845
0,0,0.0463981
0,0,0.0464001
0,0,0.0464203
0,0,0.0465621
0,0,0.0467007
0,0,0.0467559
0,0,0.0468076
0,0,0.0468754
0,0,0.0469946
0,0,0.0470498
0,0,0.0470582
0,0,0.0470645
0,0,0.0471126
0,0,0.0471286
0,0,0.0471313
0,0,0.0474153
0,0,0.0475355
0,0,0.0475914
0,0,0.0477185
0,0,0.0477304
0,0,0.0478303
0,0,0.0480081
0,0,0.0480683
0,0,0.0481006
0,0,0.0482144
0,0,0.0482267
0,0,0.0483604
0,0,0.048405
0,0,0.0484095
0,0,0.048486
0,0,0.048545
0,0,0.0485593
0,0,0.0485759
0,0,0.0486562
0,0,0.0487883
0,0,0.0488713
0,0,0.0489503
0,0,0.0489804
0,0,0.0490398
0,0,0.0490695
0,0,0.0490721
0,0,0.0493372
0,0,0.0494306
0,0,0.0494629
0,0,0.0494782
0,0,0.0496175
0,0,0.049621
0,0,0.0497678
0,0,0.0499702
0,0,0.0500222
0,0,0.0500822
0,0,0.0505094
0,0,0.0505569
0,0,0.0508969
0,0,0.0508985
0,0,0.0509907
0,0,0.051021
0,0,0.0510258
0,0,0.0510506
0,0,0.0510743
0,0,0.0513183
0,0,0.051442
0,0,0.0515109
0,0,0.0515111
0,0,0.0515568
0,0,0.0515701
0,0,0.0516078
0,0,0.0517194
0,0,0.0517833
0,0,0.0518752
0,0,0.0520983
0,0,0.052175
0,0,0.0522085
0,0,0.0522147
0,0,0.0522321
0,0,0.0522778
0,0,0.0522913
0,0,0.0522985
0,0,0.0523328
0,0,0.0524265
0,0,0.0525057
0,0,0.0526063
0,0,0.0526363
0,0,0.0527238
0,0,0.0527523
0,0,0.0528624
0,0,0.0528988
0,0,0.0530343
0,0,0.0531108
0,0,0.0531737
0,0,0.0532562
0,0,0.0532727
0,0,0.053313
0,0,0.0533505
0,0,0.0533721
0,0,0.0534167
0,0,0.0535433
0,0,0.0537341
0,0,0.0537606
0,0,0.0537724
0,0,0.0539048
0,0,0.0540133
0,0,0.0540464
0,0,0.0541148
0,0,0.0541271
0,0,0.0542022
0,0,0.054252
0,0,0.0542728
0,0,0.0542799
0,0,0.0543475
0,0,0.0543775
0,0,0.0543904
0,0,0.0544389
0,0,0.0544514
0,0,0.0544693
0,0,0.0544891
0,0,0.0545936
0,0,0.0546005
0,0,0.0546799
0,0,0.0547416
0,0,0.054759
0,0,0.0549462
0,0,0.0551064
0,0,0.0551072
0,0,0.0551825
0,0,0.0552625
0,0,0.055361
0,0,0.0553954
0,0,0.0554613
0,0,0.0554726
0,0,0.0554895
0,0,0.0555591
0,0,0.0557962
0,0,0.0558082
0,0,0.0558595
0,0,0.0559108
0,0,0.0559469
0,0,0.0560148
0,0,0.0560413
0,0,0.0560879
0,0,0.056249
0,0,0.0563134
0,0,0.0563417
0,0,0.0563417
0,0,0.0563492
0,0,0.0564036
0,0,0.0564198
0,0,0.0564639
0,0,0.0566739
0,0,0.0566969
0,0,0.0566983
0,0,0.0567998
0,0,0.0568953
0,0,0.0569325
0,0,0.0569635
0,0,0.0570228
0,0,0.05704
0,0,0.0572365
0,0,0.0573911
0,0,0.0574621
0,0,0.0575968
0,0,0.0576003
0,0,0.0577726
0,0,0.0578145
0,0,0.0578388
0,0,0.0579251
0,0,0.0579333
0,0,0.0580509
0,0,0.0580822
0,0,0.0581053
0,0,0.0581938
0,0,0.0584045
0,0,0.0584891
0,0,0.0585412
0,0,0.0585664
0,0,0.0585904
0,0,0.0586318
0,0,0.0587234
0,0,0.0587898
0,0,0.0588306
0,0,0.0589423
0,0,0.0590268
0,0,0.0591707
0,0,0.0591876
0,0,0.0592486
0,0,0.0592571
0,0,0.0592773
0,0,0.059282
0,0,0.0592878
0,0,0.0593267
0,0,0.0593433
0,0,0.0593841
0,0,0.0594483
0,0,0.0594799
0,0,0.0596245
0,0,0.0596863
0,0,0.0596914
0,0,0.0597136
0,0,0.0597753
0,0,0.0598588
0,0,0.0598693
0,0,0.0598891
0,0,0.0600025
0,0,0.0600277
0,0,0.0601468
0,0,0.0602351
0,0,0.0603157
0,0,0.0603451
0,0,0.0604909
0,0,0.06055
0,0,0.0605961
0,0,0.0606035
0,0,0.0606063
0,0,0.0606745
0,0,0.0609942
0,0,0.0610887
0,0,0.0611587
0,0,0.0612361
0,0,0.0613326
0,0,0.0613864
0,0,0.0615781
0,0,0.0616047
0,0,0.061622
0,0,0.0619927
0,0,0.0620472
0,0,0.06227
0,0,0.0623266
0,0,0.0623326
0,0,0.0623824
0,0,0.0623902
0,0,0.0624154
0,0,0.0624765
0,0,0.0626909
0,0,0.0627539
0,0,0.0627875
0,0,0.0628076
0,0,0.062897
0,0,0.0629241
0,0,0.0629979
0,0,0.0630457
0,0,0.063184
0,0,0.0632821
0,0,0.0634265
0,0,0.0634312
0,0,0.0635568
0,0,0.0635889
0,0,0.0636018
0,0,0.0636678
0,0,0.0636979
0,0,0.0639153
0,0,0.063994
0,0,0.0640311
0,0,0.0641555
0,0,0.0642018
0,0,0.0642702
0,0,0.0643861
0,0,0.0643861
0,0,0.0644151
0,0,0.0644365
0,0,0.0644529
0,0,0.0645276
0,0,0.0646278
0,0,0.0646599
0,0,0.064662
0,0,0.0647262
0,0,0.0647773
0,0,0.0647797
0,0,0.0648881
0,0,0.0649489
0,0,0.0650653
0,0,0.0651417
0,0,0.0652653
0,0,0.065333
0,0,0.065383
0,0,0.0653888
0,0,0.0655115
0,0,0.0655752
0,0,0.0656471
0,0,0.0656473
0,0,0.0656499
0,0,0.0656614
0,0,0.0657174
0,0,0.0659153
0,0,0.0659382
0,0,0.0661572
0,0,0.0661857
0,0,0.0662002
0,0,0.0662348
0,0,0.0662713
0,0,0.0665296
0,0,0.0665628
0,0,0.0667903
0,0,0.0668492
0,0,0.0668957
0,0,0.0670165
0,0,0.0671511
0,0,0.067161
0,0,0.0673524
0,0,0.0674102
0,0,0.0674537
0,0,0.0675059
0,0,0.0675947
0,0,0.0676279
0,0,0.0677578
0,0,0.0677982
0,0,0.0678271
0,0,0.0679637
0,0,0.0679933
0,0,0.0681131
0,0,0.0681949
0,0,0.068214
0,0,0.0682497
0,0,0.0683092
0,0,0.0683518
0,0,0.0684198
0,0,0.0684825
0,0,0.0685029
0,0,0.0685432
0,0,0.0685712
0,0,0.0686274
0,0,0.0686615
0,0,0.0686694
0,0,0.0686743
0,0,0.0686778
0,0,0.068699
0,0,0.0689366
0,0,0.0689451
0,0,0.0689531
0,0,0.0689567
0,0,0.0689586
0,0,0.0691122
0,0,0.0691159
0,0,0.0691935
0,0,0.0692276
0,0,0.0693278
0,0,0.0693301
0,0,0.0693872
0,0,0.0694708
0,0,0.0695042
0,0,0.0695733
0,0,0.0695942
0,0,0.0696209
0,0,0.0696306
0,0,0.0696432
0,0,0.0697141
0,0,0.0698226
0,0,0.0698255
0,0,0.0698589
0,0,0.0699266
0,0,0.0699539
0,0,0.0699608
0,0,0.0700034
0,0,0.0700353
0,0,0.0700792
0,0,0.0702639
0,0,0.0702911
0,0,0.0703624
0,0,0.0704064
0,0,0.0704692
0,0,0.0707202
0,0,0.0707424
0,0,0.0707781
0,0,0.0708079
0,0,0.0708079
0,0,0.0708203
0,0,0.0709254
0,0,0.0711069
0,0,0.0711124
0,0,0.0711196
0,0,0.071132
0,0,0.0711358
0,0,0.0711501
0,0,0.0712144
0,0,0.071215
0,0,0.0712762
0,0,0.0715203
0,0,0.0715459
0,0,0.0715569
0,0,0.0716123
0,0,0.0716775
0,0,0.0716864
0,0,0.0717333
0,0,0.071824
0,0,0.0718298
0,0,0.0719684
0,0,0.0719685
0,0,0.0720089
0,0,0.0720876
0,0,0.0720902
0,0,0.0722
0,0,0.0722791
0,0,0.0723495
0,0,0.072381
0,0,0.0724141
0,0,0.0726525
0,0,0.0728044
0,0,0.0728419
0,0,0.0728469
0,0,0.0729217
0,0,0.0729225
0,0,0.0729433
0,0,0.0730668
0,0,0.0730794
0,0,0.0731276
0,0,0.0731763
0,0,0.0732511
0,0,0.0733684
0,0,0.0734006
0,0,0.0734195
0,0,0.073425
0,0,0.0734451
0,0,0.0735127
0,0,0.0735708
0,0,0.0735824
0,0,0.0736744
0,0,0.0738531
0,0,0.0738557
0,0,0.0739737
0,0,0.0739797
0,0,0.0741763
0,0,0.0742284
0,0,0.0742814
0,0,0.074521
0,0,0.0746117
0,0,0.0746685
0,0,0.0747257
0,0,0.0747481
0,0,0.0748184
0,0,0.0754269
0,0,0.0754677
0,0,0.0754719
0,0,0.0756192
0,0,0.0756885
0,0,0.075758
0,0,0.0757635
0,0,0.0758176
0,0,0.0758609
0,0,0.0760332
0,0,0.0760527
0,0,0.076119
0,0,0.0761978
0,0,0.0762019
0,0,0.0762521
0,0,0.0762785
0,0,0.0762827
0,0,0.0763481
0,0,0.0763664
0,0,0.0763803
0,0,0.0764422
0,0,0.0764824
0,0,0.0765368
0,0,0.076542
0,0,0.0766965
0,0,0.0769719
0,0,0.0770571
0,0,0.0771033
0,0,0.0772613
0,0,0.0772803
0,0,0.0772939
0,0,0.0773203
0,0,0.0773401
0,0,0.0773755
0,0,0.0774031
0,0,0.0774834
0,0,0.0775269
0,0,0.0775351
0,0,0.0775461
0,0,0.0776473
0,0,0.0776582
0,0,0.0777697
0,0,0.077848
0,0,0.0778781
0,0,0.0779406
0,0,0.0779874
0,0,0.0780034
0,0,0.0780078
0,0,0.0780246
0,0,0.0782032
0,0,0.0782209
0,0,0.078263
0,0,0.0783511
0,0,0.0783543
0,0,0.0783781
0,0,0.0784593
0,0,0.0786495
0,0,0.0786539
0,0,0.0786884
0,0,0.0788192
0,0,0.0788999
0,0,0.0789242
0,0,0.0789627
0,0,0.0790581
0,0,0.0792531
0,0,0.0794001
0,0,0.0796152
0,0,0.0797679
0,0,0.0797774
0,0,0.0800199
0,0,0.0800256
0,0,0.0800811
0,0,0.0801112
0,0,0.080244
0,0,0.0803613
0,0,0.0803901
0,0,0.0805113
0,0,0.0806061
0,0,0.0806092
0,0,0.0806872
0,0,0.0807363
0,0,0.0807599
0,0,0.0808815
0,0,0.0810286
0,0,0.0812259
0,0,0.0812699
0,0,0.0813149
0,0,0.0813579
0,0,0.0813915
0,0,0.0815004
0,0,0.0815215
0,0,0.0815872
0,0,0.081719
0,0,0.0817735
0,0,0.0817952
0,0,0.081828
0,0,0.0819904
0,0,0.0823163
0,0,0.0823406
0,0,0.0823883
0,0,0.0824006
0,0,0.0824997
0,0,0.0825331
0,0,0.0825636
0,0,0.0827823
0,0,0.0829404
0,0,0.0829623
0,0,0.0830009
0,0,0.0831726
0,0,0.0832247
0,0,0.0832907
0,0,0.0833097
0,0,0.0833862
0,0,0.0834467
0,0,0.0835207
0,0,0.0836196
0,0,0.0837035
0,0,0.0837108
0,0,0.0837238
0,0,0.0838218
0,0,0.083886
0,0,0.083936
0,0,0.0839505
0,0,0.0840751
0,0,0.0841297
0,0,0.0841699
0,0,0.0843247
0,0,0.0843647
0,0,0.0843915
0,0,0.0846419
0,0,0.0847082
0,0,0.08471
0,0,0.0847947
0,0,0.0847991
0,0,0.0848069
0,0,0.0848931
0,0,0.0849585
0,0,0.0850611
0,0,0.0851708
0,0,0.0852414
0,0,0.0853029
0,0,0.0853299
0,0,0.0855811
0,0,0.0858151
0,0,0.0860903
0,0,0.0860921
0,0,0.0862069
0,0,0.08624
0,0,0.0863733
0,0,0.0864034
0,0,0.0866289
0,0,0.0866834
0,0,0.0868415
0,0,0.0869316
0,0,0.087064
0,0,0.0871235
0,0,0.0872436
0,0,0.0873202
0,0,0.0876055
0,0,0.087709
0,0,0.0877138
0,0,0.0878472
0,0,0.0880027
0,0,0.0880381
0,0,0.0880626
0,0,0.088063
0,0,0.0880903
0,0,0.0881985
0,0,0.0883151
0,0,0.08833
0,0,0.0883468
0,0,0.0886685
0,0,0.0888166
0,0,0.0888638
0,0,0.0888791
0,0,0.0888888
0,0,0.0892722
0,0,0.089389
0,0,0.0895085
0,0,0.0895274
0,0,0.0895491
0,0,0.0896439
0,0,0.0897089
0,0,0.0897233
0,0,0.0897594
0,0,0.0897631
0,0,0.0898079
0,0,0.0899147
0,0,0.089981
0,0,0.0899962
0,0,0.0901651
0,0,0.0903844
0,0,0.0904055
0,0,0.0904056
0,0,0.0907147
0,0,0.0908687
0,0,0.0911085
0,0,0.0913314
0,0,0.0914356
0,0,0.0915171
0,0,0.0915421
0,0,0.0916961
0,0,0.09174
0,0,0.0917403
0,0,0.0917466
0,0,0.0918153
0,0,0.0918817
0,0,0.0919898
0,0,0.0920117
0,0,0.0920287
0,0,0.0920451
0,0,0.0920891
0,0,0.0921031
0,0,0.0922253
0,0,0.0924596
0,0,0.092485
0,0,0.0926001
0,0,0.0926137
0,0,0.0926275
0,0,0.0928433
0,0,0.0928657
0,0,0.0928886
0,0,0.0929231
0,0,0.0929739
0,0,0.0930305
0,0,0.0930939
0,0,0.0932149
0,0,0.0932775
0,0,0.0933104
0,0,0.0933815
0,0,0.0934196
0,0,0.0935771
0,0,0.0937063
0,0,0.0938099
0,0,0.0939209
0,0,0.0941663
0,0,0.0941956
0,0,0.0944361
0,0,0.0944942
0,0,0.0945706
0,0,0.0945814
0,0,0.0946369
0,0,0.0946864
0,0,0.0947673
0,0,0.0948057
0,0,0.0948137
0,0,0.0949892
0,0,0.095062
0,0,0.0950809
0,0,0.0950965
0,0,0.0951125
0,0,0.0952256
0,0,0.0953448
0,0,0.0955821
0,0,0.0956149
0,0,0.0956169
0,0,0.0958172
0,0,0.0958444
0,0,0.0959406
0,0,0.096016
0,0,0.0960626
0,0,0.0960771
0,0,0.0960784
0,0,0.0962677
0,0,0.0963748
0,0,0.0964
0,0,0.096509
0,0,0.0966128
0,0,0.0966755
0,0,0.0967159
0,0,0.0970173
0,0,0.097077
0,0,0.0970784
0,0,0.0971158
0,0,0.0971652
0,0,0.0972202
0,0,0.0972761
0,0,0.097327
0,0,0.0973768
0,0,0.0974223
0,0,0.0974406
0,0,0.0975621
0,0,0.0975962
0,0,0.0976083
0,0,0.0976305
0,0,0.0977431
0,0,0.0977518
0,0,0.0978419
0,0,0.0978964
0,0,0.0979006
0,0,0.0980763
0,0,0.0980954
0,0,0.0981682
0,0,0.0984347
0,0,0.0984766
0,0,0.098487
0,0,0.0985037
0,0,0.0985039
0,0,0.0985238
0,0,0.0985278
0,0,0.098541
0,0,0.0986975
0,0,0.098829
0,0,0.0988652
0,0,0.0988795
0,0,0.09895
0,0,0.099018
0,0,0.0990792
0,0,0.0991185
0,0,0.0991634
0,0,0.0994366
0,0,0.0995875
0,0,0.0996224
0,0,0.0996535
0,0,0.0996607
0,0,0.0998328
0,0,0.100107
0,0,0.100136
0,0,0.10021
0,0,0.100236
0,0,0.100248
0,0,0.100293
0,0,0.100457
0,0,0.100484
0,0,0.100528
0,0,0.100564
0,0,0.100572
0,0,0.100932
0,0,0.100938
0,0,0.10105
0,0,0.101057
0,0,0.101215
0,0,0.101225
0,0,0.101362
0,0,0.101422
0,0,0.101665
0,0,0.101749
0,0,0.101921
0,0,0.101967
0,0,0.101994
0,0,0.102067
0,0,0.102111
0,0,0.102182
0,0,0.102242
0,0,0.102274
0,0,0.10244
0,0,0.102482
0,0,0.102666
0,0,0.102873
0,0,0.102941
0,0,0.102944
0,0,0.102951
0,0,0.102962
0,0,0.103009
0,0,0.103014
0,0,0.103057
0,0,0.103418
0,0,0.103493
0,0,0.103737
0,0,0.103772
0,0,0.103863
0,0,0.103919
0,0,0.103951
0,0,0.104004
0,0,0.104055
0,0,0.104058
0,0,0.104144
0,0,0.104226
0,0,0.104249
0,0,0.104251
0,0,0.104452
0,0,0.104491
0,0,0.104503
0,0,0.104522
0,0,0.104673
0,0,0.104683
0,0,0.104698
0,0,0.10476
0,0,0.104945
0,0,0.105
0,0,0.10504
0,0,0.105055
0,0,0.105194
0,0,0.105213
0,0,0.105324
0,0,0.10545
0,0,0.105538
0,0,0.105694
0,0,0.105887
0,0,0.105906
0,0,0.105998
0,0,0.106076
0,0,0.106277
0,0,0.106692
0,0,0.10677
0,0,0.106776
0,0,0.106942
0,0,0.106998
0,0,0.107023
0,0,0.107185
0,0,0.10721
0,0,0.107698
0,0,0.107752
0,0,0.107802
0,0,0.107822
0,0,0.107861
0,0,0.10815
0,0,0.108178
0,0,0.108184
0,0,0.10845
0,0,0.108455
0,0,0.10853
0,0,0.108564
0,0,0.108631
0,0,0.108723
0,0,0.108729
0,0,0.108922
0,0,0.108963
0,0,0.109047
0,0,0.109538
0,0,0.10978
0,0,0.109789
0,0,0.109814
0,0,0.109959
0,0,0.110202
0,0,0.110218
0,0,0.110223
0,0,0.11034
0,0,0.11034
0,0,0.110349
0,0,0.110399
0,0,0.11043
0,0,0.110457
0,0,0.110466
0,0,0.11051
0,0,0.110549
0,0,0.110788
0,0,0.110897
0,0,0.111132
0,0,0.111163
0,0,0.111166
0,0,0.11121
0,0,0.111291
0,0,0.111314
0,0,0.111562
0,0,0.11167
0,0,0.111678
0,0,0.111704
0,0,0.111918
0,0,0.111961
0,0,0.11206
0,0,0.112531
0,0,0.112685
0,0,0.112757
0,0,0.112773
0,0,0.11279
0,0,0.113419
0,0,0.113464
0,0,0.11347
0,0,0.1136
0,0,0.113621
0,0,0.114127
0,0,0.114301
0,0,0.114743
0,0,0.114842
0,0,0.114867
0,0,0.114945
0,0,0.115241
0,0,0.11527
0,0,0.115275
0,0,0.115422
0,0,0.115515
0,0,0.115558
0,0,0.115811
0,0,0.115824
0,0,0.115863
0,0,0.115927
0,0,0.115946
0,0,0.115998
0,0,0.116029
0,0,0.116116
0,0,0.116155
0,0,0.116437
0,0,0.116458
0,0,0.116509
0,0,0.116573
0,0,0.11663
0,0,0.116721
0,0,0.117153
0,0,0.117716
0,0,0.11782
0,0,0.118086
0,0,0.118106
0,0,0.118202
0,0,0.11824
0,0,0.118447
0,0,0.118528
0,0,0.11853
0,0,0.118542
0,0,0.118787
0,0,0.118937
0,0,0.119066
0,0,0.119219
0,0,0.119277
0,0,0.119362
0,0,0.11939
0,0,0.11949
0,0,0.119523
0,0,0.119591
0,0,0.119622
0,0,0.119709
0,0,0.119813
0,0,0.119833
0,0,0.11993
0,0,0.119949
0,0,0.120235
0,0,0.120382
0,0,0.120451
0,0,0.120505
0,0,0.120525
0,0,0.120577
0,0,0.120584
0,0,0.120595
0,0,0.120823
0,0,0.120838
0,0,0.120848
0,0,0.120886
0,0,0.121025
0,0,0.121302
0,0,0.121306
0,0,0.121355
0,0,0.121498
0,0,0.121733
0,0,0.121804
0,0,0.121809
0,0,0.121975
0,0,0.121999
0,0,0.122004
0,0,0.122018
0,0,0.122032
0,0,0.122069
0,0,0.122378
0,0,0.122493
0,0,0.122614
0,0,0.122661
0,0,0.122667
0,0,0.122889
0,0,0.122948
0,0,0.122954
0,0,0.123022
0,0,0.123121
0,0,0.123176
0,0,0.123358
0,0,0.123696
0,0,0.123966
0,0,0.123997
0,0,0.124075
0,0,0.124239
0,0,0.124312
0,0,0.124402
0,0,0.124944
0,0,0.124966
0,0,0.12499
0,0,0.125148
0,0,0.125357
0,0,0.125373
0,0,0.125542
0,0,0.125602
0,0,0.125719
0,0,0.125739
0,0,0.12584
0,0,0.125926
0,0,0.125953
0,0,0.125987
0,0,0.126012
0,0,0.126051
0,0,0.126054
0,0,0.126134
0,0,0.126229
0,0,0.126234
0,0,0.126269
0,0,0.12629
0,0,0.126425
0,0,0.126483
0,0,0.126533
0,0,0.126568
0,0,0.126821
0,0,0.126892
0,0,0.126941
0,0,0.127082
0,0,0.127088
0,0,0.127181
0,0,0.127283
0,0,0.127434
0,0,0.127525
0,0,0.12765
0,0,0.127758
0,0,0.12791
0,0,0.128194
0,0,0.128346
0,0,0.128491
0,0,0.128734
0,0,0.128906
0,0,0.129222
0,0,0.129227
0,0,0.129269
0,0,0.129308
0,0,0.129447
0,0,0.129502
0,0,0.129579
0,0,0.129838
0,0,0.12986
0,0,0.129987
0,0,0.13004
0,0,0.130052
0,0,0.130327
0,0,0.130463
0,0,0.130878
0,0,0.131017
0,0,0.13104
0,0,0.131068
0,0,0.131125
0,0,0.131192
0,0,0.131257
0,0,0.131332
0,0,0.131399
0,0,0.131536
0,0,0.131547
0,0,0.131666
0,0,0.13169
0,0,0.131697
0,0,0.13174
0,0,0.131793
0,0,0.131799
0,0,0.131852
0,0,0.132018
0,0,0.132025
0,0,0.132105
0,0,0.132178
0,0,0.132207
0,0,0.132244
0,0,0.132282
0,0,0.132422
0,0,0.132519
0,0,0.132618
0,0,0.132905
0,0,0.133189
0,0,0.1332
0,0,0.133235
0,0,0.133253
0,0,0.133367
0,0,0.13344
0,0,0.133443
0,0,0.133458
0,0,0.133471
0,0,0.133484
0,0,0.133538
0,0,0.133577
0,0,0.133608
0,0,0.13377
0,0,0.134142
0,0,0.134266
0,0,0.134275
0,0,0.134295
0,0,0.134454
0,0,0.134529
0,0,0.13473
0,0,0.134949
0,0,0.135022
0,0,0.135118
0,0,0.135254
0,0,0.135259
0,0,0.1353
0,0,0.135304
0,0,0.135325
0,0,0.13552
0,0,0.135561
0,0,0.135778
0,0,0.13614
0,0,0.136221
0,0,0.136423
0,0,0.136779
0,0,0.1369
0,0,0.136914
0,0,0.136966
0,0,0.13704
0,0,0.137041
0,0,0.137527
0,0,0.137548
0,0,0.137557
0,0,0.137576
0,0,0.137594
0,0,0.137806
0,0,0.137842
0,0,0.137964
0,0,0.137985
0,0,0.138127
0,0,0.138165
0,0,0.138222
0,0,0.138346
0,0,0.138424
0,0,0.138442
0,0,0.138451
0,0,0.138591
0,0,0.13871
0,0,0.138758
0,0,0.13884
0,0,0.139008
0,0,0.13929
0,0,0.139367
0,0,0.139464
0,0,0.13953
0,0,0.139602
0,0,0.139656
0,0,0.13989
0,0,0.139964
0,0,0.139968
0,0,0.140088
0,0,0.140115
0,0,0.140149
0,0,0.140254
0,0,0.140292
0,0,0.140295
0,0,0.140308
0,0,0.140355
0,0,0.140535
0,0,0.140544
0,0,0.140609
0,0,0.140814
0,0,0.140881
0,0,0.14089
0,0,0.140955
0,0,0.141024
0,0,0.141047
0,0,0.141122
0,0,0.141195
0,0,0.141234
0,0,0.141492
0,0,0.141513
0,0,0.141526
0,0,0.141561
0,0,0.141562
0,0,0.141623
0,0,0.141706
0,0,0.14202
0,0,0.142117
0,0,0.142163
0,0,0.142217
0,0,0.142372
0,0,0.142501
0,0,0.142923
0,0,0.14295
0,0,0.142997
0,0,0.1431
0,0,0.143487
0,0,0.14369
0,0,0.143807
0,0,0.143842
0,0,0.144104
0,0,0.144178
0,0,0.144207
0,0,0.144248
0,0,0.14435
0,0,0.144352
0,0,0.144525
0,0,0.144535
0,0,0.144563
0,0,0.144776
0,0,0.14488
0,0,0.144949
0,0,0.145394
0,0,0.145554
0,0,0.145682
0,0,0.145729
0,0,0.145755
0,0,0.145985
0,0,0.146172
0,0,0.146446
0,0,0.146522
0,0,0.146544
0,0,0.146616
0,0,0.146733
0,0,0.14715
0,0,0.14721
0,0,0.147252
0,0,0.147311
0,0,0.14752
0,0,0.147695
0,0,0.147822
0,0,0.147937
0,0,0.147943
0,0,0.14802
0,0,0.148062
0,0,0.148118
0,0,0.148196
0,0,0.148203
0,0,0.148291
0,0,0.148431
0,0,0.148469
0,0,0.148546
0,0,0.148567
0,0,0.148673
0,0,0.148838
0,0,0.148973
0,0,0.148991
0,0,0.149046
0,0,0.149137
0,0,0.149146
0,0,0.149152
0,0,0.149172
0,0,0.149553
0,0,0.149925
0,0,0.150101
0,0,0.150171
0,0,0.150205
0,0,0.150208
0,0,0.150212
0,0,0.15025
0,0,0.15028
0,0,0.150522
0,0,0.150654
0,0,0.150714
0,0,0.150878
0,0,0.150935
0,0,0.150962
0,0,0.151071
0,0,0.1512
0,0,0.151232
0,0,0.151375
0,0,0.151523
0,0,0.151683
0,0,0.151746
0,0,0.151933
0,0,0.152027
0,0,0.152149
0,0,0.152384
0,0,0.152427
0,0,0.152715
0,0,0.152841
0,0,0.153025
0,0,0.153096
0,0,0.153156
0,0,0.153742
0,0,0.154301
0,0,0.154323
0,0,0.154577
0,0,0.154589
0,0,0.154644
0,0,0.154682
0,0,0.154816
0,0,0.154905
0,0,0.155092
0,0,0.155096
0,0,0.15512
0,0,0.155131
0,0,0.15523
0,0,0.155418
0,0,0.155611
0,0,0.155809
0,0,0.155825
0,0,0.155902
0,0,0.156118
0,0,0.156208
0,0,0.156327
0,0,0.156802
0,0,0.157025
0,0,0.157217
0,0,0.157545
0,0,0.157581
0,0,0.157625
0,0,0.157842
0,0,0.158045
0,0,0.15809
0,0,0.158098
0,0,0.158173
0,0,0.158199
0,0,0.158446
0,0,0.158546
0,0,0.15857
0,0,0.158861
0,0,0.159097
0,0,0.159238
0,0,0.159379
0,0,0.159415
0,0,0.160458
0,0,0.160831
0,0,0.160893
0,0,0.160971
0,0,0.161087
0,0,0.161103
0,0,0.16125
0,0,0.161531
0,0,0.161535
0,0,0.161668
0,0,0.161799
0,0,0.161839
0,0,0.161897
0,0,0.161952
0,0,0.161971
0,0,0.162018
0,0,0.162075
0,0,0.162271
0,0,0.162273
0,0,0.162633
0,0,0.162928
0,0,0.162949
0,0,0.16307
0,0,0.163143
0,0,0.163156
0,0,0.1632
0,0,0.163641
0,0,0.16398
0,0,0.16417
0,0,0.164247
0,0,0.164406
0,0,0.164559
0,0,0.164606
0,0,0.164742
0,0,0.164889
0,0,0.165005
0,0,0.165252
0,0,0.165501
0,0,0.165589
0,0,0.165805
0,0,0.165882
0,0,0.165905
0,0,0.166013
0,0,0.166155
0,0,0.166557
0,0,0.166853
0,0,0.166854
0,0,0.16729
0,0,0.167556
0,0,0.167617
0,0,0.168182
0,0,0.168248
0,0,0.168254
0,0,0.168788
0,0,0.168805
0,0,0.168889
0,0,0.169111
0,0,0.169137
0,0,0.16939
0,0,0.170155
0,0,0.170204
0,0,0.170239
0,0,0.170552
0,0,0.170574
0,0,0.170612
0,0,0.171018
0,0,0.171048
0,0,0.17105
0,0,0.17158
0,0,0.171641
0,0,0.171668
0,0,0.171689
0,0,0.171845
0,0,0.172057
0,0,0.172082
0,0,0.17214
0,0,0.172178
0,0,0.172183
0,0,0.172217
0,0,0.172226
0,0,0.172236
0,0,0.172522
0,0,0.172745
0,0,0.172853
0,0,0.172976
0,0,0.17299
0,0,0.173164
0,0,0.173406
0,0,0.173443
0,0,0.173445
0,0,0.173533
0,0,0.173681
0,0,0.173689
0,0,0.173715
0,0,0.173751
0,0,0.173753
0,0,0.173986
0,0,0.173986
0,0,0.174106
0,0,0.17421
0,0,0.174296
0,0,0.174296
0,0,0.174312
0,0,0.174645
0,0,0.17468
0,0,0.174857
0,0,0.174886
0,0,0.17496
0,0,0.175129
0,0,0.175198
0,0,0.175555
0,0,0.175807
0,0,0.176055
0,0,0.176162
0,0,0.176303
0,0,0.176358
0,0,0.176858
0,0,0.17693
0,0,0.176952
0,0,0.176972
0,0,0.177069
0,0,0.177273
0,0,0.17735
0,0,0.177425
0,0,0.177858
0,0,0.177904
0,0,0.17806
0,0,0.17832
0,0,0.178342
0,0,0.178888
0,0,0.179176
0,0,0.179209
0,0,0.179321
0,0,0.179367
0,0,0.179397
0,0,0.179647
0,0,0.179959
0,0,0.180027
0,0,0.18005
0,0,0.180355
0,0,0.180525
0,0,0.181045
0,0,0.181265
0,0,0.18147
0,0,0.181542
0,0,0.181745
0,0,0.18186
0,0,0.181998
0,0,0.182082
0,0,0.182333
0,0,0.182336
0,0,0.182492
0,0,0.182854
0,0,0.182918
0,0,0.183085
0,0,0.183101
0,0,0.183381
0,0,0.183417
0,0,0.183535
0,0,0.183669
0,0,0.183736
0,0,0.183867
0,0,0.183888
0,0,0.184048
0,0,0.18406
0,0,0.184162
0,0,0.184584
0,0,0.184746
0,0,0.184895
0,0,0.184899
0,0,0.185044
0,0,0.185328
0,0,0.185397
0,0,0.18551
0,0,0.186241
0,0,0.186738
0,0,0.186864
0,0,0.18689
0,0,0.186959
0,0,0.187111
0,0,0.187376
0,0,0.187721
0,0,0.187881
0,0,0.187904
0,0,0.188237
0,0,0.188334
0,0,0.188345
0,0,0.188418
0,0,0.188592
0,0,0.188868
0,0,0.188937
0,0,0.189196
0,0,0.189237
0,0,0.189782
0,0,0.189852
0,0,0.190389
0,0,0.190427
0,0,0.190469
0,0,0.190841
0,0,0.190926
0,0,0.191066
0,0,0.191261
0,0,0.191402
0,0,0.191459
0,0,0.191725
0,0,0.191771
0,0,0.191901
0,0,0.192142
0,0,0.192288
0,0,0.192673
0,0,0.192701
0,0,0.192898
0,0,0.192909
0,0,0.192939
0,0,0.193016
0,0,0.193329
0,0,0.193607
0,0,0.193656
0,0,0.193817
0,0,0.193964
0,0,0.194383
0,0,0.19464
0,0,0.194776
0,0,0.19478
0,0,0.194964
0,0,0.195226
0,0,0.195328
0,0,0.195332
0,0,0.195524
0,0,0.195722
0,0,0.195778
0,0,0.196828
0,0,0.197001
0,0,0.197064
0,0,0.197104
0,0,0.197116
0,0,0.197638
0,0,0.197654
0,0,0.19787
0,0,0.197947
0,0,0.198292
0,0,0.198325
0,0,0.198472
0,0,0.198636
0,0,0.198689
0,0,0.198732
0,0,0.198782
0,0,0.198867
0,0,0.199078
0,0,0.199302
0,0,0.199328
0,0,0.200445
0,0,0.201252
0,0,0.201609
0,0,0.20167
0,0,0.201858
0,0,0.201883
0,0,0.201958
0,0,0.20196
0,0,0.202016
0,0,0.202333
0,0,0.202401
0,0,0.202855
0,0,0.20313
0,0,0.203294
0,0,0.203375
0,0,0.203694
0,0,0.204063
0,0,0.204146
0,0,0.204275
0,0,0.204482
0,0,0.204644
0,0,0.204644
0,0,0.204791
0,0,0.204847
0,0,0.205187
0,0,0.205479
0,0,0.205815
0,0,0.206147
0,0,0.206181
0,0,0.206351
0,0,0.206432
0,0,0.206442
0,0,0.206571
0,0,0.206688
0,0,0.206896
0,0,0.207168
0,0,0.20717
0,0,0.207294
0,0,0.207689
0,0,0.207763
0,0,0.207771
0,0,0.207861
0,0,0.207876
0,0,0.208137
0,0,0.20821
0,0,0.208461
0,0,0.208511
0,0,0.208581
0,0,0.208816
0,0,0.208938
0,0,0.208957
0,0,0.209001
0,0,0.209023
0,0,0.209086
0,0,0.209381
0,0,0.209459
0,0,0.20961
0,0,0.209778
0,0,0.209819
0,0,0.210043
0,0,0.210087
0,0,0.21012
0,0,0.210577
0,0,0.210994
0,0,0.211331
0,0,0.211523
0,0,0.211555
0,0,0.211959
0,0,0.212291
0,0,0.212579
0,0,0.212614
0,0,0.212708
0,0,0.212774
0,0,0.21302
0,0,0.213252
0,0,0.213292
0,0,0.213378
0,0,0.213466
0,0,0.213623
0,0,0.213863
0,0,0.213873
0,0,0.214116
0,0,0.214146
0,0,0.214401
0,0,0.214536
0,0,0.214674
0,0,0.214699
0,0,0.214755
0,0,0.214919
0,0,0.21512
0,0,0.21515
0,0,0.215366
0,0,0.215688
0,0,0.216009
0,0,0.216016
0,0,0.216221
0,0,0.216323
0,0,0.216431
0,0,0.216518
0,0,0.216612
0,0,0.216709
0,0,0.216808
0,0,0.216953
0,0,0.217449
0,0,0.217703
0,0,0.217784
0,0,0.218286
0,0,0.218558
0,0,0.219223
0,0,0.219347
0,0,0.219442
0,0,0.219627
0,0,0.219632
0,0,0.219753
0,0,0.219831
0,0,0.220696
0,0,0.220788
0,0,0.221258
0,0,0.221995
0,0,0.222541
0,0,0.222685
0,0,0.222981
0,0,0.223184
0,0,0.223379
0,0,0.223392
0,0,0.223405
0,0,0.223422
0,0,0.223771
0,0,0.224137
0,0,0.225073
0,0,0.22508
0,0,0.225458
0,0,0.22614
0,0,0.226257
0,0,0.226361
0,0,0.226389
0,0,0.226573
0,0,0.227052
0,0,0.22714
0,0,0.227324
0,0,0.227418
0,0,0.228085
0,0,0.228641
0,0,0.229612
0,0,0.229665
0,0,0.229738
0,0,0.230284
0,0,0.230802
0,0,0.231424
0,0,0.231665
0,0,0.231874
0,0,0.232423
0,0,0.2327
0,0,0.232807
0,0,0.232875
0,0,0.232928
0,0,0.233019
0,0,0.233064
0,0,0.233424
0,0,0.233475
0,0,0.234287
0,0,0.234303
0,0,0.234397
0,0,0.234742
0,0,0.235025
0,0,0.235186
0,0,0.235256
0,0,0.236094
0,0,0.236612
0,0,0.236649
0,0,0.23689
0,0,0.236953
0,0,0.237002
0,0,0.237013
0,0,0.23703
0,0,0.237243
0,0,0.237429
0,0,0.237438
0,0,0.237527
0,0,0.237822
0,0,0.237973
0,0,0.238168
0,0,0.238516
0,0,0.238947
0,0,0.23896
0,0,0.239023
0,0,0.239199
0,0,0.239397
0,0,0.239876
0,0,0.24019
0,0,0.240423
0,0,0.240609
0,0,0.240628
0,0,0.2407
0,0,0.241801
0,0,0.241985
0,0,0.242661
0,0,0.242807
0,0,0.243069
0,0,0.243105
0,0,0.243141
0,0,0.243192
0,0,0.243652
0,0,0.243938
0,0,0.244339
0,0,0.244494
0,0,0.244913
0,0,0.245006
0,0,0.247039
0,0,0.247198
0,0,0.247353
0,0,0.247754
0,0,0.248099
0,0,0.249151
0,0,0.249343
0,0,0.249508
0,0,0.249653
0,0,0.249681
0,0,0.249783
0,0,0.249962
0,0,0.250265
0,0,0.25052
0,0,0.250655
0,0,0.250808
0,0,0.251158
0,0,0.251368
0,0,0.251392
0,0,0.251705
0,0,0.251804
0,0,0.251948
0,0,0.252274
0,0,0.252599
0,0,0.253365
0,0,0.253506
0,0,0.253588
0,0,0.253596
0,0,0.253609
0,0,0.254118
0,0,0.254368
0,0,0.254795
0,0,0.254971
0,0,0.254991
0,0,0.255156
0,0,0.255263
0,0,0.255541
0,0,0.257327
0,0,0.257507
0,0,0.257721
0,0,0.257869
0,0,0.25825
0,0,0.259186
0,0,0.25965
0,0,0.259768
0,0,0.260842
0,0,0.260872
0,0,0.260875
0,0,0.261329
0,0,0.261451
0,0,0.261857
0,0,0.262068
0,0,0.262243
0,0,0.262336
0,0,0.263604
0,0,0.263792
0,0,0.263883
0,0,0.264052
0,0,0.264062
0,0,0.264785
0,0,0.264852
0,0,0.26492
0,0,0.265307
0,0,0.265431
0,0,0.266152
0,0,0.2669
0,0,0.267257
0,0,0.267438
0,0,0.267709
0,0,0.267733
0,0,0.268208
0,0,0.268928
0,0,0.268997
0,0,0.269807
0,0,0.269934
0,0,0.270252
0,0,0.270506
0,0,0.27079
0,0,0.271445
0,0,0.271519
0,0,0.271567
0,0,0.272131
0,0,0.27305
0,0,0.273372
0,0,0.273516
0,0,0.273763
0,0,0.273765
0,0,0.273849
0,0,0.274066
0,0,0.274361
0,0,0.274582
0,0,0.27463
0,0,0.274812
0,0,0.274858
0,0,0.27528
0,0,0.275288
0,0,0.275574
0,0,0.275705
0,0,0.27591
0,0,0.27601
0,0,0.276379
0,0,0.276663
0,0,0.277071
0,0,0.277812
0,0,0.278052
0,0,0.278359
0,0,0.278598
0,0,0.278781
0,0,0.278805
0,0,0.279191
0,0,0.279573
0,0,0.279777
0,0,0.279862
0,0,0.279892
0,0,0.2801
0,0,0.280499
0,0,0.280947
0,0,0.280964
0,0,0.281157
0,0,0.281692
0,0,0.283218
0,0,0.283423
0,0,0.283659
0,0,0.28377
0,0,0.28398
0,0,0.284172
0,0,0.285321
0,0,0.285444
0,0,0.2861
0,0,0.287013
0,0,0.287632
0,0,0.287737
0,0,0.288216
0,0,0.288857
0,0,0.290315
0,0,0.290774
0,0,0.290886
0,0,0.290903
0,0,0.291384
0,0,0.291753
0,0,0.291972
0,0,0.291979
0,0,0.292031
0,0,0.292328
0,0,0.292698
0,0,0.293039
0,0,0.293313
0,0,0.293738
0,0,0.293889
0,0,0.294731
0,0,0.294847
0,0,0.294984
0,0,0.295893
0,0,0.297193
0,0,0.297245
0,0,0.297845
0,0,0.298337
0,0,0.299124
0,0,0.299426
0,0,0.300291
0,0,0.300628
0,0,0.302323
0,0,0.302555
0,0,0.302768
0,0,0.304053
0,0,0.304863
0,0,0.304867
0,0,0.305687
0,0,0.305835
0,0,0.306042
0,0,0.306183
0,0,0.306494
0,0,0.306586
0,0,0.306938
0,0,0.307289
0,0,0.308704
0,0,0.309004
0,0,0.30903
0,0,0.309316
0,0,0.309368
0,0,0.309566
0,0,0.309602
0,0,0.310997
0,0,0.311146
0,0,0.311583
0,0,0.311916
0,0,0.311946
0,0,0.313347
0,0,0.313422
0,0,0.315076
0,0,0.315142
0,0,0.315398
0,0,0.317693
0,0,0.319525
0,0,0.319824
0,0,0.321322
0,0,0.321584
0,0,0.321863
0,0,0.323122
0,0,0.323176
0,0,0.323822
0,0,0.324752
0,0,0.324788
0,0,0.324822
0,0,0.325006
0,0,0.325024
0,0,0.325143
0,0,0.32574
0,0,0.325792
0,0,0.326081
0,0,0.327958
0,0,0.328387
0,0,0.329173
0,0,0.329397
0,0,0.329399
0,0,0.330602
0,0,0.330681
0,0,0.331592
0,0,0.332486
0,0,0.333479
0,0,0.334373
0,0,0.335922
0,0,0.33625
0,0,0.336594
0,0,0.338286
0,0,0.338909
0,0,0.339079
0,0,0.339937
0,0,0.341182
0,0,0.341392
0,0,0.341478
0,0,0.342033
0,0,0.343115
0,0,0.346101
0,0,0.346496
0,0,0.347747
0,0,0.348824
0,0,0.34928
0,0,0.34935
0,0,0.349623
0,0,0.352696
0,0,0.353067
0,0,0.354213
0,0,0.355032
0,0,0.355575
0,0,0.357479
0,0,0.358074
0,0,0.35896
0,0,0.359128
0,0,0.364183
0,0,0.364374
0,0,0.364906
0,0,0.364953
0,0,0.365101
0,0,0.365666
0,0,0.365873
0,0,0.367357
0,0,0.369663
0,0,0.371433
0,0,0.372744
0,0,0.37298
0,0,0.373297
0,0,0.373413
0,0,0.374465
0,0,0.375002
0,0,0.375665
0,0,0.376589
0,0,0.378503
0,0,0.380905
0,0,0.381914
0,0,0.382886
0,0,0.383318
0,0,0.384024
0,0,0.384455
0,0,0.385144
0,0,0.386728
0,0,0.387109
0,0,0.388188
0,0,0.388335
0,0,0.392441
0,0,0.393111
0,0,0.393739
0,0,0.395154
0,0,0.398219
0,0,0.402471
0,0,0.403855
0,0,0.404954
0,0,0.405313
0,0,0.407516
0,0,0.407663
0,0,0.408882
0,0,0.409281
0,0,0.410327
0,0,0.411891
0,0,0.413278
0,0,0.413758
0,0,0.416622
0,0,0.417289
0,0,0.4193
0,0,0.420017
0,0,0.421505
0,0,0.422395
0,0,0.427626
0,0,0.428631
0,0,0.432044
0,0,0.434866
0,0,0.435295
0,0,0.435407
0,0,0.437257
0,0,0.437652
0,0,0.439705
0,0,0.442624
0,0,0.445077
0,0,0.446684
0,0,0.446813
0,0,0.449185
0,0,0.449984
0,0,0.451164
0,0,0.452193
0,0,0.46207
0,0,0.464154
0,0,0.473495
0,0,0.479133
0,0,0.482513
0,0,0.487554
0,0,0.488419
0,0,0.491688
0,0,0.493911
0,0,0.494384
0,0,0.5029
0,0,0.506833
0,0,0.511571
0,0,0.515051
0,0,0.5224
0,0,0.52292
0,0,0.531255
0,0,0.531305
0,0,0.549415
0,0,0.554992
0,0,0.558485
0,0,0.599828
0,0,0.60967
0,0,0.612499
0,0,0.638997
0,0,0.651835
0,0,0.673723
0,0,0.71523
0,0,0.766384
0,0,0.769407
0,0,0.835252
0,0,1.07363
0,0,1.14111
0,0,3
1,1.50621,1.51804
1,1.4428,1.50697
1,1.35361,1.56492
1,1.30425,1.30652
1,1.23351,1.49938
1,1.21063,1.59199
1,1.09462,1.40395
1,1.08766,1.10869
1,0.924154,1.26208
1,0.813704,0.851562
1,0.809986,0.91015
1,0.80533,0.938934
1,0.797314,0.885684
1,0.779953,0.809944
1,0.775666,0.804302
1,0.755125,0.79646
1,0.713835,0.722785
1,0.695492,0.699824
1,0.68979,0.755685
1,0.685081,0.858729
1,0.68487,0.833776
1,0.676726,0.696861
1,0.674871,0.727091
1,0.668303,0.671407
1,0.66274,0.698012
1,0.657847,0.687078
1,0.64869,0.743802
1,0.647985,0.763443
1,0.638493,0.649103
1,0.636818,0.653737
1,0.636663,0.653436
1,0.618411,0.621011
1,0.616394,0.728636
1,0.61528,0.622454
1,0.613419,0.650618
1,0.608944,0.6385
1,0.606769,0.747177
1,0.593828,0.636406
1,0.592505,0.680219
1,0.590472,0.624283
1,0.589342,0.618768
1,0.58419,0.603324
1,0.583356,0.650704
1,0.577426,0.900818
1,0.576035,0.609726
1,0.575662,0.666584
1,0.573219,0.591436
1,0.57087,0.626904
1,0.57029,0.582157
1,0.567903,0.584593
1,0.566411,0.58955
1,0.561321,0.711201
1,0.559103,0.590919
1,0.558695,0.671293
1,0.55184,0.699195
1,0.550606,0.551896
1,0.550595,0.627649
1,0.548641,0.580179
1,0.547133,0.555413
1,0.54409,0.575747
1,0.540797,0.557777
1,0.536032,0.65988
1,0.533057,0.544462
1,0.531987,0.628995
1,0.530336,0.697609
1,0.530226,0.573763
1,0.529935,0.72468
1,0.526804,0.62791
1,0.521208,0.675855
1,0.520461,0.55544
1,0.517249,0.518208
1,0.51592,0.561418
1,0.515905,0.541124
1,0.514949,0.541165
1,0.5142,0.795968
1,0.513843,0.566742
1,0.511024,0.645953
1,0.509476,0.599017
1,0.509332,0.709733
1,0.507468,0.520266
1,0.506057,0.543861
1,0.505991,0.671491
1,0.502608,0.602813
1,0.501469,0.732678
1,0.50091,0.594271
1,0.500358,0.50389
1,0.499495,0.556808
1,0.496086,0.844756
1,0.49523,0.584514
1,0.495156,0.537103
1,0.493291,0.511659
1,0.492156,0.603249
1,0.489805,0.540528
1,0.489528,0.528962
1,0.488495,0.703541
1,0.487348,0.582996
1,0.483078,0.585116
1,0.482989,0.622515
1,0.48195,0.739621
1,0.479603,0.650303
1,0.478393,0.525147
1,0.475227,0.479512
1,0.473623,0.526461
1,0.467082,0.548402
1,0.46583,0.526783
1,0.465676,0.485146
1,0.464474,0.535558
1,0.463007,0.476132
1,0.462719,0.463895
1,0.461753,0.462008
1,0.459545,0.739243
1,0.458462,0.540397
1,0.458447,0.47562
1,0.455412,0.50915
1,0.454192,0.571167
1,0.45264,0.501881
1,0.450006,0.48558
1,0.448629,0.462052
1,0.448498,0.45703
1,0.447083,0.538726
1,0.444937,0.517259
1,0.444101,0.53582
1,0.443109,0.46571
1,0.440709,0.468367
1,0.440257,0.572929
1,0.439145,0.49773
1,0.43817,0.474979
1,0.438047,0.458171
1,0.437632,0.459848
1,0.436192,0.590319
1,0.435963,0.473813
1,0.435849,0.44123
1,0.43563,0.504748
1,0.434568,0.58316
1,0.434028,0.49443
1,0.434023,0.448072
1,0.432517,0.436781
1,0.432409,0.46397
1,0.432312,0.439736
1,0.43156,0.671407
1,0.431533,0.498979
1,0.430915,0.687296
1,0.430631,0.470311
1,0.430045,0.471624
1,0.429953,0.480024
1,0.429103,0.436246
1,0.427669,0.456245
1,0.427642,0.448488
1,0.427469,0.538558
1,0.422272,0.435415
1,0.422137,0.656915
1,0.422048,0.552888
1,0.421656,0.457332
1,0.421243,0.691342
1,0.420614,0.446362
1,0.42044,0.439746
1,0.419743,0.466824
1,0.419412,0.445059
1,0.417937,0.452029
1,0.41755,0.470725
1,0.416675,0.54964
1,0.416211,0.509328
1,0.416151,0.459927
1,0.4158,0.540077
1,0.415607,0.476276
1,0.414002,0.444331
1,0.412523,0.544902
1,0.412382,0.485125
1,0.412296,0.715095
1,0.410838,0.500922
1,0.410835,0.49196
1,0.409814,0.411687
1,0.409155,0.409818
1,0.408724,0.530728
1,0.406959,0.448852
1,0.406372,0.470564
1,0.405454,0.446099
1,0.405102,0.407318
1,0.40492,0.524929
1,0.402198,0.43347
1,0.401709,0.40601
1,0.400086,0.534966
1,0.39705,0.403218
1,0.395638,0.451302
1,0.395277,0.538517
1,0.394626,0.478722
1,0.392965,0.400383
1,0.392288,0.416786
1,0.392151,0.584913
1,0.391661,0.555098
1,0.391192,0.480622
1,0.390329,0.392285
1,0.389554,0.401882
1,0.389288,0.408515
1,0.389153,0.447219
1,0.388944,0.391514
1,0.388212,0.497372
1,0.387756,0.400424
1,0.386207,0.556622
1,0.384241,0.4944
1,0.383485,0.548143
1,0.383304,0.3835
1,0.382932,0.406986
1,0.382674,0.431712
1,0.382516,0.40857
1,0.381921,0.491877
1,0.381042,0.4327
1,0.379991,0.382857
1,0.379766,0.455167
1,0.378737,0.427678
1,0.377978,0.459675
1,0.377838,0.427118
1,0.37781,0.728373
1,0.377028,0.383022
1,0.37647,0.398427
1,0.376226,0.54312
1,0.373331,0.430426
1,0.372689,0.469549
1,0.372597,0.453392
1,0.37229,0.407009
1,0.371487,0.373039
1,0.371484,0.371932
1,0.371058,0.511111
1,0.370974,0.403588
1,0.370918,0.393843
1,0.370104,0.418162
1,0.368851,0.408093
1,0.367684,0.457914
1,0.367459,0.418913
1,0.366912,0.402239
1,0.366466,0.397645
1,0.366436,0.389407
1,0.365406,0.374709
1,0.364666,0.408455
1,0.363947,0.379744
1,0.36305,0.436013
1,0.362413,0.401562
1,0.362063,0.452595
1,0.362052,0.39238
1,0.361047,0.551475
1,0.361024,0.43636
1,0.360759,0.400173
1,0.36039,0.367187
1,0.359381,0.417008
1,0.359357,0.383738
1,0.35914,0.362074
1,0.358395,0.360324
1,0.357972,0.400383
1,0.357336,0.611514
1,0.357044,0.416216
1,0.355645,0.365676
1,0.355614,0.361203
1,0.355528,0.400451
1,0.35463,0.550985
1,0.354221,0.420133
1,0.353831,0.356275
1,0.353667,0.377203
1,0.352855,0.442138
1,0.352356,0.376682
1,0.351531,0.443607
1,0.351316,0.356516
1,0.350755,0.425609
1,0.348404,0.360665
1,0.34831,0.461513
1,0.348231,0.437384
1,0.348084,0.364818
1,0.347928,0.372159
1,0.347593,0.365477
1,0.345731,0.403389
1,0.345688,0.462613
1,0.345304,0.442038
1,0.343346,0.391498
1,0.342967,0.366715
1,0.341208,0.356021
1,0.340909,0.457919
1,0.340857,0.426267
1,0.340701,0.344115
1,0.340637,0.374165
1,0.340165,0.360677
1,0.339701,0.416316
1,0.338437,0.345006
1,0.337501,0.347276
1,0.337289,0.392178
1,0.336843,0.337116
1,0.336346,0.371395
1,0.336119,0.446142
1,0.335733,0.579985
1,0.335437,0.522567
1,0.33473,0.338678
1,0.334398,0.33835
1,0.334349,0.340433
1,0.333872,0.348263
1,0.332814,0.418468
1,0.332601,0.397009
1,0.331922,0.349999
1,0.33067,0.383279
1,0.330389,0.391275
1,0.329845,0.340099
1,0.327354,0.339446
1,0.323545,0.334455
1,0.322673,0.38037
1,0.322664,0.328294
1,0.322017,0.489838
1,0.321519,0.359669
1,0.321392,0.337576
1,0.321086,0.328995
1,0.320449,0.412738
1,0.320292,0.336736
1,0.319603,0.366619
1,0.319159,0.345354
1,0.318884,0.318897
1,0.318457,0.329302
1,0.318397,0.425545
1,0.318296,0.324215
1,0.317457,0.325966
1,0.316744,0.387608
1,0.315923,0.553344
1,0.315819,0.558722
1,0.315603,0.38821
1,0.314581,0.398694
1,0.314375,0.438612
1,0.313879,0.400597
1,0.313513,0.323882
1,0.312349,0.359951
1,0.312165,0.356589
1,0.311804,0.457522
1,0.311174,0.335403
1,0.311139,0.404622
1,0.310555,0.324252
1,0.310236,0.433236
1,0.309446,0.334698
1,0.309391,0.361874
1,0.308793,0.318999
1,0.308333,0.324416
1,0.306722,0.327512
1,0.306719,0.370217
1,0.305452,0.386852
1,0.304416,0.308476
1,0.303308,0.30831
1,0.302195,0.330201
1,0.301571,0.304736
1,0.301237,0.306022
1,0.301019,0.474484
1,0.300757,0.405119
1,0.300545,0.309242
1,0.299954,0.345598
1,0.299733,0.313323
1,0.299595,0.411747
1,0.29929,0.332987
1,0.298484,0.370303
1,0.298242,0.373553
1,0.297582,0.310414
1,0.295937,0.342858
1,0.295228,0.423487
1,0.294589,0.354897
1,0.294286,0.311903
1,0.294235,0.345394
1,0.294209,0.320386
1,0.294111,0.326087
1,0.294038,0.33381
1,0.293949,0.331767
1,0.293031,0.303444
1,0.293006,0.304299
1,0.292808,0.295333
1,0.292698,0.361038
1,0.291528,0.507427
1,0.290842,0.499068
1,0.289568,0.456465
1,0.288753,0.414773
1,0.288409,0.293345
1,0.287833,0.304301
1,0.287634,0.299064
1,0.287425,0.310998
1,0.287186,0.330518
1,0.28677,0.314604
1,0.286373,0.294967
1,0.284746,0.345469
1,0.284425,0.309806
1,0.284079,0.407663
1,0.283694,0.318691
1,0.282724,0.346756
1,0.282575,0.380456
1,0.282302,0.397255
1,0.281446,0.350008
1,0.279783,0.349657
1,0.279514,0.437537
1,0.27831,0.291558
1,0.27819,0.313309
1,0.277912,0.293022
1,0.276905,0.27989
1,0.276776,0.307547
1,0.275959,0.436632
1,0.275396,0.444817
1,0.274957,0.300629
1,0.27481,0.275257
1,0.27471,0.307879
1,0.273708,0.404502
1,0.273654,0.33704
1,0.273476,0.283983
1,0.273002,0.309806
1,0.272549,0.288245
1,0.272527,0.346358
1,0.271094,0.272276
1,0.271069,0.297082
1,0.270215,0.301049
1,0.269319,0.305413
1,0.268601,0.273551
1,0.268418,0.306332
1,0.268211,0.272647
1,0.265333,0.479945
1,0.265174,0.438668
1,0.265129,0.274074
1,0.263346,0.294893
1,0.262989,0.276927
1,0.262685,0.307515
1,0.262024,0.276862
1,0.261572,0.295172
1,0.261369,0.352819
1,0.261298,0.295397
1,0.261263,0.285107
1,0.261234,0.32486
1,0.261076,0.26671
1,0.260646,0.281294
1,0.25976,0.338805
1,0.259705,0.335945
1,0.259547,0.271886
1,0.259486,0.353795
1,0.25915,0.271547
1,0.258804,0.264482
1,0.258633,0.319141
1,0.258073,0.277175
1,0.258017,0.26415
1,0.257667,0.294282
1,0.256063,0.265715
1,0.255507,0.283575
1,0.255163,0.324184
1,0.255111,0.264833
1,0.255104,0.331345
1,0.254693,0.412436
1,0.254619,0.297718
1,0.254168,0.359417
1,0.253769,0.277549
1,0.253252,0.265834
1,0.252841,0.266899
1,0.252747,0.256506
1,0.251294,0.303408
1,0.250993,0.263237
1,0.250939,0.282572
1,0.250821,0.257196
1,0.250318,0.310745
1,0.250218,0.264889
1,0.250136,0.256405
1,0.249964,0.46565
1,0.249065,0.257872
1,0.248919,0.339842
1,0.248895,0.257576
1,0.248852,0.297743
1,0.247666,0.334347
1,0.247282,0.319593
1,0.247053,0.289274
1,0.246854,0.250472
1,0.245951,0.249375
1,0.244599,0.254348
1,0.244469,0.256484
1,0.244113,0.306931
1,0.243789,0.344375
1,0.240688,0.301748
1,0.240479,0.240531
1,0.240136,0.246164
1,0.23965,0.290693
1,0.239417,0.247844
1,0.239235,0.240512
1,0.238919,0.302885
1,0.238441,0.262809
1,0.238148,0.318123
1,0.237994,0.248291
1,0.237907,0.238142
1,0.237463,0.238054
1,0.237179,0.251636
1,0.236875,0.290255
1,0.236484,0.23996
1,0.234267,0.251652
1,0.234228,0.239365
1,0.23398,0.298352
1,0.233933,0.243267
1,0.233856,0.276144
1,0.233662,0.300908
1,0.233157,0.233488
1,0.232916,0.291083
1,0.231592,0.248692
1,0.230673,0.297489
1,0.230129,0.258308
1,0.229271,0.259641
1,0.228683,0.29351
1,0.227559,0.229082
1,0.227406,0.241426
1,0.22615,0.340099
1,0.224363,0.235102
1,0.223919,0.257928
1,0.223371,0.225522
1,0.223263,0.241692
1,0.223221,0.266449
1,0.223128,0.28778
1,0.222791,0.224902
1,0.22269,0.296315
1,0.221866,0.251152
1,0.22151,0.260841
1,0.221244,0.270643
1,0.220659,0.224093
1,0.220472,0.314535
1,0.220169,0.231936
1,0.219866,0.231155
1,0.219784,0.311273
1,0.216553,0.275576
1,0.216023,0.301409
1,0.215843,0.260739
1,0.215781,0.218059
1,0.215573,0.233393
1,0.214381,0.226488
1,0.213275,0.221117
1,0.212697,0.293803
1,0.212615,0.295057
1,0.212491,0.270763
1,0.211928,0.213391
1,0.211826,0.28845
1,0.21173,0.21282
1,0.211442,0.249319
1,0.211313,0.227688
1,0.211261,0.215378
1,0.210493,0.313723
1,0.209814,0.220598
1,0.209579,0.225515
1,0.209259,0.259632
1,0.207882,0.230133
1,0.206415,0.209589
1,0.206196,0.236511
1,0.204134,0.21643
1,0.20343,0.205948
1,0.202462,0.229972
1,0.202245,0.249392
1,0.200786,0.224503
1,0.200441,0.226385
1,0.200261,0.237508
1,0.200138,0.235314
1,0.19993,0.211589
1,0.199749,0.229031
1,0.199717,0.21225
1,0.199555,0.206056
1,0.199197,0.249238
1,0.198707,0.21133
1,0.198672,0.236174
1,0.19749,0.225715
1,0.197385,0.221328
1,0.196538,0.226496
1,0.196264,0.30219
1,0.196132,0.233568
1,0.195267,0.206795
1,0.195214,0.288427
1,0.194847,0.221356
1,0.194487,0.225038
1,0.194297,0.257544
1,0.19427,0.262754
1,0.194073,0.217971
1,0.193283,0.205267
1,0.192915,0.194251
1,0.191874,0.217851
1,0.191628,0.19697
1,0.191099,0.305124
1,0.190827,0.206504
1,0.190398,0.210175
1,0.190268,0.217719
1,0.18998,0.256271
1,0.189794,0.240608
1,0.189089,0.202279
1,0.188252,0.222857
1,0.188045,0.2202
1,0.18781,0.191501
1,0.187231,0.216212
1,0.185295,0.187779
1,0.185177,0.237634
1,0.185013,0.272647
1,0.184676,0.250439
1,0.184383,0.186626
1,0.183938,0.242
1,0.183398,0.205678
1,0.183372,0.187229
1,0.182482,0.250976
1,0.182416,0.196564
1,0.182317,0.188816
1,0.181838,0.250561
1,0.181659,0.260546
1,0.181648,0.196704
1,0.181394,0.245642
1,0.180824,0.278906
1,0.180676,0.187404
1,0.180229,0.229646
1,0.180086,0.202568
1,0.179438,0.223645
1,0.179341,0.184418
1,0.178888,0.190258
1,0.178765,0.21381
1,0.178217,0.188864
1,0.178198,0.221999
1,0.177922,0.212683
1,0.177735,0.180836
1,0.176721,0.178
1,0.176706,0.252947
1,0.176506,0.192057
1,0.176448,0.27795
1,0.176201,0.257506
1,0.175844,0.179964
1,0.175375,0.188087
1,0.175274,0.178705
1,0.174632,0.354276
1,0.17416,0.180809
1,0.173337,0.180903
1,0.173262,0.17469
1,0.173138,0.237215
1,0.173071,0.227449
1,0.172254,0.18177
1,0.172077,0.22983
1,0.171545,0.17951
1,0.171206,0.186441
1,0.170833,0.1985
1,0.17064,0.191234
1,0.170201,0.29432
1,0.170145,0.179409
1,0.169028,0.190147
1,0.16769,0.177291
1,0.167185,0.184435
1,0.166406,0.170824
1,0.166162,0.20799
1,0.16579,0.16628
1,0.165634,0.218278
1,0.165443,0.175471
1,0.165436,0.264237
1,0.165334,0.173845
1,0.164831,0.179964
1,0.164232,0.200315
1,0.163557,0.166199
1,0.163547,0.224566
1,0.163159,0.174831
1,0.161934,0.246064
1,0.161927,0.171659
1,0.161594,0.179387
1,0.161513,0.165775
1,0.160859,0.19453
1,0.160799,0.161547
1,0.159846,0.21631
1,0.159827,0.191462
1,0.159531,0.169139
1,0.159164,0.163174
1,0.158655,0.162271
1,0.158344,0.16488
1,0.158298,0.212357
1,0.157687,0.187989
1,0.157086,0.159348
1,0.157035,0.221859
1,0.156855,0.166687
1,0.15645,0.159729
1,0.155935,0.177641
1,0.155898,0.156033
1,0.15502,0.161441
1,0.154822,0.216671
1,0.154769,0.157734
1,0.154313,0.15919
1,0.153781,0.213049
1,0.153664,0.156598
1,0.15305,0.189074
1,0.152997,0.178381
1,0.152881,0.172376
1,0.15287,0.173049
1,0.151699,0.167064
1,0.151078,0.151143
1,0.150857,0.17263
1,0.150576,0.156814
1,0.15048,0.169243
1,0.149863,0.155904
1,0.149291,0.160083
1,0.14871,0.151818
1,0.148116,0.15252
1,0.147761,0.234676
1,0.14662,0.151143
1,0.146069,0.16846
1,0.145857,0.23671
1,0.145754,0.189008
1,0.145576,0.176314
1,0.145131,0.163953
1,0.144806,0.14603
1,0.144607,0.157587
1,0.144278,0.16011
1,0.143832,0.160848
1,0.143368,0.165388
1,0.142694,0.160986
1,0.142492,0.166634
1,0.14239,0.158352
1,0.14173,0.14439
1,0.141445,0.157473
1,0.140607,0.148977
1,0.140493,0.171096
1,0.140252,0.143053
1,0.139987,0.188009
1,0.138921,0.189766
1,0.138592,0.149301
1,0.138402,0.159075
1,0.138378,0.14059
1,0.138044,0.140973
1,0.137832,0.163892
1,0.137795,0.149209
1,0.136865,0.1397
1,0.136357,0.143175
1,0.135958,0.142268
1,0.13537,0.157938
1,0.13535,0.160386
1,0.134633,0.167089
1,0.133613,0.14043
1,0.133472,0.190796
1,0.133399,0.178578
1,0.131987,0.150103
1,0.131682,0.160851
1,0.130613,0.137861
1,0.129694,0.132454
1,0.129496,0.157542
1,0.129285,0.13757
1,0.128781,0.152879
1,0.128571,0.150269
1,0.128562,0.14996
1,0.12815,0.13421
1,0.127985,0.136324
1,0.126869,0.139495
1,0.12539,0.130546
1,0.124797,0.136571
1,0.124234,0.12502
1,0.122919,0.136254
1,0.122697,0.129368
1,0.122667,0.128765
1,0.122195,0.126068
1,0.121823,0.137712
1,0.121417,0.130585
1,0.121016,0.129305
1,0.12023,0.121984
1,0.1201,0.128762
1,0.120075,0.128926
1,0.11971,0.128784
1,0.119609,0.155149
1,0.119446,0.124067
1,0.119011,0.128775
1,0.118983,0.144717
1,0.118797,0.132308
1,0.118626,0.170035
1,0.118143,0.124844
1,0.118113,0.121037
1,0.117646,0.13657
1,0.117247,0.119812
1,0.117014,0.124106
1,0.116903,0.128758
1,0.116466,0.16488
1,0.116125,0.156675
1,0.115708,0.12316
1,0.115689,0.121452
1,0.115573,0.117807
1,0.115332,0.164561
1,0.115186,0.133706
1,0.114364,0.115845
1,0.114098,0.123536
1,0.114081,0.15925
1,0.113605,0.150565
1,0.113496,0.117693
1,0.113083,0.134052
1,0.113058,0.128685
1,0.112944,0.160533
1,0.111545,0.142759
1,0.111267,0.113328
1,0.11109,0.114205
1,0.110737,0.117688
1,0.110629,0.131241
1,0.109657,0.122124
1,0.109581,0.131817
1,0.109405,0.118458
1,0.109104,0.111466
1,0.109055,0.111081
1,0.108588,0.123264
1,0.108231,0.161918
1,0.108125,0.124985
1,0.108099,0.133749
1,0.108009,0.117463
1,0.107628,0.119682
1,0.107627,0.110261
1,0.107185,0.111792
1,0.107095,0.1345
1,0.106973,0.120138
1,0.106494,0.126938
1,0.106478,0.118775
1,0.106424,0.123258
1,0.105983,0.106981
1,0.10594,0.106259
1,0.105645,0.141068
1,0.105627,0.110538
1,0.105611,0.146294
1,0.105369,0.110022
1,0.104445,0.118223
1,0.104437,0.111416
1,0.104103,0.193097
1,0.103947,0.111339
1,0.103537,0.103668
1,0.103458,0.118223
1,0.103219,0.106133
1,0.102847,0.112993
1,0.102829,0.111018
1,0.102335,0.109177
1,0.102293,0.115267
1,0.102037,0.106291
1,0.10194,0.111081
1,0.100977,0.10222
1,0.100962,0.121303
1,0.100852,0.106023
1,0.100548,0.103876
1,0.100546,0.113751
1,0.100276,0.110465
1,0.100205,0.102769
1,0.0999851,0.114126
1,0.0999727,0.13011
1,0.0998741,0.100576
1,0.0996556,0.132132
1,0.0989095,0.110453
1,0.0988332,0.10877
1,0.098222,0.11357
1,0.0978011,0.106765
1,0.0977907,0.0983471
1,0.097336,0.0993952
1,0.0973232,0.116983
1,0.09599,0.104802
1,0.0954831,0.110497
1,0.0954319,0.10576
1,0.0953919,0.101233
1,0.0952886,0.123261
1,0.0952505,0.109984
1,0.0952324,0.113576
1,0.0950304,0.117801
1,0.0949675,0.103909
1,0.094952,0.119966
1,0.0948772,0.111485
1,0.0948678,0.106655
1,0.0944244,0.107443
1,0.0942991,0.108723
1,0.0938009,0.124052
1,0.0937499,0.0976642
1,0.0937351,0.0969873
1,0.0937173,0.100814
1,0.093208,0.123054
1,0.0929299,0.0932506
1,0.0928309,0.107827
1,0.0923517,0.119151
1,0.0923307,0.119995
1,0.0922417,0.113824
1,0.0920799,0.100653
1,0.0920563,0.115038
1,0.0917204,0.0964595
1,0.0911492,0.124997
1,0.0910769,0.0918966
1,0.0908593,0.100157
1,0.0906065,0.121535
1,0.0905721,0.133998
1,0.0893745,0.100823
1,0.0891254,0.108915
1,0.0890886,0.105345
1,0.0886702,0.113899
1,0.0883589,0.103861
1,0.0882152,0.106151
1,0.0878184,0.0921993
1,0.0876371,0.132319
1,0.0873224,0.0920899
1,0.0871084,0.0924245
1,0.0869637,0.100897
1,0.0869568,0.144205
1,0.0862368,0.104659
1,0.0855638,0.115374
1,0.0854214,0.0879154
1,0.0853975,0.134661
1,0.0853653,0.118765
1,0.0849589,0.0883744
1,0.0847697,0.0874925
1,0.0845475,0.125272
1,0.0844699,0.0915695
1,0.0842941,0.0856277
1,0.0840114,0.0960054
1,0.0836982,0.0927479
1,0.0835871,0.0913485
1,0.0832447,0.100066
1,0.0831823,0.133449
1,0.0827179,0.110906
1,0.0820391,0.0888202
1,0.0810067,0.0862392
1,0.0801636,0.0817467
1,0.0800879,0.0813674
1,0.0791717,0.0854767
1,0.0786306,0.0940179
1,0.0785828,0.100655
1,0.0783294,0.079201
1,0.0781234,0.0876194
1,0.0778936,0.0913394
1,0.0775725,0.103854
1,0.0771885,0.0919051
1,0.0771839,0.0784062
1,0.0770273,0.0846968
1,0.076972,0.123069
1,0.0768977,0.0773835
1,0.0767486,0.0811251
1,0.0761173,0.0805505
1,0.0761005,0.122492
1,0.0756209,0.0837249
1,0.075511,0.0892257
1,0.0752669,0.0990116
1,0.0752387,0.103736
1,0.0748449,0.0918725
1,0.0748054,0.0810487
1,0.0746265,0.07562
1,0.0745565,0.0862006
1,0.0741922,0.0852749
1,0.0727199,0.0756319
1,0.0725953,0.0779906
1,0.0722173,0.0781118
1,0.0720864,0.0757615
1,0.071628,0.0927618
1,0.0712244,0.08163
1,0.0708465,0.0928147
1,0.0702564,0.0952718
1,0.0693609,0.0821474
1,0.0689905,0.0971349
1,0.0689214,0.078017
1,0.0684723,0.0720485
1,0.0672207,0.0884581
1,0.0671509,0.0693837
1,0.0666081,0.0933906
1,0.0661351,0.0951808
1,0.065705,0.07378
1,0.0648408,0.0827843
1,0.0642097,0.0762295
1,0.0640805,0.078017
1,0.063966,0.100268
1,0.0637799,0.0659288
1,0.0628958,0.0673144
1,0.0622702,0.0643457
1,0.0612555,0.0645468
1,0.0609112,0.0696977
1,0.0602236,0.0813014
1,0.0597282,0.0805859
1,0.0594723,0.0808082
1,0.0542587,0.0635848
1,0.053974,0.0550796
1,0.0487981,0.0521819
1,0.0406954,0.0519437
2,1.67052,1.67074
2,1.5674,1.5831
2,0.978088,0.984381
2,0.967442,1.02183
2,0.928961,0.950748
2,0.870453,0.895603
2,0.833257,0.834355
2,0.822209,0.82646
2,0.805641,0.810747
2,0.79847,0.874099
2,0.792595,0.843827
2,0.79211,0.881532
2,0.78536,0.854489
2,0.770242,0.854331
2,0.761654,0.765464
2,0.744035,0.755976
2,0.739409,0.859156
2,0.72292,0.789908
2,0.716817,0.770328
2,0.716339,0.721331
2,0.714189,0.736115
2,0.712981,0.723333
2,0.711992,0.712623
2,0.708649,0.714837
2,0.703764,0.725887
2,0.682403,0.689089
2,0.669191,0.681718
2,0.667016,0.706564
2,0.66024,0.669809
2,0.651511,0.695456
2,0.634295,0.636677
2,0.628677,0.63153
2,0.625836,0.638056
2,0.623395,0.684235
2,0.609562,0.639998
2,0.601094,0.615252
2,0.600528,0.603549
2,0.59529,0.674319
2,0.594271,0.707056
2,0.593274,0.595713
2,0.588615,0.590392
2,0.582932,0.591467
2,0.573166,0.66033
2,0.563145,0.57394
2,0.561835,0.5667
2,0.55639,0.564385
2,0.556123,0.567771
2,0.548339,0.55434
2,0.532404,0.536915
2,0.517972,0.538922
2,0.502121,0.535101
2,0.496279,0.597529
2,0.495928,0.511922
2,0.493285,0.529671
2,0.483774,0.50623
2,0.483529,0.561795
2,0.482373,0.490367
2,0.470307,0.553755
2,0.468351,0.468855
2,0.466581,0.468655
2,0.465085,0.468655
2,0.461678,0.4625
2,0.457424,0.468739
2,0.452645,0.456666
2,0.44996,0.462239
2,0.440252,0.498276
2,0.429201,0.453817
2,0.427992,0.43847
2,0.407735,0.442764
2,0.392756,0.397208
2,0.382407,0.409103
2,0.380197,0.417988
2,0.379378,0.384876
2,0.376597,0.387824
2,0.371104,0.386216
2,0.370685,0.37217
2,0.36737,0.396459
2,0.364626,0.388963
2,0.364227,0.393006
2,0.363553,0.408707
2,0.363533,0.372898
2,0.362279,0.370164
2,0.357104,0.367251
2,0.357006,0.360012
2,0.356677,0.370081
2,0.356516,0.37478
2,0.349528,0.358364
2,0.347081,0.350656
2,0.345708,0.382899
2,0.336338,0.357806
2,0.327559,0.332416
2,0.326642,0.327461
2,0.317677,0.327042
2,0.315494,0.338199
2,0.314704,0.338066
2,0.306596,0.35151
2,0.300291,0.325267
2,0.299707,0.30262
2,0.298581,0.304939
2,0.296592,0.339847
2,0.296497,0.306022
2,0.296315,0.297722
2,0.293547,0.296112
2,0.292772,0.336101
2,0.286619,0.288718
2,0.28303,0.288707
2,0.27951,0.312047
2,0.277019,0.279167
2,0.27287,0.29574
2,0.269617,0.278636
2,0.265368,0.271325
2,0.261983,0.2643
2,0.259307,0.292624
2,0.255692,0.255918
2,0.249336,0.259715
2,0.242589,0.255814
2,0.227539,0.233967
2,0.20716,0.209251
2,0.204184,0.21765
2,0.199733,0.206723
2,0.195324,0.196648
2,0.194353,0.215227
2,0.188497,0.192162
2,0.185886,0.186949
2,0.181899,0.184337
2,0.17232,0.19632
2,0.170547,0.184512
2,0.170454,0.176847
2,0.167797,0.16935
2,0.167461,0.180967
2,0.161035,0.167865
2,0.159093,0.176213
2,0.157102,0.157261
2,0.154697,0.171966
2,0.153515,0.160789
2,0.151728,0.173711
2,0.150021,0.152709
2,0.146564,0.147366
2,0.146483,0.161345
2,0.144896,0.151279
2,0.143623,0.157913
2,0.143172,0.14461
2,0.139442,0.145858
2,0.137107,0.142357
2,0.135555,0.15835
2,0.134676,0.14007
2,0.133284,0.134525
2,0.1332,0.136196
2,0.1332,0.137089
2,0.132421,0.133376
2,0.130829,0.132743
2,0.130318,0.132013
2,0.127835,0.13472
2,0.127743,0.131322
2,0.12761,0.127846
2,0.126323,0.128402
2,0.126141,0.12871
2,0.124646,0.136484
2,0.124595,0.12527
2,0.12289,0.140868
2,0.121251,0.135848
2,0.119071,0.124329
2,0.118734,0.13332
2,0.117497,0.12229
2,0.116787,0.121518
2,0.116324,0.124637
2,0.10539,0.111635
2,0.10434,0.10728
2,0.0998773,0.102669
2,0.0974263,0.105718
2,0.0965029,0.098435
2,0.093879,0.0977803
2,0.093683,0.0980859
2,0.0815285,0.0815611
2,0.0811355,0.088776
