point cloud with 3334 points in dimension 3
0,0,0.00778993
0,0,0.00988945
0,0,0.00996808
0,0,0.0106764
0,0,0.0114631
0,0,0.0116649
0,0,0.0116992
0,0,0.0117211
0,0,0.011939
0,0,0.0120935
0,0,0.0120964
0,0,0.0121773
0,0,0.0123355
0,0,0.0129126
0,0,0.0134082
0,0,0.0138354
0,0,0.013899
0,0,0.0139974
0,0,0.0144154
0,0,0.0147618
0,0,0.0148389
0,0,0.0150519
0,0,0.0155293
0,0,0.0155924
0,0,0.0157079
0,0,0.0160024
0,0,0.0162932
0,0,0.0167537
0,0,0.0167947
0,0,0.0168087
0,0,0.0171743
0,0,0.0172718
0,0,0.0173945
0,0,0.0175803
0,0,0.017616
0,0,0.0176355
0,0,0.017986
0,0,0.017996
0,0,0.0180486
0,0,0.0185112
0,0,0.0187112
0,0,0.0190478
0,0,0.0190563
0,0,0.0192276
0,0,0.0192574
0,0,0.0193451
0,0,0.0194748
0,0,0.0197113
0,0,0.0197491
0,0,0.0197611
0,0,0.019768
0,0,0.020013
0,0,0.0200626
0,0,0.0200728
0,0,0.020107
0,0,0.0202975
0,0,0.0203094
0,0,0.0204001
0,0,0.0204351
0,0,0.0205064
0,0,0.0205131
0,0,0.0205133
0,0,0.0205362
0,0,0.0207783
0,0,0.020811
0,0,0.0208325
0,0,0.0209856
0,0,0.0209932
0,0,0.0210386
0,0,0.0213954
0,0,0.0214861
0,0,0.0216657
0,0,0.0218584
0,0,0.0219626
0,0,0.0219658
0,0,0.0223396
0,0,0.0223565
0,0,0.0225059
0,0,0.0225893
0,0,0.0226705
0,0,0.0228624
0,0,0.0228714
0,0,0.02288
0,0,0.0229004
0,0,0.0229206
0,0,0.022958
0,0,0.023025
0,0,0.0230722
0,0,0.0230804
0,0,0.0230873
0,0,0.0230949
0,0,0.0231011
0,0,0.0233936
0,0,0.0234035
0,0,0.0234078
0,0,0.0234233
0,0,0.0234389
0,0,0.0234612
0,0,0.0235511
0,0,0.0235831
0,0,0.0236427
0,0,0.0237419
0,0,0.0237845
0,0,0.0239956
0,0,0.0240417
0,0,0.0240603
0,0,0.0240974
0,0,0.0240991
0,0,0.0241565
0,0,0.024202
0,0,0.0242994
0,0,0.0243017
0,0,0.0243264
0,0,0.0243792
0,0,0.0243822
0,0,0.0243941
0,0,0.0244221
0,0,0.0244783
0,0,0.0246462
0,0,0.0246666
0,0,0.0247213
0,0,0.0248618
0,0,0.0250098
0,0,0.0250354
0,0,0.0251117
0,0,0.0252621
0,0,0.025385
0,0,0.0254075
0,0,0.0254081
0,0,0.025532
0,0,0.0256679
0,0,0.0257789
0,0,0.0257881
0,0,0.0258345
0,0,0.025843
0,0,0.0259426
0,0,0.0259484
0,0,0.0259498
0,0,0.0259537
0,0,0.0260054
0,0,0.0260984
0,0,0.0261354
0,0,0.0261951
0,0,0.0262608
0,0,0.0264704
0,0,0.0264711
0,0,0.0265378
0,0,0.0265492
0,0,0.0266264
0,0,0.0267995
0,0,0.0268452
0,0,0.0268571
0,0,0.0269145
0,0,0.0269233
0,0,0.0269936
0,0,0.0270064
0,0,0.0271474
0,0,0.0271718
0,0,0.0271792
0,0,0.0271827
0,0,0.0273024
0,0,0.0273173
0,0,0.0273721
0,0,0.0273772
0,0,0.0273856
0,0,0.0274365
0,0,0.0274415
0,0,0.0274732
0,0,0.0275774
0,0,0.0276457
0,0,0.0277051
0,0,0.0277163
0,0,0.027734
0,0,0.0278235
0,0,0.0280221
0,0,0.0280944
0,0,0.0281007
0,0,0.0282096
0,0,0.0283418
0,0,0.0283461
0,0,0.0283814
0,0,0.028397
0,0,0.0284201
0,0,0.0284912
0,0,0.0285617
0,0,0.0285778
0,0,0.0285818
0,0,0.0286082
0,0,0.0286695
0,0,0.0287473
0,0,0.0287484
0,0,0.0287657
0,0,0.0288266
0,0,0.0288815
0,0,0.0289123
0,0,0.0289368
0,0,0.028972
0,0,0.0290028
0,0,0.0290427
0,0,0.0290489
0,0,0.0290924
0,0,0.0291138
0,0,0.0291279
0,0,0.0291778
0,0,0.0291801
0,0,0.0292455
0,0,0.0292504
0,0,0.0292909
0,0,0.0293584
0,0,0.0294186
0,0,0.0294268
0,0,0.0295989
0,0,0.0296058
0,0,0.0296239
0,0,0.0296674
0,0,0.029734
0,0,0.0297362
0,0,0.0297648
0,0,0.0298035
0,0,0.0298527
0,0,0.0299359
0,0,0.0299554
0,0,0.029981
0,0,0.0300064
0,0,0.0300482
0,0,0.0300582
0,0,0.0300662
0,0,0.0300718
0,0,0.0300741
0,0,0.0300753
0,0,0.0301404
0,0,0.0301892
0,0,0.030208
0,0,0.0302431
0,0,0.0302688
0,0,0.0302801
0,0,0.0303056
0,0,0.0303164
0,0,0.0304694
0,0,0.0305204
0,0,0.0305289
0,0,0.0305402
0,0,0.0305455
0,0,0.0305723
0,0,0.0305791
0,0,0.0305876
0,0,0.0306435
0,0,0.0306492
0,0,0.0306847
0,0,0.0307395
0,0,0.0308209
0,0,0.0309095
0,0,0.0309125
0,0,0.0309473
0,0,0.0309736
0,0,0.031089
0,0,0.0310954
0,0,0.0311116
0,0,0.0312033
0,0,0.0312062
0,0,0.0312275
0,0,0.0312596
0,0,0.0312621
0,0,0.0312926
0,0,0.0313435
0,0,0.0314357
0,0,0.0314381
0,0,0.0314396
0,0,0.0315064
0,0,0.0316077
0,0,0.0316107
0,0,0.0316391
0,0,0.0316592
0,0,0.0316774
0,0,0.0317787
0,0,0.0318379
0,0,0.0318388
0,0,0.0318781
0,0,0.0318831
0,0,0.0318966
0,0,0.0319029
0,0,0.0319091
0,0,0.0319689
0,0,0.0319961
0,0,0.0320302
0,0,0.0320534
0,0,0.0320652
0,0,0.0320659
0,0,0.0320809
0,0,0.0320853
0,0,0.0321443
0,0,0.0321771
0,0,0.032184
0,0,0.0322093
0,0,0.0322337
0,0,0.0322432
0,0,0.0324383
0,0,0.0324452
0,0,0.0324876
0,0,0.0325221
0,0,0.0325305
0,0,0.0325531
0,0,0.0326071
0,0,0.0327062
0,0,0.0327421
0,0,0.0327671
0,0,0.0327712
0,0,0.0328168
0,0,0.0328346
0,0,0.0328968
0,0,0.0329205
0,0,0.0329219
0,0,0.0330617
0,0,0.0330694
0,0,0.0330796
0,0,0.0331078
0,0,0.0331101
0,0,0.0331357
0,0,0.0331377
0,0,0.0331778
0,0,0.033248
0,0,0.0333246
0,0,0.0333404
0,0,0.0333409
0,0,0.0333794
0,0,0.0334537
0,0,0.0334653
0,0,0.0334815
0,0,0.033489
0,0,0.0335166
0,0,0.033517
0,0,0.0335297
0,0,0.0336046
0,0,0.0336229
0,0,0.0336389
0,0,0.0336828
0,0,0.0337975
0,0,0.0338035
0,0,0.033843
0,0,0.0338484
0,0,0.0338733
0,0,0.0339307
0,0,0.0339624
0,0,0.0339665
0,0,0.0340188
0,0,0.0340815
0,0,0.0341368
0,0,0.0341654
0,0,0.0341745
0,0,0.0342089
0,0,0.0343334
0,0,0.0343526
0,0,0.0343552
0,0,0.0343741
0,0,0.0343922
0,0,0.034404
0,0,0.0344138
0,0,0.0344621
0,0,0.034502
0,0,0.0345194
0,0,0.034596
0,0,0.0346145
0,0,0.0346723
0,0,0.0347526
0,0,0.0347936
0,0,0.0348046
0,0,0.0348659
0,0,0.0348829
0,0,0.0349323
0,0,0.0349889
0,0,0.0350662
0,0,0.0351051
0,0,0.0351102
0,0,0.0351109
0,0,0.0351217
0,0,0.035127
0,0,0.0351656
0,0,0.0352169
0,0,0.0352498
0,0,0.0352503
0,0,0.0352625
0,0,0.0352701
0,0,0.0352777
0,0,0.0353299
0,0,0.0353985
0,0,0.0354059
0,0,0.0354343
0,0,0.0354447
0,0,0.035505
0,0,0.0355644
0,0,0.0355725
0,0,0.035631
0,0,0.035687
0,0,0.0356964
0,0,0.0357965
0,0,0.0358088
0,0,0.0358453
0,0,0.0358586
0,0,0.0358727
0,0,0.0358834
0,0,0.0359065
0,0,0.0359145
0,0,0.0359611
0,0,0.0360827
0,0,0.0361647
0,0,0.0361757
0,0,0.0362267
0,0,0.0363423
0,0,0.0363795
0,0,0.0364252
0,0,0.0365245
0,0,0.0366394
0,0,0.0367655
0,0,0.0367672
0,0,0.0367706
0,0,0.0367833
0,0,0.0368091
0,0,0.0368133
0,0,0.0368209
0,0,0.0368303
0,0,0.036833
0,0,0.0368862
0,0,0.0368889
0,0,0.0369244
0,0,0.0370501
0,0,0.0370552
0,0,0.0370656
0,0,0.037102
0,0,0.0371366
0,0,0.0372165
0,0,0.0372591
0,0,0.0372805
0,0,0.0373116
0,0,0.0373274
0,0,0.0373551
0,0,0.0373576
0,0,0.037422
0,0,0.0374407
0,0,0.0374675
0,0,0.03747
0,0,0.0376603
0,0,0.0377648
0,0,0.0377901
0,0,0.0378332
0,0,0.0378846
0,0,0.037911
0,0,0.0379419
0,0,0.0379575
0,0,0.0379581
0,0,0.0379928
0,0,0.0379998
0,0,0.0380323
0,0,0.0380835
0,0,0.0381547
0,0,0.0381673
0,0,0.038251
0,0,0.0382687
0,0,0.0382881
0,0,0.0383045
0,0,0.0383401
0,0,0.0383868
0,0,0.0383951
0,0,0.0383986
0,0,0.0385094
0,0,0.0385178
0,0,0.0385192
0,0,0.038619
0,0,0.0386238
0,0,0.0387133
0,0,0.0388244
0,0,0.0389635
0,0,0.0389765
0,0,0.0389823
0,0,0.0390476
0,0,0.0390776
0,0,0.0391106
0,0,0.0391903
0,0,0.0392459
0,0,0.039259
0,0,0.0393164
0,0,0.0393286
0,0,0.0393336
0,0,0.0393523
0,0,0.0393916
0,0,0.0393969
0,0,0.0394371
0,0,0.0394734
0,0,0.0394835
0,0,0.0395181
0,0,0.0395282
0,0,0.039557
0,0,0.0395782
0,0,0.0396041
0,0,0.0396412
0,0,0.0396481
0,0,0.0396519
0,0,0.0396651
0,0,0.0396655
0,0,0.0396853
0,0,0.0397488
0,0,0.0397529
0,0,0.0397803
0,0,0.0397851
0,0,0.0397865
0,0,0.0398057
0,0,0.0398301
0,0,0.039872
0,0,0.0398727
0,0,0.039916
0,0,0.0399603
0,0,0.0399752
0,0,0.0399885
0,0,0.0400079
0,0,0.0400163
0,0,0.0400354
0,0,0.0400417
0,0,0.0401089
0,0,0.0402091
0,0,0.0402121
0,0,0.0402177
0,0,0.0402518
0,0,0.0402525
0,0,0.0402552
0,0,0.0402553
0,0,0.0402764
0,0,0.040283
0,0,0.0402834
0,0,0.0403048
0,0,0.0403754
0,0,0.040386
0,0,0.0403867
0,0,0.0403921
0,0,0.0405006
0,0,0.0405271
0,0,0.0405348
0,0,0.0406423
0,0,0.040655
0,0,0.0406772
0,0,0.0406962
0,0,0.040743
0,0,0.0407456
0,0,0.0407628
0,0,0.040779
0,0,0.0408192
0,0,0.0409109
0,0,0.0409243
0,0,0.040949
0,0,0.040991
0,0,0.0409926
0,0,0.0410755
0,0,0.0410998
0,0,0.0411057
0,0,0.0411198
0,0,0.0411908
0,0,0.0412079
0,0,0.0412597
0,0,0.0412752
0,0,0.0413088
0,0,0.0413813
0,0,0.0413966
0,0,0.0414718
0,0,0.0414983
0,0,0.0415179
0,0,0.0415487
0,0,0.0415571
0,0,0.0415696
0,0,0.0416174
0,0,0.0417089
0,0,0.0417211
0,0,0.0417436
0,0,0.041761
0,0,0.04177
0,0,0.0418731
0,0,0.0418744
0,0,0.0418789
0,0,0.0420204
0,0,0.0420613
0,0,0.0420647
0,0,0.0420909
0,0,0.0421435
0,0,0.0421763
0,0,0.04218
0,0,0.0421883
0,0,0.0422192
0,0,0.0422389
0,0,0.042316
0,0,0.0423215
0,0,0.0423221
0,0,0.0423294
0,0,0.0423428
0,0,0.0423447
0,0,0.0423644
0,0,0.0424378
0,0,0.0424901
0,0,0.042512
0,0,0.0425248
0,0,0.0425461
0,0,0.0425577
0,0,0.0426028
0,0,0.0426391
0,0,0.0426502
0,0,0.0426642
0,0,0.0426895
0,0,0.0427149
0,0,0.0427163
0,0,0.0428066
0,0,0.0428108
0,0,0.0428211
0,0,0.0428336
0,0,0.0428944
0,0,0.0428946
0,0,0.0428978
0,0,0.0429455
0,0,0.0430722
0,0,0.0431097
0,0,0.0431119
0,0,0.0431212
0,0,0.0431286
0,0,0.0431515
0,0,0.0431916
0,0,0.0432699
0,0,0.0433093
0,0,0.0433319
0,0,0.0433344
0,0,0.0433364
0,0,0.0433747
0,0,0.0434052
0,0,0.0434081
0,0,0.043539
0,0,0.0435681
0,0,0.0435741
0,0,0.0436209
0,0,0.0436379
0,0,0.0436557
0,0,0.0436753
0,0,0.0437528
0,0,0.0438308
0,0,0.0438417
0,0,0.0438519
0,0,0.0438592
0,0,0.0438821
0,0,0.0439315
0,0,0.0439626
0,0,0.0439694
0,0,0.0439824
0,0,0.0440505
0,0,0.0440552
0,0,0.0440626
0,0,0.0440678
0,0,0.04409
0,0,0.0441097
0,0,0.0441782
0,0,0.0442407
0,0,0.0442889
0,0,0.0442912
0,0,0.0443255
0,0,0.0443288
0,0,0.0443352
0,0,0.044374
0,0,0.0443942
0,0,0.0444003
0,0,0.0444456
0,0,0.0444541
0,0,0.044533
0,0,0.0445823
0,0,0.0446055
0,0,0.0446239
0,0,0.044768
0,0,0.0447799
0,0,0.0447831
0,0,0.0447939
0,0,0.0447995
0,0,0.0448162
0,0,0.044826
0,0,0.0448264
0,0,0.0449252
0,0,0.0449922
0,0,0.0449949
0,0,0.0450095
0,0,0.0450834
0,0,0.0450883
0,0,0.0450946
0,0,0.0451119
0,0,0.0452239
0,0,0.0452253
0,0,0.0452369
0,0,0.0452548
0,0,0.0452737
0,0,0.0452918
0,0,0.0453556
0,0,0.0453621
0,0,0.0453709
0,0,0.0453893
0,0,0.0454678
0,0,0.0454776
0,0,0.0455276
0,0,0.0456128
0,0,0.0456501
0,0,0.0456726
0,0,0.0456933
0,0,0.045754
0,0,0.0457572
0,0,0.0457687
0,0,0.0457878
0,0,0.0457909
0,0,0.0458043
0,0,0.0458784
0,0,0.0459026
0,0,0.0459476
0,0,0.0459733
0,0,0.0460345
0,0,0.0460518
0,0,0.0460876
0,0,0.046122
0,0,0.0461334
0,0,0.0461414
0,0,0.0461598
0,0,0.0461868
0,0,0.0462045
0,0,0.046236
0,0,0.0462465
0,0,0.0462507
0,0,0.0462563
0,0,0.0463188
0,0,0.046337
0,0,0.0463415
0,0,0.0463763
0,0,0.0463876
0,0,0.0463987
0,0,0.0464314
0,0,0.0464961
0,0,0.0465309
0,0,0.0465782
0,0,0.0465817
0,0,0.0465916
0,0,0.0466054
0,0,0.0466352
0,0,0.0466406
0,0,0.0466907
0,0,0.0466958
0,0,0.0467011
0,0,0.0467284
0,0,0.0467309
0,0,0.0467365
0,0,0.0467436
0,0,0.0467596
0,0,0.0467634
0,0,0.046766
0,0,0.0467667
0,0,0.046847
0,0,0.0469225
0,0,0.0469565
0,0,0.0471094
0,0,0.0471675
0,0,0.0471884
0,0,0.0472343
0,0,0.0472652
0,0,0.047285
0,0,0.0473255
0,0,0.0473455
0,0,0.0473486
0,0,0.0473502
0,0,0.0473659
0,0,0.0473913
0,0,0.0474001
0,0,0.0474585
0,0,0.0475102
0,0,0.0475273
0,0,0.0475333
0,0,0.0475697
0,0,0.0475873
0,0,0.0476314
0,0,0.047802
0,0,0.0478046
0,0,0.0478139
0,0,0.0478171
0,0,0.0478186
0,0,0.0478281
0,0,0.0479502
0,0,0.0479633
0,0,0.0479732
0,0,0.0479834
0,0,0.0479919
0,0,0.0480135
0,0,0.0480159
0,0,0.0480803
0,0,0.048094
0,0,0.0481125
0,0,0.048188
0,0,0.0481911
0,0,0.048204
0,0,0.048219
0,0,0.0482317
0,0,0.0482839
0,0,0.048287
0,0,0.0483061
0,0,0.0483064
0,0,0.0484372
0,0,0.0484772
0,0,0.0485393
0,0,0.0485478
0,0,0.0486355
0,0,0.0486384
0,0,0.0486425
0,0,0.0486845
0,0,0.0487524
0,0,0.0487791
0,0,0.0487953
0,0,0.0489383
0,0,0.048952
0,0,0.0489946
0,0,0.0490966
0,0,0.0491068
0,0,0.0491316
0,0,0.0491518
0,0,0.0491581
0,0,0.0491689
0,0,0.0491836
0,0,0.0492064
0,0,0.0492502
0,0,0.049254
0,0,0.0492924
0,0,0.0493335
0,0,0.0493607
0,0,0.049368
0,0,0.049389
0,0,0.0494296
0,0,0.0496039
0,0,0.0496248
0,0,0.0496435
0,0,0.0496606
0,0,0.0496607
0,0,0.0497244
0,0,0.0497282
0,0,0.0497786
0,0,0.0497896
0,0,0.0497905
0,0,0.0498341
0,0,0.0498734
0,0,0.049901
0,0,0.049934
0,0,0.0500046
0,0,0.05002
0,0,0.0500242
0,0,0.050039
0,0,0.0500594
0,0,0.050139
0,0,0.0501706
0,0,0.0501714
0,0,0.0501889
0,0,0.0502334
0,0,0.0502883
0,0,0.050292
0,0,0.0503252
0,0,0.0503436
0,0,0.0503497
0,0,0.0503847
0,0,0.0504583
0,0,0.050465
0,0,0.050466
0,0,0.0504828
0,0,0.0505203
0,0,0.050529
0,0,0.0505347
0,0,0.0505876
0,0,0.0506011
0,0,0.0506666
0,0,0.0507171
0,0,0.0508012
0,0,0.0508606
0,0,0.0508659
0,0,0.0509356
0,0,0.0509453
0,0,0.0509676
0,0,0.051034
0,0,0.0510415
0,0,0.0511159
0,0,0.0511165
0,0,0.0511296
0,0,0.0511843
0,0,0.0511931
0,0,0.0512218
0,0,0.051233
0,0,0.0513016
0,0,0.0513262
0,0,0.0513354
0,0,0.051341
0,0,0.0514407
0,0,0.0514472
0,0,0.0515345
0,0,0.0515437
0,0,0.0515575
0,0,0.0516312
0,0,0.0516453
0,0,0.051665
0,0,0.05169
0,0,0.0516926
0,0,0.051695
0,0,0.0517047
0,0,0.0517474
0,0,0.0517888
0,0,0.0518347
0,0,0.0518461
0,0,0.0518702
0,0,0.0518902
0,0,0.05193
0,0,0.0520348
0,0,0.0520553
0,0,0.0520615
0,0,0.0520837
0,0,0.0521274
0,0,0.0522128
0,0,0.0522335
0,0,0.0522364
0,0,0.0522798
0,0,0.0522923
0,0,0.0523059
0,0,0.0523099
0,0,0.0523264
0,0,0.0523309
0,0,0.0523708
0,0,0.0523803
0,0,0.0523849
0,0,0.0523899
0,0,0.0524228
0,0,0.0524325
0,0,0.052452
0,0,0.0524606
0,0,0.0524987
0,0,0.0525265
0,0,0.0525352
0,0,0.0525496
0,0,0.0525598
0,0,0.0525624
0,0,0.0526052
0,0,0.0526178
0,0,0.0526204
0,0,0.0526326
0,0,0.0526374
0,0,0.0526576
0,0,0.0526901
0,0,0.0526969
0,0,0.0527879
0,0,0.0528434
0,0,0.0528473
0,0,0.0528488
0,0,0.0528936
0,0,0.0529482
0,0,0.0529722
0,0,0.052986
0,0,0.0530166
0,0,0.053055
0,0,0.0530657
0,0,0.0530704
0,0,0.0531009
0,0,0.053152
0,0,0.0531579
0,0,0.0531937
0,0,0.0532894
0,0,0.0533032
0,0,0.0533091
0,0,0.0533404
0,0,0.0533506
0,0,0.0533804
0,0,0.0533976
0,0,0.0534175
0,0,0.0534176
0,0,0.053451
0,0,0.0534713
0,0,0.0534777
0,0,0.0535059
0,0,0.0535199
0,0,0.0535527
0,0,0.0535918
0,0,0.0536045
0,0,0.0536099
0,0,0.0537115
0,0,0.053731
0,0,0.0537502
0,0,0.0537862
0,0,0.0538058
0,0,0.0538443
0,0,0.0538641
0,0,0.0539439
0,0,0.0541107
0,0,0.0541352
0,0,0.0541483
0,0,0.0541524
0,0,0.0541759
0,0,0.0542561
0,0,0.05428
0,0,0.0543032
0,0,0.0543609
0,0,0.0543648
0,0,0.0543832
0,0,0.0544624
0,0,0.0544631
0,0,0.0544952
0,0,0.0545095
0,0,0.0545354
0,0,0.0545468
0,0,0.0545674
0,0,0.0546796
0,0,0.054707
0,0,0.0547521
0,0,0.0547618
0,0,0.0548003
0,0,0.0548298
0,0,0.0548457
0,0,0.0549422
0,0,0.0549455
0,0,0.054955
0,0,0.0549673
0,0,0.0549703
0,0,0.0550066
0,0,0.0550291
0,0,0.0550339
0,0,0.0550505
0,0,0.0551547
0,0,0.0551549
0,0,0.0551619
0,0,0.0551732
0,0,0.0551773
0,0,0.0551843
0,0,0.055198
0,0,0.0552672
0,0,0.0553272
0,0,0.0553873
0,0,0.0553936
0,0,0.0554893
0,0,0.0555557
0,0,0.0556074
0,0,0.0556815
0,0,0.0557843
0,0,0.0557948
0,0,0.0557975
0,0,0.0558243
0,0,0.0558647
0,0,0.0559595
0,0,0.0559824
0,0,0.05601
0,0,0.0560147
0,0,0.0560352
0,0,0.0560391
0,0,0.0560708
0,0,0.0560993
0,0,0.0561176
0,0,0.0562134
0,0,0.0562414
0,0,0.0563724
0,0,0.0563745
0,0,0.0564104
0,0,0.0564482
0,0,0.0564559
0,0,0.0564902
0,0,0.0565153
0,0,0.0565315
0,0,0.0566398
0,0,0.0566736
0,0,0.0566985
0,0,0.056704
0,0,0.056824
0,0,0.0569947
0,0,0.0570305
0,0,0.057032
0,0,0.0570375
0,0,0.0570412
0,0,0.0570551
0,0,0.057104
0,0,0.0571126
0,0,0.0571514
0,0,0.0571987
0,0,0.0573081
0,0,0.0573517
0,0,0.0573641
0,0,0.057461
0,0,0.0574728
0,0,0.057547
0,0,0.0576394
0,0,0.0576523
0,0,0.0576713
0,0,0.0577197
0,0,0.0577425
0,0,0.0577476
0,0,0.0578146
0,0,0.0578202
0,0,0.0578258
0,0,0.057914
0,0,0.0579151
0,0,0.0579172
0,0,0.0579345
0,0,0.0579557
0,0,0.0579981
0,0,0.0580484
0,0,0.0580792
0,0,0.0580843
0,0,0.0581092
0,0,0.0581344
0,0,0.0581626
0,0,0.0581806
0,0,0.0581971
0,0,0.0582879
0,0,0.0583088
0,0,0.0583307
0,0,0.0583489
0,0,0.058355
0,0,0.0583991
0,0,0.0583992
0,0,0.0584028
0,0,0.0584816
0,0,0.0584828
0,0,0.0585177
0,0,0.0585431
0,0,0.0585455
0,0,0.0585473
0,0,0.0585723
0,0,0.0585852
0,0,0.0586094
0,0,0.0586249
0,0,0.0586488
0,0,0.0586609
0,0,0.0586614
0,0,0.0586752
0,0,0.0587071
0,0,0.0587357
0,0,0.0587435
0,0,0.058771
0,0,0.0587758
0,0,0.0588038
0,0,0.0588349
0,0,0.0588362
0,0,0.0588599
0,0,0.0589064
0,0,0.0589309
0,0,0.0590914
0,0,0.059097
0,0,0.0591064
0,0,0.0591688
0,0,0.0592034
0,0,0.0592106
0,0,0.0592252
0,0,0.0592492
0,0,0.059258
0,0,0.0592759
0,0,0.0592764
0,0,0.0593269
0,0,0.0593523
0,0,0.0593533
0,0,0.0593645
0,0,0.0593677
0,0,0.0593767
0,0,0.0593769
0,0,0.0594158
0,0,0.0594611
0,0,0.0595345
0,0,0.0595555
0,0,0.0596401
0,0,0.0596641
0,0,0.0596799
0,0,0.0597313
0,0,0.0597315
0,0,0.0597316
0,0,0.0597509
0,0,0.0597806
0,0,0.059815
0,0,0.059824
0,0,0.0598651
0,0,0.0598912
0,0,0.0598923
0,0,0.059906
0,0,0.0599236
0,0,0.0599443
0,0,0.0599851
0,0,0.0599879
0,0,0.0600094
0,0,0.0600363
0,0,0.0600649
0,0,0.0600657
0,0,0.0600777
0,0,0.0600989
0,0,0.0601143
0,0,0.060169
0,0,0.0602222
0,0,0.0602568
0,0,0.060303
0,0,0.0603761
0,0,0.0604763
0,0,0.0604818
0,0,0.0604999
0,0,0.0605237
0,0,0.0605348
0,0,0.0605683
0,0,0.0605763
0,0,0.0606062
0,0,0.060708
0,0,0.0607489
0,0,0.0607592
0,0,0.0608352
0,0,0.0608352
0,0,0.0608668
0,0,0.0608936
0,0,0.0609055
0,0,0.0610007
0,0,0.0610095
0,0,0.0610362
0,0,0.0610998
0,0,0.0611132
0,0,0.0611609
0,0,0.0611733
0,0,0.0611916
0,0,0.0611988
0,0,0.0612019
0,0,0.0612376
0,0,0.061286
0,0,0.0613376
0,0,0.0613456
0,0,0.0613732
0,0,0.0614133
0,0,0.0614146
0,0,0.0614569
0,0,0.061476
0,0,0.0614773
0,0,0.0615016
0,0,0.0615837
0,0,0.0615886
0,0,0.0616161
0,0,0.0616514
0,0,0.0616596
0,0,0.0617109
0,0,0.0617445
0,0,0.0617931
0,0,0.0618292
0,0,0.0618564
0,0,0.0618852
0,0,0.0619068
0,0,0.0619146
0,0,0.0619178
0,0,0.0619756
0,0,0.0619757
0,0,0.0619914
0,0,0.0620412
0,0,0.0620942
0,0,0.062198
0,0,0.0622152
0,0,0.0622401
0,0,0.0622466
0,0,0.0624021
0,0,0.0624337
0,0,0.0624397
0,0,0.0624397
0,0,0.0624678
0,0,0.0625222
0,0,0.0625239
0,0,0.0625451
0,0,0.0625897
0,0,0.0625996
0,0,0.0626728
0,0,0.0626964
0,0,0.0626983
0,0,0.0627034
0,0,0.0627495
0,0,0.0627716
0,0,0.0628031
0,0,0.0628065
0,0,0.0628427
0,0,0.0628608
0,0,0.0629078
0,0,0.0629139
0,0,0.0629158
0,0,0.0629376
0,0,0.0629528
0,0,0.0629682
0,0,0.0630468
0,0,0.063105
0,0,0.0631675
0,0,0.0632031
0,0,0.0632048
0,0,0.0632358
0,0,0.0632534
0,0,0.0633346
0,0,0.0633416
0,0,0.0633955
0,0,0.0633963
0,0,0.0634238
0,0,0.0634503
0,0,0.0634516
0,0,0.0635394
0,0,0.0635574
0,0,0.0635657
0,0,0.0635992
0,0,0.0636113
0,0,0.0636386
0,0,0.063639
0,0,0.0636767
0,0,0.063683
0,0,0.0636901
0,0,0.0636905
0,0,0.063719
0,0,0.0637469
0,0,0.0637585
0,0,0.0637621
0,0,0.0638093
0,0,0.0638157
0,0,0.0638206
0,0,0.0639327
0,0,0.0639562
0,0,0.0639656
0,0,0.0639665
0,0,0.0639682
0,0,0.0640691
0,0,0.0640937
0,0,0.064096
0,0,0.0641163
0,0,0.0641344
0,0,0.0641557
0,0,0.0641776
0,0,0.0641978
0,0,0.0642135
0,0,0.0642161
0,0,0.0642193
0,0,0.0642382
0,0,0.0642555
0,0,0.064284
0,0,0.0643562
0,0,0.0644036
0,0,0.064405
0,0,0.0645503
0,0,0.0645763
0,0,0.0645931
0,0,0.0646153
0,0,0.064675
0,0,0.0646934
0,0,0.0647483
0,0,0.0647549
0,0,0.0647797
0,0,0.0647957
0,0,0.0648696
0,0,0.0648825
0,0,0.0649638
0,0,0.0649669
0,0,0.0650229
0,0,0.0650912
0,0,0.0651422
0,0,0.0652192
0,0,0.0652212
0,0,0.0652343
0,0,0.0653019
0,0,0.0653316
0,0,0.065341
0,0,0.065344
0,0,0.0653447
0,0,0.0653508
0,0,0.0654344
0,0,0.065441
0,0,0.0655038
0,0,0.0655056
0,0,0.065538
0,0,0.0655639
0,0,0.0656475
0,0,0.0657509
0,0,0.0657681
0,0,0.065839
0,0,0.0658535
0,0,0.0658712
0,0,0.0659084
0,0,0.0659471
0,0,0.0659932
0,0,0.0660937
0,0,0.0661024
0,0,0.0661096
0,0,0.0661885
0,0,0.0662293
0,0,0.0662534
0,0,0.0662571
0,0,0.0664393
0,0,0.0664702
0,0,0.0665964
0,0,0.0666018
0,0,0.0666137
0,0,0.0666524
0,0,0.066675
0,0,0.0667062
0,0,0.0667116
0,0,0.0667359
0,0,0.0667756
0,0,0.0667797
0,0,0.0667872
0,0,0.0667873
0,0,0.0668481
0,0,0.0668621
0,0,0.066895
0,0,0.0669346
0,0,0.0669461
0,0,0.0669468
0,0,0.067013
0,0,0.0670157
0,0,0.0670428
0,0,0.0670504
0,0,0.0670511
0,0,0.0670562
0,0,0.0671098
0,0,0.0671797
0,0,0.0671897
0,0,0.0672033
0,0,0.0672313
0,0,0.0672355
0,0,0.0672492
0,0,0.067331
0,0,0.0673369
0,0,0.0673726
0,0,0.0673742
0,0,0.0674354
0,0,0.0675002
0,0,0.067512
0,0,0.0675666
0,0,0.0675863
0,0,0.0676491
0,0,0.067711
0,0,0.0677454
0,0,0.0677581
0,0,0.0678628
0,0,0.0678735
0,0,0.0679084
0,0,0.0680181
0,0,0.0680315
0,0,0.0680736
0,0,0.0681136
0,0,0.0682269
0,0,0.0683342
0,0,0.06835
0,0,0.0684488
0,0,0.0685018
0,0,0.0685531
0,0,0.0686101
0,0,0.0686391
0,0,0.0686477
0,0,0.0686493
0,0,0.068659
0,0,0.0687156
0,0,0.0687465
0,0,0.0688383
0,0,0.0689472
0,0,0.0689668
0,0,0.0690031
0,0,0.0690095
0,0,0.0690958
0,0,0.0692039
0,0,0.069208
0,0,0.0692186
0,0,0.0692287
0,0,0.0692824
0,0,0.0693647
0,0,0.0693752
0,0,0.0693963
0,0,0.0694065
0,0,0.0694103
0,0,0.0694257
0,0,0.0694546
0,0,0.0694754
0,0,0.0694967
0,0,0.0695159
0,0,0.0695913
0,0,0.0696309
0,0,0.0696964
0,0,0.0697031
0,0,0.0697143
0,0,0.0697267
0,0,0.0697959
0,0,0.0697985
0,0,0.069838
0,0,0.0698611
0,0,0.0698832
0,0,0.069918
0,0,0.0699315
0,0,0.0700185
0,0,0.0700758
0,0,0.0700889
0,0,0.070129
0,0,0.0701827
0,0,0.070192
0,0,0.0702136
0,0,0.0702387
0,0,0.0702705
0,0,0.0703626
0,0,0.0703928
0,0,0.0704389
0,0,0.070465
0,0,0.070543
0,0,0.070584
0,0,0.0707133
0,0,0.0707156
0,0,0.0707337
0,0,0.0707436
0,0,0.0707915
0,0,0.0709187
0,0,0.0710477
0,0,0.0711039
0,0,0.0711631
0,0,0.0711846
0,0,0.0711961
0,0,0.0712241
0,0,0.0712381
0,0,0.0713419
0,0,0.0713906
0,0,0.0714244
0,0,0.0714993
0,0,0.0715742
0,0,0.0715907
0,0,0.0716148
0,0,0.0716856
0,0,0.0717302
0,0,0.0717312
0,0,0.0717366
0,0,0.0717422
0,0,0.0717737
0,0,0.0717877
0,0,0.0717882
0,0,0.0717967
0,0,0.0717979
0,0,0.0718406
0,0,0.0718555
0,0,0.071865
0,0,0.0718928
0,0,0.0719263
0,0,0.0719578
0,0,0.0720013
0,0,0.0720289
0,0,0.072048
0,0,0.0720958
0,0,0.0721315
0,0,0.0721566
0,0,0.0721781
0,0,0.0721919
0,0,0.0722003
0,0,0.0724028
0,0,0.0724165
0,0,0.0724675
0,0,0.0725705
0,0,0.0725781
0,0,0.0726191
0,0,0.0726299
0,0,0.0726403
0,0,0.0726431
0,0,0.0727952
0,0,0.0728306
0,0,0.0728779
0,0,0.072931
0,0,0.072975
0,0,0.0729987
0,0,0.0730256
0,0,0.0730415
0,0,0.073085
0,0,0.073131
0,0,0.0732297
0,0,0.073253
0,0,0.0732966
0,0,0.0734114
0,0,0.0735085
0,0,0.0735579
0,0,0.0736387
0,0,0.0737224
0,0,0.0737561
0,0,0.0738569
0,0,0.0738574
0,0,0.0738628
0,0,0.0740057
0,0,0.0741029
0,0,0.074108
0,0,0.0741913
0,0,0.0742655
0,0,0.0742958
0,0,0.0743057
0,0,0.0743736
0,0,0.074823
0,0,0.0748696
0,0,0.0749067
0,0,0.0749326
0,0,0.0749454
0,0,0.0750695
0,0,0.0751652
0,0,0.0751977
0,0,0.0751988
0,0,0.0752988
0,0,0.0753215
0,0,0.0753925
0,0,0.0754348
0,0,0.0754506
0,0,0.075491
0,0,0.0754988
0,0,0.0754999
0,0,0.0755188
0,0,0.0755222
0,0,0.0755395
0,0,0.0755811
0,0,0.0756038
0,0,0.0756447
0,0,0.0757525
0,0,0.075758
0,0,0.0758611
0,0,0.0759005
0,0,0.0760167
0,0,0.0760644
0,0,0.0760788
0,0,0.0761034
0,0,0.0761316
0,0,0.076168
0,0,0.0762173
0,0,0.0762273
0,0,0.0762474
0,0,0.0762927
0,0,0.0762982
0,0,0.0763295
0,0,0.0763767
0,0,0.0763954
0,0,0.0764011
0,0,0.0764075
0,0,0.0764886
0,0,0.0765005
0,0,0.0765287
0,0,0.0765335
0,0,0.0765832
0,0,0.0766737
0,0,0.0767135
0,0,0.076792
0,0,0.0768489
0,0,0.0768577
0,0,0.0768875
0,0,0.0768875
0,0,0.0768925
0,0,0.0769681
0,0,0.0769789
0,0,0.0769895
0,0,0.0770577
0,0,0.0770986
0,0,0.0771093
0,0,0.0771316
0,0,0.0772565
0,0,0.0772664
0,0,0.0772673
0,0,0.0773312
0,0,0.0773731
0,0,0.0774094
0,0,0.0776557
0,0,0.0776925
0,0,0.0776967
0,0,0.0777611
0,0,0.0777679
0,0,0.0777722
0,0,0.0777865
0,0,0.0778687
0,0,0.0778811
0,0,0.0779324
0,0,0.0779891
0,0,0.0779946
0,0,0.0780153
0,0,0.0781134
0,0,0.0781725
0,0,0.0782204
0,0,0.0785095
0,0,0.0785267
0,0,0.078534
0,0,0.0786616
0,0,0.0786758
0,0,0.0786909
0,0,0.0787322
0,0,0.0787966
0,0,0.0787997
0,0,0.0788691
0,0,0.0788769
0,0,0.0789515
0,0,0.0790472
0,0,0.0790822
0,0,0.0791703
0,0,0.0792004
0,0,0.0792068
0,0,0.0792519
0,0,0.0793269
0,0,0.0795136
0,0,0.0796187
0,0,0.0797221
0,0,0.0797869
0,0,0.0797941
0,0,0.0798813
0,0,0.0799445
0,0,0.0799643
0,0,0.0799848
0,0,0.0800045
0,0,0.0800079
0,0,0.0800165
0,0,0.0800816
0,0,0.0801086
0,0,0.0801382
0,0,0.0801404
0,0,0.0801802
0,0,0.0802574
0,0,0.0802754
0,0,0.0802765
0,0,0.0803365
0,0,0.080383
0,0,0.0804938
0,0,0.0805008
0,0,0.0805787
0,0,0.0806649
0,0,0.0806889
0,0,0.0806957
0,0,0.0806958
0,0,0.0807262
0,0,0.0807548
0,0,0.0807564
0,0,0.0807575
0,0,0.08083
0,0,0.0808544
0,0,0.0808615
0,0,0.0808753
0,0,0.0810159
0,0,0.0810737
0,0,0.0811201
0,0,0.0811419
0,0,0.081144
0,0,0.0811794
0,0,0.0811831
0,0,0.0812121
0,0,0.0812816
0,0,0.0813257
0,0,0.081338
0,0,0.0813557
0,0,0.0813583
0,0,0.081431
0,0,0.0814404
0,0,0.0814917
0,0,0.0814958
0,0,0.081601
0,0,0.0816924
0,0,0.0817021
0,0,0.0817159
0,0,0.0818405
0,0,0.0818543
0,0,0.0818997
0,0,0.0820108
0,0,0.0820232
0,0,0.0820957
0,0,0.0820973
0,0,0.0821465
0,0,0.0821605
0,0,0.0821746
0,0,0.0822142
0,0,0.0822184
0,0,0.0822407
0,0,0.0822772
0,0,0.0823258
0,0,0.0823276
0,0,0.0823369
0,0,0.0823769
0,0,0.0824018
0,0,0.0824193
0,0,0.082483
0,0,0.0825337
0,0,0.0825696
0,0,0.0826718
0,0,0.0827102
0,0,0.0827335
0,0,0.0828077
0,0,0.0828561
0,0,0.0829784
0,0,0.0829923
0,0,0.0830181
0,0,0.0830614
0,0,0.0831381
0,0,0.0831444
0,0,0.0831971
0,0,0.0832049
0,0,0.0832139
0,0,0.0832717
0,0,0.0833794
0,0,0.0834037
0,0,0.0834586
0,0,0.0835574
0,0,0.083572
0,0,0.0835887
0,0,0.0835982
0,0,0.0837213
0,0,0.0838686
0,0,0.0838783
0,0,0.0840285
0,0,0.0840942
0,0,0.0841068
0,0,0.0841265
0,0,0.0841931
0,0,0.0842479
0,0,0.0844001
0,0,0.0844054
0,0,0.0844259
0,0,0.0845402
0,0,0.0845815
0,0,0.0846413
0,0,0.0847564
0,0,0.0848357
0,0,0.0849115
0,0,0.084913
0,0,0.0850283
0,0,0.0850416
0,0,0.0850762
0,0,0.0850873
0,0,0.0851951
0,0,0.085237
0,0,0.0852465
0,0,0.0854227
0,0,0.0854278
0,0,0.085446
0,0,0.0855931
0,0,0.085656
0,0,0.0858541
0,0,0.0858542
0,0,0.0859019
0,0,0.0859035
0,0,0.0859258
0,0,0.0859441
0,0,0.0862386
0,0,0.0864295
0,0,0.0864648
0,0,0.0865641
0,0,0.0865959
0,0,0.0866068
0,0,0.0866822
0,0,0.0867994
0,0,0.0867994
0,0,0.0868048
0,0,0.0868905
0,0,0.0871459
0,0,0.0871467
0,0,0.0872174
0,0,0.0872508
0,0,0.0873238
0,0,0.0873771
0,0,0.0874339
0,0,0.0874365
0,0,0.0875078
0,0,0.0875332
0,0,0.0875387
0,0,0.0877478
0,0,0.0877505
0,0,0.0878087
0,0,0.0878606
0,0,0.0879664
0,0,0.0880729
0,0,0.0881022
0,0,0.0882109
0,0,0.0884951
0,0,0.0885873
0,0,0.0886083
0,0,0.0886173
0,0,0.0886757
0,0,0.0888449
0,0,0.088863
0,0,0.0888944
0,0,0.0889252
0,0,0.0889939
0,0,0.089096
0,0,0.0891969
0,0,0.0892682
0,0,0.0893581
0,0,0.0894388
0,0,0.089549
0,0,0.0895911
0,0,0.0896048
0,0,0.0897144
0,0,0.089773
0,0,0.0899106
0,0,0.089969
0,0,0.0899881
0,0,0.0899965
0,0,0.0900645
0,0,0.0900673
0,0,0.090073
0,0,0.0901585
0,0,0.0901718
0,0,0.0901821
0,0,0.0902052
0,0,0.0902783
0,0,0.0902853
0,0,0.0903096
0,0,0.0903281
0,0,0.090339
0,0,0.0903611
0,0,0.0904007
0,0,0.0904189
0,0,0.090428
0,0,0.0904442
0,0,0.0905128
0,0,0.0905932
0,0,0.0907297
0,0,0.0907767
0,0,0.0908192
0,0,0.0908231
0,0,0.0908377
0,0,0.0909174
0,0,0.0909343
0,0,0.0910741
0,0,0.091147
0,0,0.0912718
0,0,0.0913393
0,0,0.0914458
0,0,0.0914521
0,0,0.0914539
0,0,0.091466
0,0,0.0914754
0,0,0.0915163
0,0,0.0915333
0,0,0.0915704
0,0,0.0916661
0,0,0.091734
0,0,0.0917741
0,0,0.0920308
0,0,0.0920435
0,0,0.0921655
0,0,0.0922811
0,0,0.0923054
0,0,0.0923086
0,0,0.092422
0,0,0.0925655
0,0,0.0925766
0,0,0.0925792
0,0,0.0925827
0,0,0.0926769
0,0,0.0927136
0,0,0.0927161
0,0,0.0927643
0,0,0.0928506
0,0,0.0928725
0,0,0.0929159
0,0,0.0930801
0,0,0.0931377
0,0,0.093175
0,0,0.093197
0,0,0.0933226
0,0,0.0933311
0,0,0.093408
0,0,0.0934651
0,0,0.0935371
0,0,0.0935621
0,0,0.0936994
0,0,0.093728
0,0,0.0937957
0,0,0.0939019
0,0,0.0939954
0,0,0.0940566
0,0,0.0940803
0,0,0.0941811
0,0,0.0941909
0,0,0.0942337
0,0,0.0942371
0,0,0.0943858
0,0,0.0944112
0,0,0.0944499
0,0,0.0944555
0,0,0.0945857
0,0,0.0947162
0,0,0.0947262
0,0,0.0947344
0,0,0.0947835
0,0,0.0948602
0,0,0.0949011
0,0,0.0950228
0,0,0.0951524
0,0,0.0951585
0,0,0.0953449
0,0,0.0953507
0,0,0.0953767
0,0,0.0953796
0,0,0.0954122
0,0,0.0955756
0,0,0.0957169
0,0,0.0957454
0,0,0.0960393
0,0,0.0960914
0,0,0.0961027
0,0,0.0961288
0,0,0.0962024
0,0,0.0962132
0,0,0.096218
0,0,0.0963311
0,0,0.096512
0,0,0.0965864
0,0,0.0967579
0,0,0.0967797
0,0,0.0969055
0,0,0.0970434
0,0,0.0970766
0,0,0.0973392
0,0,0.0973617
0,0,0.097362
0,0,0.0974305
0,0,0.0975144
0,0,0.0975262
0,0,0.0975641
0,0,0.0975939
0,0,0.0976857
0,0,0.0978282
0,0,0.0980964
0,0,0.0981363
0,0,0.0981692
0,0,0.0982254
0,0,0.0982305
0,0,0.0983209
0,0,0.0983719
0,0,0.0984477
0,0,0.0985155
0,0,0.0986265
0,0,0.0986376
0,0,0.0986558
0,0,0.0988022
0,0,0.0989336
0,0,0.0990211
0,0,0.099041
0,0,0.0990849
0,0,0.0991603
0,0,0.0991676
0,0,0.0993902
0,0,0.0994041
0,0,0.0994296
0,0,0.0995127
0,0,0.0995238
0,0,0.0996247
0,0,0.0996822
0,0,0.0996824
0,0,0.0998997
0,0,0.100361
0,0,0.100396
0,0,0.100679
0,0,0.10079
0,0,0.100807
0,0,0.101172
0,0,0.101185
0,0,0.101188
0,0,0.101488
0,0,0.101523
0,0,0.101657
0,0,0.10175
0,0,0.101765
0,0,0.10185
0,0,0.101851
0,0,0.101874
0,0,0.101889
0,0,0.101903
0,0,0.102002
0,0,0.102098
0,0,0.102169
0,0,0.102196
0,0,0.102198
0,0,0.102228
0,0,0.102248
0,0,0.102278
0,0,0.102352
0,0,0.102398
0,0,0.102444
0,0,0.102445
0,0,0.102463
0,0,0.102505
0,0,0.102585
0,0,0.102602
0,0,0.102652
0,0,0.102665
0,0,0.102796
0,0,0.102943
0,0,0.10297
0,0,0.10299
0,0,0.103004
0,0,0.103016
0,0,0.103067
0,0,0.103126
0,0,0.103188
0,0,0.103212
0,0,0.103301
0,0,0.10335
0,0,0.10339
0,0,0.103411
0,0,0.103438
0,0,0.10359
0,0,0.103658
0,0,0.103742
0,0,0.103875
0,0,0.103944
0,0,0.103953
0,0,0.10401
0,0,0.104094
0,0,0.104142
0,0,0.104206
0,0,0.104357
0,0,0.104376
0,0,0.104389
0,0,0.104524
0,0,0.104606
0,0,0.10461
0,0,0.104772
0,0,0.104813
0,0,0.104866
0,0,0.104876
0,0,0.104893
0,0,0.104936
0,0,0.104955
0,0,0.104956
0,0,0.105097
0,0,0.105119
0,0,0.105133
0,0,0.105218
0,0,0.105306
0,0,0.105338
0,0,0.105408
0,0,0.105617
0,0,0.105822
0,0,0.105838
0,0,0.105961
0,0,0.106397
0,0,0.106432
0,0,0.106439
0,0,0.106568
0,0,0.106581
0,0,0.106631
0,0,0.106644
0,0,0.106713
0,0,0.106794
0,0,0.106804
0,0,0.106946
0,0,0.106967
0,0,0.107152
0,0,0.107185
0,0,0.107196
0,0,0.107369
0,0,0.107409
0,0,0.107413
0,0,0.107507
0,0,0.107581
0,0,0.107612
0,0,0.10765
0,0,0.107688
0,0,0.107768
0,0,0.107859
0,0,0.108063
0,0,0.108086
0,0,0.108124
0,0,0.108138
0,0,0.108154
0,0,0.10819
0,0,0.108215
0,0,0.108309
0,0,0.108332
0,0,0.108439
0,0,0.108452
0,0,0.108472
0,0,0.108581
0,0,0.108711
0,0,0.108753
0,0,0.108797
0,0,0.108927
0,0,0.109152
0,0,0.109434
0,0,0.109506
0,0,0.109515
0,0,0.109549
0,0,0.109694
0,0,0.109697
0,0,0.109827
0,0,0.109867
0,0,0.109912
0,0,0.110037
0,0,0.110061
0,0,0.110204
0,0,0.110298
0,0,0.110364
0,0,0.110411
0,0,0.110578
0,0,0.11061
0,0,0.110653
0,0,0.110724
0,0,0.11075
0,0,0.110903
0,0,0.110989
0,0,0.111061
0,0,0.111185
0,0,0.111286
0,0,0.111508
0,0,0.111743
0,0,0.111795
0,0,0.111882
0,0,0.111906
0,0,0.112184
0,0,0.112209
0,0,0.112632
0,0,0.112725
0,0,0.112817
0,0,0.11282
0,0,0.11313
0,0,0.113297
0,0,0.113514
0,0,0.113601
0,0,0.113613
0,0,0.113669
0,0,0.113734
0,0,0.113753
0,0,0.113814
0,0,0.113863
0,0,0.113881
0,0,0.114194
0,0,0.114291
0,0,0.114295
0,0,0.114311
0,0,0.114372
0,0,0.114407
0,0,0.114431
0,0,0.114487
0,0,0.114722
0,0,0.114724
0,0,0.114734
0,0,0.114765
0,0,0.114837
0,0,0.115042
0,0,0.115057
0,0,0.115084
0,0,0.115153
0,0,0.115193
0,0,0.115355
0,0,0.115543
0,0,0.115576
0,0,0.115588
0,0,0.115591
0,0,0.115687
0,0,0.11582
0,0,0.115989
0,0,0.115992
0,0,0.116005
0,0,0.116297
0,0,0.116308
0,0,0.116436
0,0,0.116527
0,0,0.116588
0,0,0.116651
0,0,0.116753
0,0,0.116852
0,0,0.116965
0,0,0.117001
0,0,0.117202
0,0,0.117281
0,0,0.117527
0,0,0.117621
0,0,0.117679
0,0,0.117744
0,0,0.117911
0,0,0.118018
0,0,0.118036
0,0,0.118131
0,0,0.118198
0,0,0.118259
0,0,0.11826
0,0,0.118437
0,0,0.118486
0,0,0.118586
0,0,0.11866
0,0,0.118867
0,0,0.118971
0,0,0.118997
0,0,0.119018
0,0,0.119019
0,0,0.119067
0,0,0.119103
0,0,0.11926
0,0,0.119269
0,0,0.119359
0,0,0.119413
0,0,0.119464
0,0,0.119553
0,0,0.119742
0,0,0.119816
0,0,0.119833
0,0,0.119848
0,0,0.119936
0,0,0.11997
0,0,0.120008
0,0,0.120252
0,0,0.120266
0,0,0.120297
0,0,0.120356
0,0,0.120414
0,0,0.120598
0,0,0.120664
0,0,0.120732
0,0,0.120993
0,0,0.121019
0,0,0.12102
0,0,0.121199
0,0,0.121265
0,0,0.12139
0,0,0.121466
0,0,0.12148
0,0,0.121588
0,0,0.122035
0,0,0.122195
0,0,0.122218
0,0,0.12224
0,0,0.122482
0,0,0.122909
0,0,0.123083
0,0,0.1232
0,0,0.123321
0,0,0.123478
0,0,0.123636
0,0,0.123863
0,0,0.123897
0,0,0.123983
0,0,0.124079
0,0,0.124134
0,0,0.124149
0,0,0.124213
0,0,0.124232
0,0,0.124384
0,0,0.124525
0,0,0.124532
0,0,0.124692
0,0,0.124812
0,0,0.1249
0,0,0.125168
0,0,0.125407
0,0,0.125436
0,0,0.125512
0,0,0.125514
0,0,0.125739
0,0,0.125859
0,0,0.125893
0,0,0.126132
0,0,0.126177
0,0,0.126298
0,0,0.126306
0,0,0.12668
0,0,0.126709
0,0,0.126865
0,0,0.126887
0,0,0.126925
0,0,0.127149
0,0,0.127249
0,0,0.127517
0,0,0.127632
0,0,0.127816
0,0,0.127893
0,0,0.12806
0,0,0.128112
0,0,0.12814
0,0,0.128278
0,0,0.128496
0,0,0.128581
0,0,0.128639
0,0,0.128719
0,0,0.128721
0,0,0.128975
0,0,0.129166
0,0,0.129302
0,0,0.129401
0,0,0.129542
0,0,0.129565
0,0,0.129579
0,0,0.129726
0,0,0.12981
0,0,0.129925
0,0,0.130415
0,0,0.130441
0,0,0.130443
0,0,0.130491
0,0,0.130599
0,0,0.130614
0,0,0.130642
0,0,0.130694
0,0,0.130709
0,0,0.130767
0,0,0.130769
0,0,0.130788
0,0,0.13106
0,0,0.1313
0,0,0.131544
0,0,0.131712
0,0,0.131727
0,0,0.131953
0,0,0.132001
0,0,0.132069
0,0,0.132099
0,0,0.132337
0,0,0.132591
0,0,0.132706
0,0,0.132834
0,0,0.132912
0,0,0.133092
0,0,0.133108
0,0,0.13322
0,0,0.133253
0,0,0.133286
0,0,0.133335
0,0,0.133473
0,0,0.133645
0,0,0.133727
0,0,0.133812
0,0,0.133978
0,0,0.134281
0,0,0.134317
0,0,0.134379
0,0,0.134575
0,0,0.134873
0,0,0.134969
0,0,0.13516
0,0,0.135353
0,0,0.135451
0,0,0.135576
0,0,0.1356
0,0,0.135654
0,0,0.135679
0,0,0.135703
0,0,0.135812
0,0,0.135917
0,0,0.135936
0,0,0.136239
0,0,0.136258
0,0,0.136303
0,0,0.136654
0,0,0.136698
0,0,0.136732
0,0,0.136789
0,0,0.136851
0,0,0.136943
0,0,0.136988
0,0,0.136995
0,0,0.137083
0,0,0.137166
0,0,0.137231
0,0,0.137258
0,0,0.137259
0,0,0.137335
0,0,0.137689
0,0,0.137824
0,0,0.137864
0,0,0.138409
0,0,0.138455
0,0,0.138582
0,0,0.138626
0,0,0.138663
0,0,0.138821
0,0,0.139107
0,0,0.139176
0,0,0.13927
0,0,0.1393
0,0,0.139325
0,0,0.139336
0,0,0.139455
0,0,0.13959
0,0,0.139634
0,0,0.139654
0,0,0.13979
0,0,0.139839
0,0,0.139917
0,0,0.140244
0,0,0.140253
0,0,0.140369
0,0,0.140614
0,0,0.140684
0,0,0.140763
0,0,0.140802
0,0,0.140805
0,0,0.140974
0,0,0.141182
0,0,0.141357
0,0,0.141471
0,0,0.141594
0,0,0.141617
0,0,0.141814
0,0,0.14184
0,0,0.14192
0,0,0.142121
0,0,0.14222
0,0,0.142337
0,0,0.142666
0,0,0.142685
0,0,0.142719
0,0,0.14273
0,0,0.142978
0,0,0.143163
0,0,0.143177
0,0,0.143222
0,0,0.143276
0,0,0.143379
0,0,0.143555
0,0,0.143577
0,0,0.143848
0,0,0.143962
0,0,0.144026
0,0,0.144105
0,0,0.144123
0,0,0.144158
0,0,0.144235
0,0,0.144299
0,0,0.144339
0,0,0.1444
0,0,0.144439
0,0,0.144723
0,0,0.145062
0,0,0.145505
0,0,0.145517
0,0,0.145541
0,0,0.145553
0,0,0.145574
0,0,0.145688
0,0,0.145879
0,0,0.145992
0,0,0.146283
0,0,0.146421
0,0,0.146648
0,0,0.14678
0,0,0.14717
0,0,0.147218
0,0,0.147282
0,0,0.147538
0,0,0.147703
0,0,0.147953
0,0,0.14799
0,0,0.148297
0,0,0.14861
0,0,0.148802
0,0,0.149191
0,0,0.149203
0,0,0.149208
0,0,0.149324
0,0,0.149329
0,0,0.149446
0,0,0.149446
0,0,0.149458
0,0,0.149617
0,0,0.149797
0,0,0.149867
0,0,0.149965
0,0,0.150114
0,0,0.150174
0,0,0.15047
0,0,0.150521
0,0,0.150539
0,0,0.150584
0,0,0.150783
0,0,0.151306
0,0,0.15135
0,0,0.15136
0,0,0.151504
0,0,0.151689
0,0,0.151778
0,0,0.151952
0,0,0.152222
0,0,0.152356
0,0,0.152373
0,0,0.152765
0,0,0.152902
0,0,0.153322
0,0,0.15341
0,0,0.153819
0,0,0.153894
0,0,0.154073
0,0,0.15421
0,0,0.154536
0,0,0.154574
0,0,0.1546
0,0,0.154601
0,0,0.154604
0,0,0.154618
0,0,0.1552
0,0,0.155253
0,0,0.155254
0,0,0.155774
0,0,0.156331
0,0,0.156737
0,0,0.156861
0,0,0.156889
0,0,0.157446
0,0,0.158048
0,0,0.158566
0,0,0.158604
0,0,0.158671
0,0,0.158732
0,0,0.159124
0,0,0.159214
0,0,0.15928
0,0,0.159296
0,0,0.159431
0,0,0.159437
0,0,0.159578
0,0,0.159796
0,0,0.159798
0,0,0.159935
0,0,0.159997
0,0,0.160022
0,0,0.160324
0,0,0.160326
0,0,0.16043
0,0,0.160449
0,0,0.160452
0,0,0.160821
0,0,0.161062
0,0,0.161068
0,0,0.161208
0,0,0.161287
0,0,0.161369
0,0,0.16184
0,0,0.161907
0,0,0.162059
0,0,0.162088
0,0,0.162319
0,0,0.162668
0,0,0.163227
0,0,0.163302
0,0,0.163343
0,0,0.163452
0,0,0.163456
0,0,0.163533
0,0,0.163715
0,0,0.164096
0,0,0.164172
0,0,0.164179
0,0,0.164201
0,0,0.164285
0,0,0.164402
0,0,0.165052
0,0,0.165068
0,0,0.165154
0,0,0.165247
0,0,0.165396
0,0,0.165449
0,0,0.165458
0,0,0.165461
0,0,0.165549
0,0,0.16567
0,0,0.165762
0,0,0.16586
0,0,0.165951
0,0,0.165976
0,0,0.166075
0,0,0.166135
0,0,0.166148
0,0,0.166248
0,0,0.166296
0,0,0.166453
0,0,0.166556
0,0,0.166627
0,0,0.166803
0,0,0.166916
0,0,0.166942
0,0,0.166969
0,0,0.166994
0,0,0.167003
0,0,0.167388
0,0,0.167393
0,0,0.167621
0,0,0.167868
0,0,0.168217
0,0,0.168433
0,0,0.168447
0,0,0.168544
0,0,0.168797
0,0,0.169285
0,0,0.169521
0,0,0.169633
0,0,0.169635
0,0,0.169759
0,0,0.169931
0,0,0.170426
0,0,0.171359
0,0,0.171395
0,0,0.171419
0,0,0.171657
0,0,0.171682
0,0,0.172128
0,0,0.172139
0,0,0.172174
0,0,0.172725
0,0,0.172798
0,0,0.172999
0,0,0.173411
0,0,0.173678
0,0,0.173878
0,0,0.173997
0,0,0.174027
0,0,0.174245
0,0,0.174381
0,0,0.174436
0,0,0.174487
0,0,0.174647
0,0,0.174918
0,0,0.175298
0,0,0.175356
0,0,0.175446
0,0,0.175587
0,0,0.175616
0,0,0.175624
0,0,0.175662
0,0,0.175674
0,0,0.175747
0,0,0.175813
0,0,0.176756
0,0,0.177019
0,0,0.177671
0,0,0.177793
0,0,0.177945
0,0,0.178496
0,0,0.178554
0,0,0.179265
0,0,0.179421
0,0,0.17947
0,0,0.179629
0,0,0.18
0,0,0.180096
0,0,0.180106
0,0,0.180134
0,0,0.180253
0,0,0.180316
0,0,0.180528
0,0,0.180649
0,0,0.180716
0,0,0.180832
0,0,0.18086
0,0,0.181035
0,0,0.181175
0,0,0.181243
0,0,0.181268
0,0,0.181289
0,0,0.181976
0,0,0.182013
0,0,0.182356
0,0,0.182566
0,0,0.182709
0,0,0.182912
0,0,0.183514
0,0,0.183673
0,0,0.184028
0,0,0.184502
0,0,0.184566
0,0,0.184603
0,0,0.185005
0,0,0.185145
0,0,0.185153
0,0,0.185397
0,0,0.185901
0,0,0.185985
0,0,0.186036
0,0,0.186108
0,0,0.186249
0,0,0.186262
0,0,0.186299
0,0,0.186994
0,0,0.187006
0,0,0.187148
0,0,0.187621
0,0,0.187714
0,0,0.187727
0,0,0.187794
0,0,0.187875
0,0,0.187968
0,0,0.188061
0,0,0.188157
0,0,0.188803
0,0,0.188831
0,0,0.188838
0,0,0.18884
0,0,0.188964
0,0,0.18912
0,0,0.189237
0,0,0.189648
0,0,0.189705
0,0,0.189988
0,0,0.190584
0,0,0.190922
0,0,0.191033
0,0,0.191095
0,0,0.191272
0,0,0.191394
0,0,0.19143
0,0,0.191485
0,0,0.191622
0,0,0.191743
0,0,0.191898
0,0,0.191966
0,0,0.192154
0,0,0.192395
0,0,0.192408
0,0,0.192959
0,0,0.193353
0,0,0.193618
0,0,0.19388
0,0,0.193926
0,0,0.194332
0,0,0.194857
0,0,0.195203
0,0,0.195386
0,0,0.1957
0,0,0.196031
0,0,0.196223
0,0,0.196497
0,0,0.196642
0,0,0.196841
0,0,0.196863
0,0,0.196886
0,0,0.196893
0,0,0.196924
0,0,0.19814
0,0,0.198629
0,0,0.199419
0,0,0.199661
0,0,0.199852
0,0,0.20018
0,0,0.200401
0,0,0.200482
0,0,0.200632
0,0,0.200784
0,0,0.201501
0,0,0.202078
0,0,0.202086
0,0,0.20213
0,0,0.20221
0,0,0.202615
0,0,0.202689
0,0,0.203051
0,0,0.203456
0,0,0.204095
0,0,0.204192
0,0,0.204274
0,0,0.204287
0,0,0.204479
0,0,0.204485
0,0,0.204557
0,0,0.204745
0,0,0.204759
0,0,0.205045
0,0,0.205645
0,0,0.205755
0,0,0.206228
0,0,0.206398
0,0,0.206555
0,0,0.206594
0,0,0.206791
0,0,0.206935
0,0,0.207519
0,0,0.207589
0,0,0.207649
0,0,0.20797
0,0,0.208059
0,0,0.208414
0,0,0.208627
0,0,0.208827
0,0,0.209337
0,0,0.209418
0,0,0.20942
0,0,0.209521
0,0,0.209524
0,0,0.209754
0,0,0.210082
0,0,0.210134
0,0,0.210387
0,0,0.21044
0,0,0.210588
0,0,0.210665
0,0,0.210743
0,0,0.210968
0,0,0.211167
0,0,0.211383
0,0,0.212127
0,0,0.212706
0,0,0.212707
0,0,0.212802
0,0,0.212803
0,0,0.213194
0,0,0.21322
0,0,0.213257
0,0,0.213798
0,0,0.214112
0,0,0.214117
0,0,0.214239
0,0,0.214358
0,0,0.214405
0,0,0.214596
0,0,0.214811
0,0,0.214957
0,0,0.215418
0,0,0.215625
0,0,0.215683
0,0,0.215809
0,0,0.21593
0,0,0.216021
0,0,0.216309
0,0,0.21638
0,0,0.216433
0,0,0.216828
0,0,0.216875
0,0,0.216976
0,0,0.217481
0,0,0.217593
0,0,0.218371
0,0,0.218944
0,0,0.219125
0,0,0.219227
0,0,0.219317
0,0,0.219618
0,0,0.219711
0,0,0.219835
0,0,0.219855
0,0,0.220701
0,0,0.220747
0,0,0.220794
0,0,0.220852
0,0,0.220989
0,0,0.221035
0,0,0.221258
0,0,0.221562
0,0,0.222533
0,0,0.22269
0,0,0.222722
0,0,0.223007
0,0,0.223103
0,0,0.223114
0,0,0.223137
0,0,0.223176
0,0,0.223824
0,0,0.223937
0,0,0.223977
0,0,0.224711
0,0,0.224807
0,0,0.224848
0,0,0.22533
0,0,0.225364
0,0,0.225703
0,0,0.225773
0,0,0.225887
0,0,0.226002
0,0,0.226266
0,0,0.226358
0,0,0.226749
0,0,0.227069
0,0,0.227281
0,0,0.227416
0,0,0.227597
0,0,0.22797
0,0,0.228133
0,0,0.2282
0,0,0.229292
0,0,0.229674
0,0,0.229685
0,0,0.230395
0,0,0.230763
0,0,0.231091
0,0,0.232379
0,0,0.232706
0,0,0.232733
0,0,0.232859
0,0,0.232881
0,0,0.233061
0,0,0.233135
0,0,0.233203
0,0,0.233693
0,0,0.233872
0,0,0.234038
0,0,0.234059
0,0,0.234095
0,0,0.234197
0,0,0.234687
0,0,0.234999
0,0,0.235125
0,0,0.235127
0,0,0.235523
0,0,0.236427
0,0,0.236628
0,0,0.236715
0,0,0.236785
0,0,0.236847
0,0,0.236996
0,0,0.23716
0,0,0.23719
0,0,0.23778
0,0,0.237919
0,0,0.238036
0,0,0.238054
0,0,0.239124
0,0,0.239468
0,0,0.239629
0,0,0.239686
0,0,0.240101
0,0,0.240374
0,0,0.241197
0,0,0.241623
0,0,0.241636
0,0,0.241706
0,0,0.242577
0,0,0.24259
0,0,0.242774
0,0,0.243134
0,0,0.244263
0,0,0.244868
0,0,0.245257
0,0,0.24538
0,0,0.245508
0,0,0.245584
0,0,0.24584
0,0,0.246425
0,0,0.246508
0,0,0.24678
0,0,0.246824
0,0,0.247348
0,0,0.247526
0,0,0.248451
0,0,0.248732
0,0,0.248812
0,0,0.248872
0,0,0.249091
0,0,0.250002
0,0,0.250199
0,0,0.250211
0,0,0.25061
0,0,0.250779
0,0,0.250827
0,0,0.251034
0,0,0.251216
0,0,0.251692
0,0,0.25203
0,0,0.252041
0,0,0.252546
0,0,0.252727
0,0,0.253251
0,0,0.253646
0,0,0.254229
0,0,0.254291
0,0,0.254622
0,0,0.254789
0,0,0.254819
0,0,0.255105
0,0,0.255885
0,0,0.256387
0,0,0.256513
0,0,0.256579
0,0,0.2567
0,0,0.25679
0,0,0.256889
0,0,0.256938
0,0,0.25744
0,0,0.259162
0,0,0.259336
0,0,0.259427
0,0,0.259877
0,0,0.260098
0,0,0.26013
0,0,0.260229
0,0,0.260339
0,0,0.260632
0,0,0.260684
0,0,0.260745
0,0,0.261293
0,0,0.26165
0,0,0.261687
0,0,0.261782
0,0,0.261784
0,0,0.26295
0,0,0.263114
0,0,0.263408
0,0,0.263608
0,0,0.263744
0,0,0.264053
0,0,0.26444
0,0,0.26576
0,0,0.266295
0,0,0.266754
0,0,0.26682
0,0,0.267478
0,0,0.26787
0,0,0.268352
0,0,0.268424
0,0,0.269081
0,0,0.269154
0,0,0.269986
0,0,0.270849
0,0,0.271133
0,0,0.272152
0,0,0.272526
0,0,0.272847
0,0,0.273511
0,0,0.27359
0,0,0.27405
0,0,0.274592
0,0,0.275683
0,0,0.275756
0,0,0.276912
0,0,0.27711
0,0,0.277132
0,0,0.277572
0,0,0.277782
0,0,0.278409
0,0,0.278755
0,0,0.278897
0,0,0.278994
0,0,0.279108
0,0,0.279585
0,0,0.280324
0,0,0.280577
0,0,0.281162
0,0,0.281178
0,0,0.281926
0,0,0.282086
0,0,0.282386
0,0,0.282549
0,0,0.282959
0,0,0.283559
0,0,0.283598
0,0,0.284143
0,0,0.284201
0,0,0.284495
0,0,0.284527
0,0,0.284534
0,0,0.285218
0,0,0.285527
0,0,0.285644
0,0,0.286261
0,0,0.287038
0,0,0.287325
0,0,0.289098
0,0,0.289438
0,0,0.289683
0,0,0.28982
0,0,0.291037
0,0,0.292031
0,0,0.292847
0,0,0.293308
0,0,0.29336
0,0,0.293383
0,0,0.293513
0,0,0.2939
0,0,0.294106
0,0,0.295645
0,0,0.295653
0,0,0.295693
0,0,0.295709
0,0,0.295996
0,0,0.296563
0,0,0.296571
0,0,0.29686
0,0,0.297312
0,0,0.297747
0,0,0.298307
0,0,0.298438
0,0,0.298484
0,0,0.299378
0,0,0.29939
0,0,0.299649
0,0,0.299911
0,0,0.300078
0,0,0.300512
0,0,0.300594
0,0,0.301675
0,0,0.302254
0,0,0.303318
0,0,0.305546
0,0,0.305557
0,0,0.305638
0,0,0.306167
0,0,0.306489
0,0,0.306606
0,0,0.307148
0,0,0.307543
0,0,0.307775
0,0,0.309034
0,0,0.30943
0,0,0.310024
0,0,0.310042
0,0,0.310374
0,0,0.3106
0,0,0.310744
0,0,0.310763
0,0,0.311125
0,0,0.311616
0,0,0.315207
0,0,0.317215
0,0,0.317428
0,0,0.317495
0,0,0.319673
0,0,0.320431
0,0,0.320541
0,0,0.32055
0,0,0.320638
0,0,0.321514
0,0,0.321629
0,0,0.321945
0,0,0.325437
0,0,0.325629
0,0,0.32607
0,0,0.326246
0,0,0.327338
0,0,0.327514
0,0,0.328022
0,0,0.328284
0,0,0.329068
0,0,0.329183
0,0,0.329569
0,0,0.33039
0,0,0.331297
0,0,0.33146
0,0,0.331973
0,0,0.332168
0,0,0.335043
0,0,0.335169
0,0,0.33621
0,0,0.336426
0,0,0.337282
0,0,0.337394
0,0,0.337525
0,0,0.337763
0,0,0.339909
0,0,0.340103
0,0,0.340984
0,0,0.342093
0,0,0.343876
0,0,0.343881
0,0,0.345789
0,0,0.346264
0,0,0.347176
0,0,0.347312
0,0,0.350041
0,0,0.35014
0,0,0.350916
0,0,0.350977
0,0,0.35185
0,0,0.352614
0,0,0.3538
0,0,0.356299
0,0,0.356516
0,0,0.357872
0,0,0.357901
0,0,0.358912
0,0,0.359491
0,0,0.359658
0,0,0.362687
0,0,0.362879
0,0,0.363646
0,0,0.365992
0,0,0.366928
0,0,0.367927
0,0,0.368217
0,0,0.36852
0,0,0.368782
0,0,0.369349
0,0,0.369654
0,0,0.371111
0,0,0.374669
0,0,0.375682
0,0,0.377806
0,0,0.378163
0,0,0.378663
0,0,0.379987
0,0,0.382323
0,0,0.383458
0,0,0.384842
0,0,0.385106
0,0,0.38677
0,0,0.388699
0,0,0.389531
0,0,0.394228
0,0,0.39443
0,0,0.394646
0,0,0.395124
0,0,0.396208
0,0,0.399603
0,0,0.400749
0,0,0.401116
0,0,0.401654
0,0,0.402459
0,0,0.402532
0,0,0.402817
0,0,0.409023
0,0,0.409407
0,0,0.410223
0,0,0.411783
0,0,0.417836
0,0,0.421957
0,0,0.424578
0,0,0.427827
0,0,0.429762
0,0,0.432328
0,0,0.432731
0,0,0.433937
0,0,0.435187
0,0,0.435392
0,0,0.435876
0,0,0.436384
0,0,0.436759
0,0,0.437378
0,0,0.437464
0,0,0.437464
0,0,0.439924
0,0,0.440347
0,0,0.446012
0,0,0.448073
0,0,0.448769
0,0,0.449187
0,0,0.450923
0,0,0.451974
0,0,0.453018
0,0,0.458583
0,0,0.459011
0,0,0.459391
0,0,0.459416
0,0,0.466078
0,0,0.471259
0,0,0.472218
0,0,0.477194
0,0,0.482121
0,0,0.483921
0,0,0.484929
0,0,0.489224
0,0,0.490816
0,0,0.495897
0,0,0.500635
0,0,0.501899
0,0,0.512758
0,0,0.514465
0,0,0.514707
0,0,0.518405
0,0,0.518732
0,0,0.527395
0,0,0.542545
0,0,0.543985
0,0,0.596331
0,0,0.601909
0,0,0.624136
0,0,0.66143
0,0,0.670939
0,0,0.729323
0,0,0.752336
0,0,0.775868
0,0,0.834678
0,0,0.915636
0,0,1.31271
0,0,3
1,1.51916,2.01095
1,1.19006,1.2077
1,1.15647,1.16264
1,0.957355,1.10599
1,0.943292,1.45802
1,0.919273,1.20168
1,0.902977,0.925316
1,0.797217,1.08792
1,0.790464,0.858377
1,0.758616,0.771466
1,0.757082,0.998027
1,0.754351,0.823242
1,0.722114,0.771746
1,0.70936,0.7609
1,0.697554,0.721677
1,0.693903,0.746199
1,0.690753,1.03465
1,0.688172,0.709078
1,0.682472,0.811492
1,0.682144,0.735849
1,0.676579,0.730202
1,0.674179,0.906425
1,0.662158,0.702974
1,0.655388,0.807961
1,0.651155,0.683956
1,0.635862,0.91238
1,0.632276,0.853074
1,0.629631,0.688476
1,0.62857,0.63155
1,0.617272,0.625472
1,0.616506,0.769269
1,0.610462,0.615666
1,0.606473,0.692727
1,0.586937,0.592492
1,0.58581,0.636444
1,0.580159,0.61178
1,0.578763,0.585379
1,0.575586,0.754556
1,0.572259,0.701689
1,0.565253,0.683488
1,0.562887,0.590614
1,0.562719,0.644968
1,0.562108,0.580568
1,0.559437,0.66859
1,0.557393,0.611267
1,0.556815,0.618075
1,0.556085,0.560425
1,0.554786,0.62751
1,0.552823,0.706452
1,0.548666,0.685737
1,0.545905,0.55119
1,0.545693,0.820913
1,0.542952,0.582783
1,0.542754,0.570977
1,0.539374,0.874788
1,0.537441,0.853603
1,0.53639,0.601516
1,0.53365,0.598406
1,0.5323,0.560238
1,0.531003,0.585214
1,0.528361,0.559147
1,0.525873,0.530533
1,0.523716,0.531215
1,0.51885,0.532293
1,0.518583,0.762208
1,0.517947,0.572899
1,0.517367,0.59926
1,0.515101,0.58551
1,0.513199,0.601763
1,0.512046,0.68008
1,0.5115,0.853074
1,0.505795,0.521451
1,0.505762,0.524729
1,0.502345,0.547144
1,0.501152,0.625295
1,0.5006,0.52195
1,0.495362,0.497585
1,0.494735,0.981456
1,0.49468,0.895282
1,0.494317,0.595771
1,0.49359,0.55081
1,0.486037,0.542379
1,0.484018,0.549688
1,0.482662,0.495065
1,0.478559,0.49052
1,0.473386,0.500545
1,0.471761,0.50863
1,0.469512,0.57256
1,0.469286,0.608153
1,0.4688,0.595345
1,0.46741,0.476254
1,0.465327,0.505439
1,0.465163,0.521186
1,0.464437,0.497797
1,0.462483,0.584001
1,0.462448,0.530151
1,0.461075,0.752521
1,0.458746,0.58254
1,0.45498,0.458584
1,0.454599,0.468766
1,0.454454,0.732628
1,0.453695,0.505719
1,0.45175,0.590262
1,0.449984,0.500091
1,0.449924,0.63534
1,0.44884,0.938462
1,0.447379,0.468354
1,0.447279,0.487561
1,0.44649,0.479422
1,0.446096,0.701139
1,0.445799,0.462857
1,0.44573,0.567559
1,0.442426,0.456544
1,0.438282,0.590202
1,0.437195,0.625482
1,0.437028,0.471888
1,0.436836,0.537495
1,0.436098,0.525096
1,0.43495,0.437284
1,0.434517,0.438801
1,0.431399,0.735761
1,0.429834,0.432203
1,0.429345,0.540862
1,0.428998,0.53109
1,0.428662,0.451275
1,0.428645,0.499661
1,0.428465,0.47216
1,0.427565,0.450654
1,0.427323,0.429198
1,0.42653,0.444058
1,0.426033,0.612483
1,0.423419,0.441245
1,0.419575,0.587162
1,0.418684,0.420307
1,0.418415,0.44486
1,0.417743,0.417943
1,0.417457,0.42533
1,0.416631,0.506253
1,0.414747,0.542871
1,0.412538,0.425887
1,0.411697,0.441133
1,0.410499,0.441281
1,0.409732,0.503159
1,0.406702,0.418076
1,0.405893,0.4634
1,0.405756,0.410764
1,0.404578,0.499631
1,0.403704,0.430588
1,0.403126,0.487212
1,0.398887,0.404955
1,0.398597,0.402668
1,0.398052,0.487652
1,0.394718,0.42849
1,0.394651,0.416236
1,0.3939,0.436492
1,0.391719,0.689379
1,0.391073,0.421292
1,0.390601,0.420776
1,0.389983,0.542628
1,0.389632,0.399773
1,0.385871,0.501586
1,0.384652,0.430851
1,0.382673,0.469476
1,0.380667,0.415281
1,0.38057,0.522913
1,0.380522,0.414701
1,0.379199,0.396403
1,0.379091,0.449539
1,0.379077,0.533783
1,0.378196,0.378466
1,0.377229,0.542723
1,0.376812,0.382573
1,0.373339,0.376719
1,0.3718,0.410812
1,0.369104,0.396915
1,0.367645,0.471264
1,0.367588,0.43356
1,0.365411,0.383548
1,0.365354,0.377188
1,0.363929,0.397838
1,0.361608,0.394885
1,0.361375,0.392574
1,0.361323,0.388594
1,0.36111,0.373683
1,0.360113,0.412639
1,0.359887,0.550552
1,0.358681,0.447162
1,0.358457,0.411281
1,0.358342,0.365688
1,0.357159,0.407536
1,0.352811,0.41283
1,0.352229,0.359387
1,0.351825,0.362185
1,0.350947,0.360923
1,0.349776,0.354979
1,0.349634,0.352758
1,0.348743,0.357222
1,0.348679,0.594773
1,0.347551,0.356427
1,0.347122,0.380158
1,0.347035,0.369394
1,0.346191,0.366358
1,0.343323,0.402433
1,0.342239,0.558929
1,0.341872,0.382967
1,0.341523,0.355841
1,0.341056,0.370296
1,0.340952,0.376443
1,0.339283,0.401842
1,0.339178,0.480976
1,0.338346,0.445035
1,0.337164,0.421292
1,0.336898,0.449795
1,0.336678,0.33681
1,0.336262,0.422645
1,0.335708,0.481876
1,0.335539,0.351444
1,0.335376,0.377951
1,0.335324,0.341024
1,0.33446,0.366936
1,0.334431,0.427541
1,0.333494,0.382225
1,0.333417,0.335188
1,0.333417,0.344412
1,0.332996,0.389916
1,0.332845,0.657216
1,0.331781,0.339885
1,0.331692,0.387283
1,0.330162,0.364762
1,0.327352,0.380966
1,0.325873,0.382737
1,0.325585,0.353445
1,0.325175,0.369872
1,0.324601,0.336924
1,0.323294,0.338795
1,0.321504,0.358562
1,0.319072,0.425254
1,0.31861,0.347062
1,0.318339,0.38059
1,0.318078,0.374885
1,0.318064,0.383278
1,0.31727,0.508931
1,0.317077,0.402874
1,0.316357,0.318757
1,0.316044,0.353608
1,0.315652,0.324779
1,0.314818,0.333
1,0.314363,0.333482
1,0.312873,0.317773
1,0.312754,0.313709
1,0.311219,0.348793
1,0.311012,0.325339
1,0.310951,0.42176
1,0.310693,0.384971
1,0.309648,0.340026
1,0.309418,0.349278
1,0.308344,0.30932
1,0.308275,0.331674
1,0.306833,0.376532
1,0.306022,0.356328
1,0.305611,0.314716
1,0.305463,0.312685
1,0.305406,0.456242
1,0.305275,0.368516
1,0.304663,0.454622
1,0.304632,0.328971
1,0.304403,0.305992
1,0.304127,0.348286
1,0.302968,0.31932
1,0.301196,0.314637
1,0.300568,0.332176
1,0.300263,0.410207
1,0.299686,0.424879
1,0.298768,0.303367
1,0.297633,0.377188
1,0.297513,0.42986
1,0.297263,0.320563
1,0.296976,0.432942
1,0.296497,0.359774
1,0.295457,0.342133
1,0.295115,0.35139
1,0.293994,0.30508
1,0.293952,0.309931
1,0.29346,0.349574
1,0.293396,0.352571
1,0.291419,0.301621
1,0.290581,0.429564
1,0.289017,0.28965
1,0.286989,0.417649
1,0.285236,0.324032
1,0.285094,0.292811
1,0.284889,0.345126
1,0.284753,0.290118
1,0.283841,0.338324
1,0.28345,0.323442
1,0.282714,0.315688
1,0.281639,0.366372
1,0.280993,0.325948
1,0.277834,0.294269
1,0.277484,0.388292
1,0.277011,0.370608
1,0.276668,0.335389
1,0.275549,0.329521
1,0.274582,0.524618
1,0.274034,0.33717
1,0.273816,0.32154
1,0.271487,0.288921
1,0.271075,0.303465
1,0.26893,0.27676
1,0.268374,0.315221
1,0.268257,0.295764
1,0.267762,0.43568
1,0.267327,0.271405
1,0.26728,0.313569
1,0.266787,0.33815
1,0.266392,0.266898
1,0.265348,0.424365
1,0.264805,0.332042
1,0.264661,0.292402
1,0.263561,0.284283
1,0.262869,0.451468
1,0.262498,0.274533
1,0.262428,0.275268
1,0.26225,0.265
1,0.261552,0.302738
1,0.26146,0.290462
1,0.261099,0.310558
1,0.261023,0.308048
1,0.260477,0.309561
1,0.260158,0.295545
1,0.259133,0.325231
1,0.258843,0.259375
1,0.258671,0.312963
1,0.258664,0.265322
1,0.258004,0.262421
1,0.257152,0.274062
1,0.25699,0.378361
1,0.255227,0.257897
1,0.254388,0.311698
1,0.253816,0.289832
1,0.253631,0.301821
1,0.253485,0.325831
1,0.252903,0.346804
1,0.251484,0.255022
1,0.251064,0.27455
1,0.250782,0.377647
1,0.250472,0.329247
1,0.250082,0.487184
1,0.249856,0.436891
1,0.249248,0.285989
1,0.249007,0.28523
1,0.248972,0.284398
1,0.247218,0.287378
1,0.246669,0.256273
1,0.246102,0.255382
1,0.244771,0.245706
1,0.244618,0.26383
1,0.24425,0.266159
1,0.243965,0.267427
1,0.243525,0.287925
1,0.243091,0.276577
1,0.242987,0.254886
1,0.241936,0.45617
1,0.241255,0.278063
1,0.240991,0.24301
1,0.240686,0.253184
1,0.239723,0.268062
1,0.239461,0.275835
1,0.238734,0.293398
1,0.236518,0.279392
1,0.236183,0.260069
1,0.235531,0.291706
1,0.235492,0.299877
1,0.235311,0.276384
1,0.23424,0.292777
1,0.234077,0.241571
1,0.233873,0.267849
1,0.233732,0.247271
1,0.233712,0.248036
1,0.233351,0.28344
1,0.232942,0.266152
1,0.232656,0.289398
1,0.232034,0.237559
1,0.2316,0.257728
1,0.230949,0.271689
1,0.230269,0.246659
1,0.229732,0.294492
1,0.229379,0.263875
1,0.228373,0.312382
1,0.228025,0.233716
1,0.227434,0.294386
1,0.226916,0.226957
1,0.226033,0.230148
1,0.224741,0.274257
1,0.224643,0.290681
1,0.224278,0.253329
1,0.224202,0.228426
1,0.223157,0.25616
1,0.221629,0.346622
1,0.221607,0.227854
1,0.221262,0.270851
1,0.220457,0.252044
1,0.220283,0.22934
1,0.220159,0.286911
1,0.219453,0.227094
1,0.21929,0.408942
1,0.218705,0.255063
1,0.218689,0.279379
1,0.218396,0.238511
1,0.218265,0.231139
1,0.218211,0.305734
1,0.217892,0.224167
1,0.216262,0.229074
1,0.215744,0.233497
1,0.215243,0.225183
1,0.214793,0.238494
1,0.212389,0.216164
1,0.21236,0.25039
1,0.212146,0.248479
1,0.211388,0.242571
1,0.21058,0.21725
1,0.210548,0.263011
1,0.209153,0.209273
1,0.208553,0.224248
1,0.208489,0.260253
1,0.207127,0.232701
1,0.207111,0.207813
1,0.206604,0.306109
1,0.206115,0.297891
1,0.205958,0.212808
1,0.205786,0.215706
1,0.204749,0.234559
1,0.203908,0.240252
1,0.203421,0.270765
1,0.203091,0.227835
1,0.202545,0.254935
1,0.201919,0.202306
1,0.200748,0.218023
1,0.200424,0.212441
1,0.199945,0.201649
1,0.197873,0.26896
1,0.197399,0.201726
1,0.196209,0.202886
1,0.195532,0.200137
1,0.195425,0.249678
1,0.195408,0.214984
1,0.195396,0.207359
1,0.195123,0.205641
1,0.193512,0.229523
1,0.193146,0.306463
1,0.192471,0.279946
1,0.192341,0.19851
1,0.191971,0.199818
1,0.191905,0.203713
1,0.191649,0.200858
1,0.191518,0.203581
1,0.191371,0.197343
1,0.190368,0.240471
1,0.189779,0.197167
1,0.189665,0.194418
1,0.189563,0.207676
1,0.189434,0.303953
1,0.188764,0.213479
1,0.188741,0.188756
1,0.187851,0.266445
1,0.187197,0.193007
1,0.187103,0.252102
1,0.186751,0.196342
1,0.186297,0.213372
1,0.185858,0.280702
1,0.185752,0.226547
1,0.185375,0.272325
1,0.18452,0.194987
1,0.184114,0.194792
1,0.184113,0.188947
1,0.184091,0.197639
1,0.183937,0.18874
1,0.183387,0.192649
1,0.182457,0.201283
1,0.181995,0.225305
1,0.180869,0.187719
1,0.180497,0.225746
1,0.179953,0.198229
1,0.179043,0.180364
1,0.178671,0.185418
1,0.178396,0.227917
1,0.178372,0.192302
1,0.178321,0.183102
1,0.178318,0.179432
1,0.177818,0.183806
1,0.177793,0.247316
1,0.177601,0.194016
1,0.177178,0.180043
1,0.177156,0.182931
1,0.176136,0.203393
1,0.175381,0.175444
1,0.175347,0.232384
1,0.175011,0.260166
1,0.174193,0.19637
1,0.174141,0.174433
1,0.173837,0.200054
1,0.173379,0.235129
1,0.172578,0.174101
1,0.172121,0.174558
1,0.17139,0.17678
1,0.171282,0.21974
1,0.170921,0.260805
1,0.170804,0.208743
1,0.170226,0.225947
1,0.170154,0.191532
1,0.169349,0.174781
1,0.168334,0.175388
1,0.167677,0.186641
1,0.167597,0.280612
1,0.166803,0.188285
1,0.166112,0.180491
1,0.16595,0.166595
1,0.165909,0.170328
1,0.165846,0.180843
1,0.165512,0.171259
1,0.165133,0.169836
1,0.165061,0.177925
1,0.164918,0.174066
1,0.164862,0.176358
1,0.164453,0.167203
1,0.164198,0.166504
1,0.163216,0.22488
1,0.163102,0.21972
1,0.162892,0.243358
1,0.162631,0.191139
1,0.162421,0.166998
1,0.162371,0.202387
1,0.161186,0.171183
1,0.161093,0.165166
1,0.160926,0.172853
1,0.160606,0.191529
1,0.160408,0.166627
1,0.160094,0.164838
1,0.159631,0.162835
1,0.159492,0.160086
1,0.159358,0.189734
1,0.159285,0.18913
1,0.159181,0.161744
1,0.159077,0.166331
1,0.158962,0.175422
1,0.158064,0.171375
1,0.158054,0.195995
1,0.157855,0.169149
1,0.157449,0.184981
1,0.157175,0.161081
1,0.156912,0.178742
1,0.156861,0.188418
1,0.156849,0.160241
1,0.156762,0.183412
1,0.156317,0.180924
1,0.156285,0.176077
1,0.15575,0.190383
1,0.155706,0.184873
1,0.155642,0.174193
1,0.155611,0.172114
1,0.155384,0.164858
1,0.155202,0.1725
1,0.155066,0.167588
1,0.15469,0.170433
1,0.154503,0.164815
1,0.15397,0.195935
1,0.153863,0.157615
1,0.153626,0.15817
1,0.153323,0.167919
1,0.15293,0.154719
1,0.152738,0.16242
1,0.15273,0.157738
1,0.152633,0.15501
1,0.152483,0.163196
1,0.152037,0.166477
1,0.151763,0.191284
1,0.15145,0.15854
1,0.150586,0.16122
1,0.150552,0.166934
1,0.150476,0.191485
1,0.150439,0.151767
1,0.149853,0.174088
1,0.149796,0.169955
1,0.149788,0.153773
1,0.149006,0.155088
1,0.148689,0.152904
1,0.148335,0.198538
1,0.148201,0.148617
1,0.14795,0.160528
1,0.147693,0.164321
1,0.146991,0.150561
1,0.146969,0.157258
1,0.146905,0.164085
1,0.146804,0.1479
1,0.146603,0.150235
1,0.14593,0.148529
1,0.145679,0.172739
1,0.145522,0.166988
1,0.145376,0.18785
1,0.145307,0.15408
1,0.145301,0.146211
1,0.145172,0.169161
1,0.144753,0.15923
1,0.144708,0.14505
1,0.144615,0.162784
1,0.144487,0.152916
1,0.144179,0.183871
1,0.144133,0.156085
1,0.143866,0.149362
1,0.143771,0.170464
1,0.14359,0.145746
1,0.142635,0.150351
1,0.142459,0.15643
1,0.142343,0.161528
1,0.142142,0.149616
1,0.141819,0.142563
1,0.141135,0.143261
1,0.140944,0.166781
1,0.140883,0.150012
1,0.140776,0.145029
1,0.140638,0.192635
1,0.140574,0.149756
1,0.1405,0.14753
1,0.140118,0.189719
1,0.13982,0.213919
1,0.139472,0.166575
1,0.139343,0.168848
1,0.13934,0.141905
1,0.139189,0.142509
1,0.13905,0.153267
1,0.138665,0.150478
1,0.138037,0.190777
1,0.137677,0.1446
1,0.137193,0.144041
1,0.137119,0.203282
1,0.136636,0.149517
1,0.136628,0.170486
1,0.136594,0.147982
1,0.136217,0.174797
1,0.136212,0.149364
1,0.135948,0.142563
1,0.135603,0.169402
1,0.135579,0.137552
1,0.135321,0.158196
1,0.135274,0.141466
1,0.135188,0.169261
1,0.135064,0.150501
1,0.134831,0.162323
1,0.13476,0.139224
1,0.134662,0.135996
1,0.13426,0.154397
1,0.134247,0.187154
1,0.134224,0.196627
1,0.134077,0.136016
1,0.134002,0.156228
1,0.133965,0.143356
1,0.13372,0.145029
1,0.133717,0.139905
1,0.133659,0.157231
1,0.133602,0.151749
1,0.133139,0.16001
1,0.13313,0.153162
1,0.132938,0.159888
1,0.132773,0.138081
1,0.132718,0.137498
1,0.132648,0.140554
1,0.132355,0.152574
1,0.132321,0.203388
1,0.132227,0.163569
1,0.131948,0.136266
1,0.131854,0.157045
1,0.131736,0.161046
1,0.131647,0.156214
1,0.130974,0.140365
1,0.130951,0.163048
1,0.130876,0.153
1,0.130772,0.133092
1,0.130498,0.130761
1,0.130484,0.179515
1,0.130429,0.132895
1,0.130311,0.134161
1,0.130217,0.13497
1,0.130045,0.137873
1,0.129983,0.131683
1,0.129384,0.135791
1,0.129341,0.137498
1,0.128933,0.148166
1,0.128851,0.129551
1,0.128802,0.13511
1,0.128701,0.136705
1,0.128478,0.137227
1,0.128245,0.132775
1,0.127986,0.145728
1,0.127716,0.131643
1,0.127405,0.137619
1,0.12705,0.206662
1,0.126417,0.132346
1,0.126397,0.155344
1,0.126385,0.169169
1,0.126369,0.15238
1,0.12614,0.136712
1,0.126109,0.132687
1,0.126044,0.142747
1,0.125532,0.169464
1,0.125303,0.137854
1,0.125293,0.159198
1,0.125293,0.126288
1,0.125234,0.140776
1,0.12522,0.156904
1,0.125137,0.129461
1,0.125128,0.146244
1,0.125077,0.173693
1,0.125077,0.152351
1,0.124987,0.145674
1,0.124881,0.145346
1,0.124795,0.145779
1,0.124366,0.138718
1,0.124193,0.140436
1,0.124161,0.128253
1,0.124095,0.124486
1,0.124038,0.141888
1,0.123987,0.145421
1,0.123933,0.16175
1,0.123642,0.126374
1,0.12348,0.150948
1,0.123058,0.178458
1,0.122828,0.144219
1,0.122789,0.130951
1,0.122769,0.156288
1,0.122718,0.13346
1,0.122181,0.135907
1,0.122106,0.131882
1,0.122084,0.138529
1,0.121966,0.136261
1,0.121756,0.127347
1,0.121329,0.152812
1,0.121203,0.175927
1,0.12119,0.123897
1,0.120833,0.12634
1,0.120766,0.122975
1,0.120689,0.131028
1,0.120536,0.139086
1,0.120505,0.124756
1,0.12046,0.143275
1,0.120397,0.122362
1,0.120149,0.122722
1,0.120032,0.137529
1,0.119989,0.147127
1,0.119936,0.133149
1,0.119934,0.150023
1,0.119614,0.16097
1,0.119404,0.136599
1,0.119371,0.133275
1,0.119282,0.1395
1,0.119159,0.122032
1,0.119061,0.127494
1,0.119032,0.135058
1,0.119011,0.186242
1,0.118912,0.144935
1,0.118806,0.121511
1,0.118705,0.175086
1,0.118575,0.127176
1,0.11849,0.166743
1,0.118288,0.137306
1,0.118214,0.129127
1,0.118185,0.124734
1,0.118083,0.142074
1,0.11806,0.126073
1,0.117976,0.123867
1,0.117972,0.12401
1,0.117838,0.143939
1,0.117695,0.118151
1,0.116986,0.15549
1,0.116792,0.123485
1,0.116699,0.137554
1,0.116555,0.129031
1,0.116471,0.138599
1,0.116389,0.118472
1,0.116062,0.123166
1,0.115994,0.120427
1,0.115946,0.137713
1,0.115483,0.127431
1,0.115461,0.11576
1,0.115351,0.13101
1,0.115275,0.116991
1,0.115144,0.121183
1,0.114962,0.12739
1,0.114387,0.148263
1,0.114346,0.135107
1,0.114343,0.130317
1,0.114227,0.116619
1,0.114033,0.130285
1,0.113964,0.149708
1,0.113902,0.114749
1,0.113476,0.153066
1,0.113445,0.114575
1,0.113441,0.137485
1,0.113359,0.124222
1,0.113278,0.118624
1,0.112886,0.134314
1,0.11274,0.175708
1,0.112634,0.131723
1,0.112609,0.128721
1,0.112483,0.170469
1,0.112317,0.124378
1,0.112233,0.122618
1,0.112007,0.11227
1,0.111935,0.119367
1,0.111922,0.121619
1,0.111884,0.112389
1,0.111659,0.119478
1,0.111485,0.124503
1,0.111191,0.124507
1,0.111127,0.173752
1,0.11102,0.114567
1,0.11094,0.117299
1,0.11085,0.118576
1,0.110849,0.128417
1,0.110772,0.111472
1,0.110623,0.159491
1,0.110127,0.130896
1,0.109672,0.126141
1,0.109658,0.114817
1,0.109235,0.129191
1,0.109227,0.137544
1,0.109222,0.110775
1,0.109067,0.113532
1,0.109058,0.142769
1,0.108555,0.148083
1,0.108244,0.109869
1,0.108039,0.157102
1,0.107958,0.112333
1,0.107779,0.126159
1,0.107704,0.133535
1,0.107681,0.142692
1,0.107678,0.114433
1,0.107291,0.136471
1,0.107236,0.109921
1,0.107231,0.120141
1,0.107165,0.131841
1,0.107092,0.128553
1,0.107039,0.125277
1,0.107014,0.135761
1,0.106967,0.112105
1,0.106825,0.130017
1,0.106799,0.123842
1,0.106706,0.160304
1,0.106698,0.15172
1,0.106525,0.125144
1,0.10652,0.150428
1,0.10648,0.123527
1,0.106295,0.115731
1,0.106228,0.110059
1,0.106156,0.132072
1,0.106145,0.142142
1,0.106139,0.128062
1,0.106008,0.114449
1,0.105499,0.116814
1,0.105354,0.131441
1,0.105248,0.129785
1,0.10521,0.110713
1,0.105095,0.108161
1,0.105086,0.106135
1,0.105065,0.146267
1,0.105047,0.116212
1,0.104926,0.12393
1,0.104926,0.11986
1,0.104923,0.154993
1,0.104844,0.109536
1,0.104736,0.133575
1,0.104723,0.116198
1,0.104675,0.121623
1,0.104493,0.105014
1,0.104481,0.172932
1,0.104399,0.106881
1,0.104357,0.104514
1,0.104313,0.109225
1,0.104208,0.125737
1,0.10419,0.104886
1,0.10401,0.122032
1,0.103948,0.107966
1,0.103943,0.106102
1,0.103937,0.122447
1,0.103739,0.104841
1,0.103676,0.125841
1,0.103628,0.147563
1,0.103588,0.104724
1,0.1035,0.105369
1,0.10348,0.115477
1,0.103458,0.115426
1,0.103354,0.151564
1,0.10332,0.144146
1,0.103221,0.132439
1,0.103202,0.11841
1,0.103155,0.127116
1,0.103139,0.168852
1,0.102785,0.115125
1,0.1027,0.10354
1,0.102421,0.11035
1,0.102405,0.128778
1,0.102146,0.150745
1,0.102041,0.138752
1,0.10195,0.156662
1,0.101847,0.101942
1,0.101835,0.10764
1,0.101797,0.105411
1,0.101699,0.110789
1,0.101678,0.116405
1,0.101465,0.118045
1,0.101321,0.106794
1,0.101294,0.121391
1,0.100794,0.111436
1,0.100736,0.104011
1,0.100576,0.106126
1,0.100527,0.119541
1,0.10017,0.113092
1,0.100109,0.126539
1,0.0999994,0.160896
1,0.0998298,0.162629
1,0.099806,0.100722
1,0.0998049,0.126998
1,0.0997347,0.104917
1,0.0996932,0.108573
1,0.0996326,0.102227
1,0.0995711,0.105034
1,0.0993618,0.138779
1,0.0992729,0.131832
1,0.0992039,0.102661
1,0.0989906,0.100449
1,0.0988759,0.106697
1,0.0988662,0.104674
1,0.0988577,0.159545
1,0.098783,0.106015
1,0.0986762,0.121843
1,0.0985857,0.118325
1,0.0985752,0.123302
1,0.0984289,0.101635
1,0.0983729,0.102866
1,0.0983108,0.112609
1,0.0983054,0.133581
1,0.0980792,0.104125
1,0.0979755,0.11347
1,0.0978188,0.128122
1,0.0978014,0.112741
1,0.0977129,0.107443
1,0.0972634,0.112066
1,0.0968497,0.103144
1,0.0966126,0.122463
1,0.0965371,0.114066
1,0.0965127,0.125863
1,0.0958403,0.0970711
1,0.0957208,0.0973615
1,0.0954805,0.11732
1,0.0954753,0.0963759
1,0.0953726,0.102629
1,0.095289,0.118406
1,0.0952373,0.121897
1,0.0951817,0.0963084
1,0.0951422,0.133979
1,0.0951294,0.14687
1,0.0950094,0.119808
1,0.0948749,0.100953
1,0.0948671,0.154839
1,0.0947821,0.0951532
1,0.0947263,0.0978081
1,0.0946904,0.100202
1,0.0945419,0.123068
1,0.0944075,0.132361
1,0.0943556,0.117023
1,0.0941581,0.118391
1,0.0941467,0.0957817
1,0.0940691,0.119691
1,0.0939685,0.0964007
1,0.0938603,0.112249
1,0.0938531,0.117864
1,0.0938433,0.0958069
1,0.0938304,0.143253
1,0.0937726,0.0951862
1,0.0937289,0.0983348
1,0.0936856,0.095236
1,0.0935513,0.098974
1,0.0934631,0.127408
1,0.0934135,0.0953938
1,0.0933934,0.1012
1,0.0933873,0.102333
1,0.0933258,0.126265
1,0.0932806,0.0940971
1,0.0932525,0.0994054
1,0.0931577,0.118457
1,0.0930486,0.0957858
1,0.0929928,0.110286
1,0.0929727,0.0954423
1,0.0929541,0.103758
1,0.0929092,0.0977252
1,0.0928812,0.100706
1,0.0927385,0.10839
1,0.0926437,0.0989839
1,0.0924359,0.0936043
1,0.0924332,0.0964477
1,0.092413,0.0952137
1,0.0923148,0.0996528
1,0.0922843,0.135526
1,0.0922507,0.12977
1,0.0921248,0.124309
1,0.0918706,0.0969902
1,0.0916598,0.105668
1,0.0916327,0.110286
1,0.0916244,0.135147
1,0.0915971,0.105815
1,0.0915596,0.0953938
1,0.0914437,0.0986974
1,0.0914157,0.0973717
1,0.0914119,0.102446
1,0.0914053,0.158739
1,0.0912436,0.127808
1,0.0911572,0.094561
1,0.0910819,0.0940587
1,0.0910226,0.117888
1,0.0908455,0.0964605
1,0.0907372,0.116213
1,0.0906891,0.0923594
1,0.0906727,0.109647
1,0.0906372,0.103851
1,0.0906359,0.0942464
1,0.0904129,0.121614
1,0.0902576,0.103911
1,0.0902487,0.0915901
1,0.0900542,0.0939828
1,0.089975,0.101252
1,0.089961,0.0935382
1,0.0899525,0.108946
1,0.0898803,0.105718
1,0.0898511,0.131657
1,0.0898354,0.0965758
1,0.0897722,0.0989416
1,0.0897668,0.112592
1,0.0894586,0.114825
1,0.0893791,0.10474
1,0.0893575,0.0901842
1,0.0892681,0.0911167
1,0.0892159,0.115322
1,0.0891381,0.108405
1,0.0890787,0.108485
1,0.0890388,0.0939641
1,0.0889672,0.102032
1,0.0887272,0.0983004
1,0.0886119,0.113612
1,0.0885657,0.0972627
1,0.0885076,0.090584
1,0.0884923,0.133477
1,0.0884809,0.10866
1,0.0883241,0.0908849
1,0.0883188,0.0891347
1,0.0882658,0.100188
1,0.0881339,0.0936074
1,0.0880212,0.115277
1,0.0879666,0.111033
1,0.0879003,0.10253
1,0.0877715,0.102297
1,0.0877605,0.0984163
1,0.087732,0.101183
1,0.0876037,0.0903114
1,0.0875359,0.0942958
1,0.0872567,0.0961588
1,0.0871807,0.100113
1,0.0869894,0.09278
1,0.0869639,0.120721
1,0.0868959,0.0930791
1,0.0868346,0.0977963
1,0.0867734,0.0877666
1,0.0867253,0.0920919
1,0.08643,0.113069
1,0.0863254,0.0933182
1,0.0862692,0.105109
1,0.0862598,0.123823
1,0.086151,0.0889582
1,0.0858828,0.0877093
1,0.0858421,0.0987579
1,0.085805,0.111356
1,0.0857873,0.114395
1,0.0857836,0.0976408
1,0.0857059,0.124402
1,0.0856941,0.116175
1,0.0856813,0.0942599
1,0.085638,0.0939846
1,0.0855903,0.0926913
1,0.0854174,0.10807
1,0.0853857,0.0869175
1,0.0851772,0.0934966
1,0.0851318,0.104673
1,0.0850429,0.098245
1,0.0849628,0.0914638
1,0.0849593,0.102314
1,0.0849055,0.0904896
1,0.0847461,0.0955396
1,0.084548,0.087702
1,0.0845308,0.133203
1,0.0844872,0.0879204
1,0.0844557,0.0897064
1,0.0844196,0.0881726
1,0.0842856,0.101231
1,0.0842816,0.0855152
1,0.0842135,0.0850558
1,0.0841929,0.0877679
1,0.0840296,0.0930598
1,0.0839786,0.0921758
1,0.0839463,0.0933818
1,0.0838517,0.110032
1,0.0838221,0.139304
1,0.0833265,0.100045
1,0.0832368,0.0988768
1,0.0831975,0.0966749
1,0.0831429,0.0964165
1,0.0831138,0.115393
1,0.083105,0.0868488
1,0.0830976,0.0964165
1,0.0830575,0.0858914
1,0.0829337,0.0941044
1,0.0829041,0.102332
1,0.0827863,0.0905803
1,0.0826892,0.0838512
1,0.0826181,0.130494
1,0.082617,0.114565
1,0.0825679,0.115507
1,0.0824203,0.0920513
1,0.0822637,0.0924158
1,0.0822164,0.0963084
1,0.0821893,0.0956579
1,0.0821159,0.106819
1,0.0821032,0.0821802
1,0.0819431,0.106496
1,0.0818517,0.0926296
1,0.0817314,0.0837452
1,0.0816604,0.101016
1,0.0816322,0.094194
1,0.0816162,0.0816737
1,0.0816097,0.101698
1,0.0815107,0.120661
1,0.0815014,0.0941499
1,0.0814963,0.0933442
1,0.0813908,0.08212
1,0.0811946,0.0819351
1,0.0811263,0.0860253
1,0.0809781,0.0884275
1,0.0808344,0.0899905
1,0.0807858,0.112729
1,0.0804244,0.101919
1,0.0802525,0.0808785
1,0.0801652,0.0877587
1,0.0800151,0.0957877
1,0.0798594,0.0889562
1,0.0797957,0.13423
1,0.0797245,0.0929408
1,0.0794902,0.105197
1,0.0794817,0.118801
1,0.0794221,0.0875354
1,0.0793431,0.0948422
1,0.0790612,0.126183
1,0.0790485,0.0850529
1,0.0790406,0.0892754
1,0.0790081,0.0984596
1,0.0788056,0.0905685
1,0.0787902,0.0804972
1,0.0787869,0.0978233
1,0.0787814,0.107963
1,0.0787646,0.115804
1,0.0787496,0.0795582
1,0.0787448,0.0797991
1,0.0786768,0.0977076
1,0.0786125,0.0887832
1,0.0785621,0.108183
1,0.078506,0.105024
1,0.0784504,0.0957182
1,0.0782467,0.0788225
1,0.0782221,0.0952564
1,0.0781187,0.100809
1,0.078087,0.0786141
1,0.077907,0.0954947
1,0.077903,0.0858032
1,0.0778263,0.108783
1,0.0777543,0.0804328
1,0.0777361,0.0952958
1,0.0774881,0.116405
1,0.0774829,0.0838092
1,0.0774605,0.0875771
1,0.0774443,0.0831088
1,0.077297,0.114112
1,0.07729,0.0815211
1,0.0772757,0.101935
1,0.0771881,0.134315
1,0.077182,0.0820538
1,0.0771414,0.087082
1,0.0770376,0.086398
1,0.076852,0.102213
1,0.0767719,0.13579
1,0.0767671,0.0776243
1,0.0767558,0.0833903
1,0.0765196,0.0863147
1,0.0765123,0.0860352
1,0.0762976,0.0836467
1,0.0762451,0.103646
1,0.0762394,0.0904029
1,0.0761925,0.0793988
1,0.0761064,0.0869383
1,0.0760722,0.084899
1,0.076064,0.0773788
1,0.076028,0.0951874
1,0.0759806,0.088008
1,0.0759585,0.09035
1,0.0758716,0.0892959
1,0.075846,0.0801759
1,0.075736,0.108532
1,0.0757296,0.0759519
1,0.075664,0.0847248
1,0.0756595,0.0763118
1,0.0755041,0.0812398
1,0.0754056,0.104225
1,0.0753764,0.0828277
1,0.075357,0.0814473
1,0.0753454,0.105337
1,0.0751872,0.109284
1,0.07514,0.0920794
1,0.0751038,0.0784954
1,0.075027,0.0915576
1,0.0750097,0.0766307
1,0.0749438,0.0968387
1,0.0749406,0.0818677
1,0.0748772,0.116085
1,0.0747422,0.0931993
1,0.0746913,0.101491
1,0.0746092,0.111444
1,0.0745842,0.122108
1,0.0745567,0.0784381
1,0.0745514,0.0866225
1,0.0744772,0.099276
1,0.0743974,0.0744673
1,0.0743857,0.0941372
1,0.0743466,0.0895216
1,0.0743323,0.0983
1,0.0743213,0.1115
1,0.0743125,0.116138
1,0.0742224,0.0890512
1,0.0742161,0.0862555
1,0.0742038,0.0857054
1,0.074192,0.104656
1,0.0741857,0.10471
1,0.0738723,0.0942599
1,0.073771,0.0908865
1,0.0737478,0.0773459
1,0.0736813,0.098815
1,0.0735865,0.0863126
1,0.0735586,0.0742926
1,0.0734501,0.0798837
1,0.0732911,0.080693
1,0.0732155,0.0930865
1,0.073127,0.100794
1,0.0728853,0.0786933
1,0.0728707,0.0799442
1,0.0724733,0.075642
1,0.0724351,0.0730622
1,0.0722908,0.0798853
1,0.0722674,0.0976736
1,0.0722272,0.0984075
1,0.0722265,0.0909391
1,0.0721382,0.0916992
1,0.0720899,0.0722379
1,0.0719921,0.0920072
1,0.0719377,0.077184
1,0.0719308,0.0755075
1,0.0719016,0.0865365
1,0.0718688,0.0913225
1,0.0717339,0.0780169
1,0.071644,0.100154
1,0.0715553,0.09535
1,0.0712494,0.0757526
1,0.071131,0.0763214
1,0.0709938,0.0787018
1,0.0709809,0.0969744
1,0.0709607,0.0979352
1,0.0709569,0.074123
1,0.0709168,0.112549
1,0.0708416,0.0830549
1,0.0707975,0.0726501
1,0.0707629,0.0962837
1,0.0707353,0.0843932
1,0.0707263,0.0752338
1,0.0706383,0.0830015
1,0.0704999,0.0738188
1,0.0704343,0.0986849
1,0.07009,0.0964287
1,0.0700717,0.0745055
1,0.0700501,0.0713019
1,0.0699966,0.0738286
1,0.0699912,0.0749989
1,0.0696638,0.116691
1,0.0696409,0.0835022
1,0.0696013,0.0731402
1,0.0694921,0.0788235
1,0.0694792,0.0785511
1,0.0694696,0.0920067
1,0.0694624,0.0714278
1,0.0693653,0.0853225
1,0.0692286,0.0850896
1,0.0691675,0.0747307
1,0.0691325,0.0888919
1,0.069066,0.110411
1,0.0690184,0.0716085
1,0.0689324,0.0846828
1,0.0688664,0.0709336
1,0.068818,0.0923128
1,0.0687809,0.0860383
1,0.0686625,0.0921052
1,0.068624,0.0845024
1,0.068623,0.080725
1,0.0684523,0.0969527
1,0.068318,0.110437
1,0.0682445,0.0693175
1,0.0682165,0.109071
1,0.0682122,0.0802946
1,0.0681476,0.0733384
1,0.0680734,0.0703094
1,0.0680196,0.121117
1,0.068015,0.0769943
1,0.0680036,0.0680929
1,0.0678916,0.0727018
1,0.0676394,0.0720246
1,0.0676189,0.0919691
1,0.0675563,0.0898381
1,0.0674466,0.0676371
1,0.0673879,0.0815214
1,0.0672464,0.0796929
1,0.0672244,0.0703697
1,0.0671758,0.070919
1,0.0670743,0.0706494
1,0.0669367,0.0707321
1,0.0668694,0.0732338
1,0.0668449,0.0806618
1,0.0667095,0.0982163
1,0.0666684,0.113463
1,0.06666,0.0780911
1,0.0666035,0.0672766
1,0.0665839,0.115518
1,0.0665176,0.0740621
1,0.0665089,0.116743
1,0.0664816,0.0987388
1,0.0664423,0.0832665
1,0.0662627,0.0779553
1,0.0662218,0.0680245
1,0.0662149,0.0751746
1,0.0662123,0.0926242
1,0.0660836,0.0668982
1,0.0660798,0.0757475
1,0.0660782,0.0900191
1,0.0659275,0.0740827
1,0.0658676,0.0738739
1,0.0656944,0.0765009
1,0.0655324,0.0719756
1,0.065313,0.0805683
1,0.0651625,0.0800037
1,0.0651212,0.066295
1,0.0649051,0.0694728
1,0.0648999,0.0751295
1,0.0648445,0.0741883
1,0.0648162,0.070842
1,0.0647877,0.0982424
1,0.0647845,0.0753114
1,0.0644668,0.077303
1,0.0644639,0.0899672
1,0.064448,0.0683274
1,0.0644364,0.0878567
1,0.064394,0.0992327
1,0.0642187,0.0703899
1,0.0641412,0.0687601
1,0.0640543,0.0665239
1,0.0639299,0.0785279
1,0.0636959,0.0690308
1,0.0636811,0.0711779
1,0.0634714,0.0710645
1,0.0634113,0.0636818
1,0.0632415,0.0854168
1,0.0632268,0.0737158
1,0.0632031,0.0670641
1,0.0631929,0.0810236
1,0.0631635,0.0865166
1,0.0630975,0.108697
1,0.0630651,0.0806148
1,0.0628946,0.107429
1,0.0628362,0.0691825
1,0.0626096,0.0686096
1,0.0626048,0.0834918
1,0.0625716,0.0764026
1,0.0624173,0.063834
1,0.0623342,0.0696734
1,0.0621286,0.0863924
1,0.0620966,0.0993401
1,0.0620416,0.111714
1,0.061738,0.0995974
1,0.0615496,0.0668811
1,0.0614732,0.0759226
1,0.0614671,0.0627625
1,0.061417,0.0633316
1,0.0613397,0.0634967
1,0.0612206,0.0659272
1,0.0612192,0.0665196
1,0.0611953,0.0616844
1,0.0611662,0.104821
1,0.0610392,0.0710388
1,0.060977,0.0616937
1,0.0609757,0.0617676
1,0.0608821,0.0726512
1,0.0608081,0.0820557
1,0.0607237,0.0792374
1,0.0599008,0.0608171
1,0.0598242,0.0681142
1,0.0597221,0.0943027
1,0.059718,0.0860671
1,0.0592027,0.0747805
1,0.0586276,0.0841886
1,0.0585342,0.0612009
1,0.0585048,0.0636721
1,0.058377,0.0698646
1,0.0583155,0.0605673
1,0.0582788,0.0591413
1,0.0581285,0.0781362
1,0.0577425,0.080135
1,0.0575119,0.0892276
1,0.0574659,0.0622988
1,0.0574231,0.0615198
1,0.0572126,0.0753407
1,0.0571821,0.0689792
1,0.0571606,0.083571
1,0.0570032,0.0589665
1,0.0569445,0.058274
1,0.0565322,0.0656808
1,0.0563209,0.082652
1,0.0559683,0.0618558
1,0.0558837,0.0767943
1,0.0556142,0.0724388
1,0.0553728,0.0560791
1,0.0548299,0.0619922
1,0.0541018,0.0606435
1,0.0539386,0.0654741
1,0.0538225,0.0575834
1,0.0536643,0.0589139
1,0.0535602,0.0725338
1,0.0535138,0.0640246
1,0.0534801,0.0563619
1,0.0534639,0.0585325
1,0.0534346,0.0542928
1,0.0530962,0.0663522
1,0.0529368,0.0622859
1,0.0528371,0.0552538
1,0.0525074,0.0660005
1,0.0518923,0.0626698
1,0.0513647,0.0830934
1,0.0513217,0.0648551
1,0.0512585,0.0739388
1,0.0506903,0.0579393
1,0.0505461,0.0541212
1,0.0499143,0.0615368
1,0.0497505,0.0741522
1,0.0492936,0.0529816
1,0.0491198,0.0662562
1,0.0490988,0.0514153
1,0.0488679,0.0600116
1,0.0475635,0.053695
1,0.0473251,0.0527837
1,0.0469006,0.0472119
1,0.0468859,0.0492662
1,0.0468213,0.0487219
1,0.0465627,0.0542723
1,0.045925,0.0513418
1,0.0458741,0.0572499
1,0.0454513,0.0701354
1,0.0445392,0.0535365
1,0.0444714,0.0508942
1,0.0425811,0.0489303
1,0.0423723,0.0638065
1,0.0393441,0.0398557
1,0.038415,0.0515984
1,0.0350827,0.0416443
1,0.0345538,0.0353899
1,0.0320752,0.0355513
2,1.54224,1.55623
2,1.25603,1.25997
2,1.08718,1.10111
2,1.07921,1.08639
2,1.04401,1.08832
2,0.935751,0.995469
2,0.864793,0.872572
2,0.863636,0.940104
2,0.841417,0.873242
2,0.839028,0.888447
2,0.76599,0.866763
2,0.763489,0.763807
2,0.761686,0.773054
2,0.710985,0.72047
2,0.70927,0.748636
2,0.707469,0.709484
2,0.702549,0.707758
2,0.699395,0.784814
2,0.645858,0.670674
2,0.640794,0.643463
2,0.636609,0.700029
2,0.623881,0.649652
2,0.6205,0.699955
2,0.589403,0.590115
2,0.589403,0.610987
2,0.566818,0.575771
2,0.558309,0.607027
2,0.553838,0.554961
2,0.551329,0.566931
2,0.539761,0.56769
2,0.536258,0.538389
2,0.520595,0.52325
2,0.500178,0.543651
2,0.492033,0.517505
2,0.466028,0.467631
2,0.463158,0.482447
2,0.460976,0.463977
2,0.460221,0.462392
2,0.460076,0.467425
2,0.458811,0.469647
2,0.441276,0.45291
2,0.439721,0.481424
2,0.437228,0.444424
2,0.436928,0.51092
2,0.435655,0.445618
2,0.435352,0.454445
2,0.43356,0.468879
2,0.429731,0.444456
2,0.426443,0.494787
2,0.403451,0.406182
2,0.399457,0.41686
2,0.394934,0.508824
2,0.394069,0.397473
2,0.391299,0.39791
2,0.391202,0.400988
2,0.391104,0.434547
2,0.387865,0.40129
2,0.370035,0.398223
2,0.363433,0.368825
2,0.363255,0.373371
2,0.359689,0.360166
2,0.351054,0.370669
2,0.347585,0.380712
2,0.324425,0.356536
2,0.324369,0.344728
2,0.320739,0.354168
2,0.313344,0.32795
2,0.309169,0.333965
2,0.293691,0.322026
2,0.291154,0.32188
2,0.288237,0.3358
2,0.284839,0.315962
2,0.282378,0.300129
2,0.279916,0.306854
2,0.27671,0.294802
2,0.274662,0.280148
2,0.266266,0.267141
2,0.260204,0.282269
2,0.258711,0.265376
2,0.258313,0.264663
2,0.244919,0.249835
2,0.240788,0.254635
2,0.239721,0.251731
2,0.234078,0.240684
2,0.233806,0.239813
2,0.232327,0.233912
2,0.231619,0.234737
2,0.231104,0.236511
2,0.225922,0.235332
2,0.225799,0.245818
2,0.224846,0.24046
2,0.224048,0.228456
2,0.219172,0.235843
2,0.217994,0.239828
2,0.217389,0.225626
2,0.216874,0.233631
2,0.216834,0.219582
2,0.21599,0.262397
2,0.213479,0.239662
2,0.213459,0.224533
2,0.213335,0.219582
2,0.213051,0.213629
2,0.209501,0.242966
2,0.208082,0.234481
2,0.206898,0.21783
2,0.20689,0.233212
2,0.20642,0.220495
2,0.205105,0.211029
2,0.204476,0.208425
2,0.201855,0.217752
2,0.201707,0.202058
2,0.200991,0.207713
2,0.19975,0.206861
2,0.199012,0.20232
2,0.195117,0.196256
2,0.193704,0.194363
2,0.193442,0.215197
2,0.192074,0.196781
2,0.191902,0.208557
2,0.188866,0.204067
2,0.188644,0.195925
2,0.188006,0.201747
2,0.18649,0.190668
2,0.185873,0.218273
2,0.185444,0.195908
2,0.1814,0.19447
2,0.181246,0.181773
2,0.181186,0.186532
2,0.181017,0.186276
2,0.180802,0.184703
2,0.180106,0.182359
2,0.179824,0.188827
2,0.17859,0.186149
2,0.177428,0.196269
2,0.177103,0.189466
2,0.176299,0.184818
2,0.175084,0.178279
2,0.174676,0.175334
2,0.174323,0.175751
2,0.174323,0.189636
2,0.174097,0.187352
2,0.17396,0.175205
2,0.173693,0.179518
2,0.173024,0.198213
2,0.172593,0.173353
2,0.172414,0.17842
2,0.172092,0.180394
2,0.171285,0.177431
2,0.171209,0.203191
2,0.170764,0.179852
2,0.169837,0.173372
2,0.168898,0.169364
2,0.168343,0.175602
2,0.167776,0.170955
2,0.166085,0.168689
2,0.165026,0.183854
2,0.164642,0.175693
2,0.164395,0.170161
2,0.163135,0.177825
2,0.162273,0.164555
2,0.161806,0.164065
2,0.161688,0.16234
2,0.160882,0.186524
2,0.160801,0.177896
2,0.1599,0.189897
2,0.159257,0.16283
2,0.157853,0.159116
2,0.157836,0.172462
2,0.157693,0.157887
2,0.157347,0.158426
2,0.157274,0.163116
2,0.156969,0.158019
2,0.156056,0.156978
2,0.155906,0.15597
2,0.155737,0.162496
2,0.155479,0.180138
2,0.155069,0.155331
2,0.154262,0.175824
2,0.154178,0.163371
2,0.152841,0.15585
2,0.152457,0.154715
2,0.151564,0.158757
2,0.151073,0.153715
2,0.150831,0.167638
2,0.149489,0.155834
2,0.148932,0.173235
2,0.148688,0.168882
2,0.148688,0.154863
2,0.147273,0.147943
2,0.14689,0.147879
2,0.146771,0.151056
2,0.146712,0.147989
2,0.146689,0.152851
2,0.146096,0.148591
2,0.145983,0.149159
2,0.145558,0.153008
2,0.145464,0.146619
2,0.145264,0.146536
2,0.145027,0.153542
2,0.144517,0.147859
2,0.144516,0.169743
2,0.143865,0.146136
2,0.143663,0.148421
2,0.143275,0.156702
2,0.143199,0.151576
2,0.142944,0.15404
2,0.142465,0.168119
2,0.141767,0.141905
2,0.141691,0.163794
2,0.141642,0.14254
2,0.14138,0.157313
2,0.141145,0.145149
2,0.140563,0.146867
2,0.140227,0.141452
2,0.139134,0.183867
2,0.138056,0.144668
2,0.136744,0.159152
2,0.136669,0.153972
2,0.13646,0.141425
2,0.136265,0.149768
2,0.136232,0.139125
2,0.136226,0.138021
2,0.136082,0.137886
2,0.135721,0.146205
2,0.135514,0.158467
2,0.135408,0.143489
2,0.134785,0.137989
2,0.134072,0.136828
2,0.132239,0.132922
2,0.130977,0.139032
2,0.128727,0.133278
2,0.128336,0.144722
2,0.127895,0.132249
2,0.127834,0.129583
2,0.124233,0.140244
2,0.122944,0.12907
2,0.122858,0.155543
2,0.122317,0.139252
2,0.121654,0.125209
2,0.121374,0.133808
2,0.120578,0.124249
2,0.120492,0.124801
2,0.12014,0.120359
2,0.119914,0.144253
2,0.119897,0.125115
2,0.119271,0.126793
2,0.118338,0.121952
2,0.117402,0.125534
2,0.11686,0.123579
2,0.116631,0.130885
2,0.116168,0.1368
2,0.115679,0.121361
2,0.115534,0.115957
2,0.114808,0.117597
2,0.114515,0.144048
2,0.114337,0.128791
2,0.114234,0.116812
2,0.114109,0.123338
2,0.113403,0.120871
2,0.113235,0.114695
2,0.112799,0.117552
2,0.11251,0.115293
2,0.11247,0.12337
2,0.112234,0.115293
2,0.111764,0.12452
2,0.111135,0.114553
2,0.110868,0.117904
2,0.110726,0.133683
2,0.110513,0.12219
2,0.109587,0.110534
2,0.109181,0.110095
2,0.108948,0.112699
2,0.108892,0.11163
2,0.108289,0.109861
2,0.107578,0.122419
2,0.107025,0.10894
2,0.10699,0.119374
2,0.106667,0.109445
2,0.105737,0.112742
2,0.104815,0.109128
2,0.104011,0.106713
2,0.104011,0.105558
2,0.103444,0.104695
2,0.103343,0.107698
2,0.10332,0.11187
2,0.101688,0.10171
2,0.101032,0.110376
2,0.100522,0.109417
2,0.100238,0.117685
2,0.0999106,0.103633
2,0.0996086,0.106194
2,0.0993904,0.104463
2,0.0989877,0.108998
2,0.0973202,0.109039
2,0.0963604,0.11019
2,0.0947141,0.100891
2,0.0936182,0.096433
2,0.0933702,0.0935628
2,0.0929559,0.101065
2,0.092838,0.0929567
2,0.0927696,0.0962454
2,0.0890045,0.0895805
2,0.0886324,0.0897083
2,0.0877474,0.0901261
2,0.0852469,0.0878735
2,0.0812441,0.0834503
2,0.0799374,0.0812288
2,0.0799283,0.0882287
2,0.0798146,0.0798435
2,0.0701354,0.0720188
2,0.0663017,0.0670251
2,0.0620812,0.0634824
