point cloud with 2094 points in dimension 3
0,0,0.00825688
0,0,0.0107041
0,0,0.0110827
0,0,0.0117755
0,0,0.0120163
0,0,0.0127396
0,0,0.0129725
0,0,0.0138011
0,0,0.0138458
0,0,0.0143896
0,0,0.0144347
0,0,0.0145816
0,0,0.0151574
0,0,0.0153733
0,0,0.0154361
0,0,0.0158874
0,0,0.0161704
0,0,0.0171425
0,0,0.0174506
0,0,0.0174526
0,0,0.0177307
0,0,0.0180524
0,0,0.0187159
0,0,0.0187409
0,0,0.0194574
0,0,0.019787
0,0,0.0199105
0,0,0.0204434
0,0,0.0209221
0,0,0.0210162
0,0,0.0211831
0,0,0.0216335
0,0,0.0217014
0,0,0.0219637
0,0,0.0222563
0,0,0.0222842
0,0,0.0223757
0,0,0.0224598
0,0,0.0225201
0,0,0.0227606
0,0,0.0232959
0,0,0.0233697
0,0,0.023985
0,0,0.0239981
0,0,0.0241391
0,0,0.0243585
0,0,0.024836
0,0,0.0250268
0,0,0.0254352
0,0,0.0256861
0,0,0.025712
0,0,0.0258431
0,0,0.0258538
0,0,0.0264697
0,0,0.0266649
0,0,0.0268791
0,0,0.0279206
0,0,0.0280937
0,0,0.0281311
0,0,0.0282184
0,0,0.0282588
0,0,0.0283176
0,0,0.0283399
0,0,0.0287902
0,0,0.0288931
0,0,0.0289701
0,0,0.0292401
0,0,0.0294581
0,0,0.029514
0,0,0.0295788
0,0,0.0295806
0,0,0.0295981
0,0,0.0298304
0,0,0.0300604
0,0,0.0301876
0,0,0.0304075
0,0,0.0304807
0,0,0.0305616
0,0,0.0305922
0,0,0.0306335
0,0,0.0306891
0,0,0.0307685
0,0,0.0311208
0,0,0.0313158
0,0,0.0313862
0,0,0.0315829
0,0,0.0317337
0,0,0.031855
0,0,0.0319224
0,0,0.0319713
0,0,0.0319733
0,0,0.0322838
0,0,0.0322873
0,0,0.0324578
0,0,0.0324768
0,0,0.0325734
0,0,0.0327627
0,0,0.0329375
0,0,0.0329653
0,0,0.0332986
0,0,0.0335355
0,0,0.0335413
0,0,0.0337042
0,0,0.0340753
0,0,0.0340821
0,0,0.0342701
0,0,0.0344022
0,0,0.0344632
0,0,0.0350707
0,0,0.0350711
0,0,0.0350865
0,0,0.0353873
0,0,0.03541
0,0,0.0355741
0,0,0.0355893
0,0,0.0356261
0,0,0.0361809
0,0,0.0362115
0,0,0.0362801
0,0,0.0363016
0,0,0.0365726
0,0,0.036593
0,0,0.0366675
0,0,0.0368707
0,0,0.037025
0,0,0.0372228
0,0,0.0375355
0,0,0.0375543
0,0,0.0376971
0,0,0.0377498
0,0,0.0377731
0,0,0.037836
0,0,0.0378415
0,0,0.0379014
0,0,0.0380242
0,0,0.0381379
0,0,0.0381817
0,0,0.0381875
0,0,0.0382255
0,0,0.0382801
0,0,0.0389353
0,0,0.038936
0,0,0.0389462
0,0,0.0389688
0,0,0.0391911
0,0,0.0392203
0,0,0.0393883
0,0,0.0394774
0,0,0.0399134
0,0,0.0399295
0,0,0.0399664
0,0,0.0399995
0,0,0.0401551
0,0,0.0402951
0,0,0.0402977
0,0,0.0403907
0,0,0.0404393
0,0,0.0404567
0,0,0.0404625
0,0,0.0410854
0,0,0.0412367
0,0,0.0417718
0,0,0.0418275
0,0,0.0419013
0,0,0.0420028
0,0,0.0420192
0,0,0.0420196
0,0,0.0420386
0,0,0.0421132
0,0,0.0424339
0,0,0.042525
0,0,0.0425275
0,0,0.0425779
0,0,0.042699
0,0,0.0427424
0,0,0.0428138
0,0,0.0428674
0,0,0.0429839
0,0,0.0429993
0,0,0.0430156
0,0,0.0430519
0,0,0.0437413
0,0,0.0438145
0,0,0.0439264
0,0,0.0439499
0,0,0.0441944
0,0,0.0445414
0,0,0.044543
0,0,0.0447685
0,0,0.0450191
0,0,0.0451484
0,0,0.0451828
0,0,0.0452403
0,0,0.0453106
0,0,0.0454063
0,0,0.0454193
0,0,0.0456016
0,0,0.0456434
0,0,0.0456544
0,0,0.0457004
0,0,0.0457721
0,0,0.0457963
0,0,0.0458562
0,0,0.0460119
0,0,0.0460551
0,0,0.0462479
0,0,0.0465099
0,0,0.0466413
0,0,0.046708
0,0,0.0467292
0,0,0.0470084
0,0,0.0470389
0,0,0.0471884
0,0,0.0472026
0,0,0.0472101
0,0,0.0472547
0,0,0.0472688
0,0,0.0472836
0,0,0.0473088
0,0,0.0473741
0,0,0.0473825
0,0,0.0476079
0,0,0.047695
0,0,0.0477398
0,0,0.0478345
0,0,0.0479189
0,0,0.0479203
0,0,0.0480146
0,0,0.0480321
0,0,0.0481101
0,0,0.0481198
0,0,0.0481556
0,0,0.0482221
0,0,0.0482664
0,0,0.04828
0,0,0.0483385
0,0,0.0484236
0,0,0.0484431
0,0,0.0487529
0,0,0.0487603
0,0,0.0488757
0,0,0.0488923
0,0,0.0489242
0,0,0.0490158
0,0,0.0491066
0,0,0.0494645
0,0,0.0495586
0,0,0.0497706
0,0,0.049863
0,0,0.0498889
0,0,0.0499187
0,0,0.0501391
0,0,0.0502551
0,0,0.0502562
0,0,0.0503284
0,0,0.0504395
0,0,0.0504998
0,0,0.0505038
0,0,0.0505197
0,0,0.0507286
0,0,0.050906
0,0,0.0510286
0,0,0.0511043
0,0,0.0511959
0,0,0.0512941
0,0,0.0513005
0,0,0.0514134
0,0,0.0514791
0,0,0.0516032
0,0,0.0519805
0,0,0.0521189
0,0,0.0523376
0,0,0.0524852
0,0,0.0525139
0,0,0.0525181
0,0,0.0525395
0,0,0.0525653
0,0,0.0527022
0,0,0.0527766
0,0,0.0527806
0,0,0.0529384
0,0,0.0533457
0,0,0.053346
0,0,0.053419
0,0,0.0535178
0,0,0.0535936
0,0,0.0536899
0,0,0.0538211
0,0,0.0538465
0,0,0.0539267
0,0,0.0539277
0,0,0.0539793
0,0,0.0539837
0,0,0.0540859
0,0,0.0542157
0,0,0.0542193
0,0,0.05423
0,0,0.0544077
0,0,0.0544213
0,0,0.0545042
0,0,0.0545287
0,0,0.0545393
0,0,0.0546118
0,0,0.0546607
0,0,0.0547026
0,0,0.0547636
0,0,0.0548153
0,0,0.0550432
0,0,0.0550619
0,0,0.0550912
0,0,0.0550958
0,0,0.0551688
0,0,0.055169
0,0,0.0552471
0,0,0.055254
0,0,0.0552849
0,0,0.0553215
0,0,0.0556088
0,0,0.0557251
0,0,0.0558959
0,0,0.055968
0,0,0.0561828
0,0,0.0563404
0,0,0.0563602
0,0,0.0563888
0,0,0.0564654
0,0,0.0565059
0,0,0.0565121
0,0,0.0565883
0,0,0.0566683
0,0,0.0567052
0,0,0.0567096
0,0,0.0568496
0,0,0.0569017
0,0,0.0569356
0,0,0.0571826
0,0,0.0572038
0,0,0.0572141
0,0,0.0572335
0,0,0.0574272
0,0,0.0574534
0,0,0.0575693
0,0,0.0576651
0,0,0.0577508
0,0,0.0579085
0,0,0.0580354
0,0,0.0581321
0,0,0.0581493
0,0,0.0583561
0,0,0.0583726
0,0,0.0583903
0,0,0.0585185
0,0,0.0585546
0,0,0.0585679
0,0,0.0588783
0,0,0.0589165
0,0,0.058967
0,0,0.0591285
0,0,0.059135
0,0,0.0593533
0,0,0.0593867
0,0,0.059481
0,0,0.05954
0,0,0.0595634
0,0,0.0596191
0,0,0.059636
0,0,0.0596385
0,0,0.0596563
0,0,0.0596952
0,0,0.0597834
0,0,0.0597848
0,0,0.059788
0,0,0.0597984
0,0,0.0598462
0,0,0.060205
0,0,0.0602515
0,0,0.0603621
0,0,0.0605053
0,0,0.0605366
0,0,0.0606212
0,0,0.0606746
0,0,0.0609861
0,0,0.0612279
0,0,0.0612753
0,0,0.0612757
0,0,0.0612909
0,0,0.0614684
0,0,0.0615224
0,0,0.0615277
0,0,0.0616629
0,0,0.0620218
0,0,0.0620813
0,0,0.0621766
0,0,0.0621992
0,0,0.0622844
0,0,0.0622906
0,0,0.0623969
0,0,0.0624432
0,0,0.0625019
0,0,0.06285
0,0,0.0629973
0,0,0.0630246
0,0,0.0630463
0,0,0.0630835
0,0,0.0630894
0,0,0.0631193
0,0,0.0632209
0,0,0.0632237
0,0,0.0632992
0,0,0.0633012
0,0,0.0633108
0,0,0.0635161
0,0,0.0635988
0,0,0.0636073
0,0,0.0637944
0,0,0.0638645
0,0,0.0639295
0,0,0.0640523
0,0,0.0640701
0,0,0.0641521
0,0,0.0641792
0,0,0.064239
0,0,0.0642931
0,0,0.0643438
0,0,0.0644131
0,0,0.0644301
0,0,0.0645005
0,0,0.0645432
0,0,0.0645764
0,0,0.0647438
0,0,0.0647477
0,0,0.0649774
0,0,0.0650681
0,0,0.0652077
0,0,0.0653235
0,0,0.0653918
0,0,0.065398
0,0,0.0654243
0,0,0.0654511
0,0,0.0655965
0,0,0.0656338
0,0,0.065685
0,0,0.065692
0,0,0.0657457
0,0,0.0658244
0,0,0.0661014
0,0,0.0661583
0,0,0.0662837
0,0,0.0663502
0,0,0.0664247
0,0,0.0664429
0,0,0.0665518
0,0,0.0665791
0,0,0.0665927
0,0,0.0666023
0,0,0.0666186
0,0,0.0666212
0,0,0.0666429
0,0,0.0666453
0,0,0.0667095
0,0,0.0667531
0,0,0.0668992
0,0,0.0669726
0,0,0.0670396
0,0,0.0672072
0,0,0.0674178
0,0,0.0674644
0,0,0.0675534
0,0,0.0676766
0,0,0.0677548
0,0,0.0680189
0,0,0.0680455
0,0,0.068064
0,0,0.0681282
0,0,0.0681948
0,0,0.0682546
0,0,0.0684266
0,0,0.0684269
0,0,0.0685798
0,0,0.0686073
0,0,0.0688281
0,0,0.0689855
0,0,0.0692823
0,0,0.0692986
0,0,0.0694168
0,0,0.0696131
0,0,0.0696649
0,0,0.0696834
0,0,0.0696949
0,0,0.0697787
0,0,0.0698771
0,0,0.0699914
0,0,0.0701161
0,0,0.0704003
0,0,0.0704007
0,0,0.0704657
0,0,0.0705432
0,0,0.0707389
0,0,0.0708141
0,0,0.0708169
0,0,0.0710102
0,0,0.0715415
0,0,0.0716173
0,0,0.0717602
0,0,0.0717837
0,0,0.0719915
0,0,0.0720534
0,0,0.0720859
0,0,0.0720956
0,0,0.0721141
0,0,0.0721299
0,0,0.0722274
0,0,0.0723124
0,0,0.072323
0,0,0.0724235
0,0,0.072604
0,0,0.0726621
0,0,0.0727175
0,0,0.0727521
0,0,0.0727525
0,0,0.0731449
0,0,0.0732663
0,0,0.0733594
0,0,0.0733869
0,0,0.0733983
0,0,0.0735516
0,0,0.0735763
0,0,0.0736134
0,0,0.0736361
0,0,0.0736791
0,0,0.0737291
0,0,0.0737716
0,0,0.0737795
0,0,0.0738335
0,0,0.0739266
0,0,0.0739923
0,0,0.0740555
0,0,0.0740963
0,0,0.0741831
0,0,0.074187
0,0,0.0742984
0,0,0.0743539
0,0,0.0744445
0,0,0.0745461
0,0,0.0746369
0,0,0.0748754
0,0,0.0749335
0,0,0.0751076
0,0,0.0751195
0,0,0.0751536
0,0,0.0751739
0,0,0.0751922
0,0,0.0752115
0,0,0.0752387
0,0,0.0753818
0,0,0.0754804
0,0,0.0754876
0,0,0.0755709
0,0,0.075684
0,0,0.0757622
0,0,0.0757917
0,0,0.0758737
0,0,0.076042
0,0,0.0760478
0,0,0.0761004
0,0,0.0762007
0,0,0.0762501
0,0,0.0762744
0,0,0.0763205
0,0,0.0763842
0,0,0.0765159
0,0,0.0765222
0,0,0.0765265
0,0,0.0766926
0,0,0.0767096
0,0,0.0768059
0,0,0.0769672
0,0,0.0769975
0,0,0.0774556
0,0,0.0777801
0,0,0.0778269
0,0,0.0780739
0,0,0.0781379
0,0,0.078333
0,0,0.0783428
0,0,0.0785854
0,0,0.0786406
0,0,0.0786414
0,0,0.0788078
0,0,0.0789139
0,0,0.0790016
0,0,0.0790856
0,0,0.0791274
0,0,0.0791861
0,0,0.0792205
0,0,0.0793113
0,0,0.0793479
0,0,0.0793685
0,0,0.0793774
0,0,0.0798975
0,0,0.0798979
0,0,0.0799421
0,0,0.0800157
0,0,0.0800329
0,0,0.0800953
0,0,0.0801515
0,0,0.0802422
0,0,0.0805961
0,0,0.0806553
0,0,0.0806894
0,0,0.0807438
0,0,0.080818
0,0,0.0808448
0,0,0.0809123
0,0,0.0811238
0,0,0.0811344
0,0,0.0812767
0,0,0.0813063
0,0,0.0813817
0,0,0.0813906
0,0,0.0814241
0,0,0.0814248
0,0,0.0815161
0,0,0.081854
0,0,0.0819499
0,0,0.0819925
0,0,0.0822578
0,0,0.0822776
0,0,0.0823325
0,0,0.0824349
0,0,0.0826092
0,0,0.0826938
0,0,0.0826975
0,0,0.0827502
0,0,0.0827777
0,0,0.0828029
0,0,0.0828655
0,0,0.082875
0,0,0.0830305
0,0,0.0831496
0,0,0.0831777
0,0,0.0831787
0,0,0.0832248
0,0,0.0832853
0,0,0.0832904
0,0,0.0833461
0,0,0.083414
0,0,0.0834161
0,0,0.0834429
0,0,0.0840121
0,0,0.0840988
0,0,0.0841028
0,0,0.0841193
0,0,0.084174
0,0,0.0841847
0,0,0.0843263
0,0,0.0843415
0,0,0.0843672
0,0,0.0843689
0,0,0.0845629
0,0,0.0847135
0,0,0.0849561
0,0,0.084998
0,0,0.0849985
0,0,0.0850202
0,0,0.0850204
0,0,0.0850671
0,0,0.0851608
0,0,0.0852141
0,0,0.0852202
0,0,0.0853092
0,0,0.0853165
0,0,0.0853904
0,0,0.0854723
0,0,0.0857416
0,0,0.0859516
0,0,0.0862527
0,0,0.0863246
0,0,0.0864213
0,0,0.0865719
0,0,0.0869713
0,0,0.0870583
0,0,0.0872566
0,0,0.0872651
0,0,0.0873973
0,0,0.0874369
0,0,0.0875245
0,0,0.0876204
0,0,0.087826
0,0,0.0878796
0,0,0.0879662
0,0,0.087987
0,0,0.0880152
0,0,0.0880882
0,0,0.0882986
0,0,0.0883494
0,0,0.0883509
0,0,0.0883666
0,0,0.0887016
0,0,0.0887598
0,0,0.0889636
0,0,0.0890159
0,0,0.0891101
0,0,0.0891478
0,0,0.0892789
0,0,0.0894133
0,0,0.0894631
0,0,0.0895813
0,0,0.0896882
0,0,0.089708
0,0,0.0897299
0,0,0.0897434
0,0,0.0899248
0,0,0.0899816
0,0,0.0900636
0,0,0.0902978
0,0,0.09059
0,0,0.0906113
0,0,0.0906197
0,0,0.090657
0,0,0.0906796
0,0,0.0908525
0,0,0.0908955
0,0,0.0910161
0,0,0.0912305
0,0,0.0912916
0,0,0.091446
0,0,0.0915176
0,0,0.0915691
0,0,0.0917151
0,0,0.0919145
0,0,0.0919543
0,0,0.0919869
0,0,0.0919903
0,0,0.0920546
0,0,0.0920951
0,0,0.0924229
0,0,0.0924359
0,0,0.0925262
0,0,0.0925882
0,0,0.09297
0,0,0.0930889
0,0,0.0931974
0,0,0.0932593
0,0,0.0934451
0,0,0.093528
0,0,0.0936763
0,0,0.0937829
0,0,0.0938003
0,0,0.0938237
0,0,0.0939119
0,0,0.0939909
0,0,0.0941282
0,0,0.0941523
0,0,0.0943294
0,0,0.0943387
0,0,0.0943791
0,0,0.0944711
0,0,0.0946323
0,0,0.0948642
0,0,0.0949147
0,0,0.0949387
0,0,0.0950898
0,0,0.0953386
0,0,0.0953909
0,0,0.0954624
0,0,0.0955237
0,0,0.0956354
0,0,0.0957207
0,0,0.0957733
0,0,0.0958012
0,0,0.0958694
0,0,0.0959093
0,0,0.096231
0,0,0.0963376
0,0,0.0963385
0,0,0.0963408
0,0,0.0964588
0,0,0.0965534
0,0,0.0966074
0,0,0.0966681
0,0,0.0966751
0,0,0.0970196
0,0,0.0970741
0,0,0.0970766
0,0,0.097133
0,0,0.0973002
0,0,0.0974935
0,0,0.0975549
0,0,0.0976469
0,0,0.097666
0,0,0.09774
0,0,0.0977576
0,0,0.0977688
0,0,0.0977765
0,0,0.0978944
0,0,0.0979491
0,0,0.0980085
0,0,0.0981433
0,0,0.0981531
0,0,0.0981586
0,0,0.0981976
0,0,0.0982212
0,0,0.0983308
0,0,0.0983796
0,0,0.0983961
0,0,0.0984908
0,0,0.0985825
0,0,0.0986431
0,0,0.0987433
0,0,0.0987464
0,0,0.098905
0,0,0.0990383
0,0,0.0991605
0,0,0.0992336
0,0,0.0994364
0,0,0.0995652
0,0,0.0995805
0,0,0.0997282
0,0,0.0998609
0,0,0.0999119
0,0,0.0999357
0,0,0.0999566
0,0,0.100125
0,0,0.100385
0,0,0.100503
0,0,0.100601
0,0,0.100651
0,0,0.100676
0,0,0.101025
0,0,0.101203
0,0,0.101259
0,0,0.101264
0,0,0.101361
0,0,0.101599
0,0,0.101675
0,0,0.101752
0,0,0.101875
0,0,0.101932
0,0,0.102191
0,0,0.102202
0,0,0.102232
0,0,0.102336
0,0,0.102366
0,0,0.102542
0,0,0.102895
0,0,0.102941
0,0,0.102996
0,0,0.103136
0,0,0.103146
0,0,0.103341
0,0,0.103519
0,0,0.103535
0,0,0.103717
0,0,0.103734
0,0,0.103855
0,0,0.104032
0,0,0.104045
0,0,0.104089
0,0,0.104108
0,0,0.104202
0,0,0.104387
0,0,0.104404
0,0,0.104481
0,0,0.104526
0,0,0.10453
0,0,0.104593
0,0,0.104731
0,0,0.105027
0,0,0.105194
0,0,0.105244
0,0,0.105254
0,0,0.10526
0,0,0.105284
0,0,0.105358
0,0,0.105602
0,0,0.105712
0,0,0.106054
0,0,0.106238
0,0,0.106401
0,0,0.106401
0,0,0.10664
0,0,0.106842
0,0,0.106953
0,0,0.106996
0,0,0.107182
0,0,0.107237
0,0,0.1074
0,0,0.107517
0,0,0.10758
0,0,0.107635
0,0,0.107649
0,0,0.107971
0,0,0.108149
0,0,0.108184
0,0,0.108218
0,0,0.108379
0,0,0.108831
0,0,0.10886
0,0,0.108983
0,0,0.109089
0,0,0.109121
0,0,0.10925
0,0,0.109311
0,0,0.10939
0,0,0.109606
0,0,0.109623
0,0,0.109654
0,0,0.109705
0,0,0.1099
0,0,0.109911
0,0,0.109914
0,0,0.10997
0,0,0.110102
0,0,0.110125
0,0,0.110265
0,0,0.110611
0,0,0.110612
0,0,0.110642
0,0,0.110713
0,0,0.110728
0,0,0.1109
0,0,0.111032
0,0,0.111132
0,0,0.111225
0,0,0.111313
0,0,0.111515
0,0,0.1116
0,0,0.111617
0,0,0.111698
0,0,0.111856
0,0,0.111977
0,0,0.111991
0,0,0.112329
0,0,0.112412
0,0,0.11242
0,0,0.112479
0,0,0.112714
0,0,0.112843
0,0,0.112916
0,0,0.113041
0,0,0.113218
0,0,0.113657
0,0,0.113749
0,0,0.113843
0,0,0.113888
0,0,0.113922
0,0,0.113928
0,0,0.114097
0,0,0.114103
0,0,0.114132
0,0,0.114351
0,0,0.114398
0,0,0.114601
0,0,0.114605
0,0,0.114658
0,0,0.114759
0,0,0.114841
0,0,0.114863
0,0,0.114998
0,0,0.11524
0,0,0.115281
0,0,0.115285
0,0,0.115296
0,0,0.115358
0,0,0.115486
0,0,0.115489
0,0,0.115551
0,0,0.115555
0,0,0.115582
0,0,0.115659
0,0,0.115711
0,0,0.115758
0,0,0.115782
0,0,0.115837
0,0,0.115878
0,0,0.116153
0,0,0.116187
0,0,0.116248
0,0,0.116259
0,0,0.116401
0,0,0.116637
0,0,0.11676
0,0,0.116843
0,0,0.116977
0,0,0.117002
0,0,0.117246
0,0,0.117301
0,0,0.117471
0,0,0.117486
0,0,0.117521
0,0,0.117662
0,0,0.117672
0,0,0.117861
0,0,0.117928
0,0,0.11811
0,0,0.11812
0,0,0.118137
0,0,0.118333
0,0,0.118464
0,0,0.118488
0,0,0.118666
0,0,0.118714
0,0,0.118778
0,0,0.118852
0,0,0.119044
0,0,0.119055
0,0,0.119282
0,0,0.119291
0,0,0.119404
0,0,0.119758
0,0,0.119814
0,0,0.119884
0,0,0.119903
0,0,0.119903
0,0,0.119931
0,0,0.120042
0,0,0.120138
0,0,0.120219
0,0,0.120261
0,0,0.120342
0,0,0.12074
0,0,0.121213
0,0,0.121217
0,0,0.121405
0,0,0.122065
0,0,0.122069
0,0,0.122229
0,0,0.122372
0,0,0.122477
0,0,0.122486
0,0,0.122534
0,0,0.122633
0,0,0.122947
0,0,0.123059
0,0,0.123077
0,0,0.123152
0,0,0.12339
0,0,0.123424
0,0,0.123494
0,0,0.123815
0,0,0.124019
0,0,0.124085
0,0,0.124212
0,0,0.12449
0,0,0.124631
0,0,0.124725
0,0,0.124762
0,0,0.124984
0,0,0.125033
0,0,0.125186
0,0,0.125271
0,0,0.125415
0,0,0.125438
0,0,0.125534
0,0,0.125598
0,0,0.125669
0,0,0.125831
0,0,0.125904
0,0,0.125966
0,0,0.12613
0,0,0.126151
0,0,0.12624
0,0,0.126486
0,0,0.126499
0,0,0.126549
0,0,0.126619
0,0,0.126689
0,0,0.126858
0,0,0.126881
0,0,0.126886
0,0,0.127168
0,0,0.127191
0,0,0.127235
0,0,0.127294
0,0,0.127309
0,0,0.127326
0,0,0.127343
0,0,0.1274
0,0,0.127451
0,0,0.127484
0,0,0.127814
0,0,0.127897
0,0,0.128118
0,0,0.12813
0,0,0.128171
0,0,0.128214
0,0,0.128218
0,0,0.128237
0,0,0.128245
0,0,0.128247
0,0,0.128284
0,0,0.128297
0,0,0.128304
0,0,0.128434
0,0,0.128441
0,0,0.128566
0,0,0.128599
0,0,0.128627
0,0,0.128741
0,0,0.128787
0,0,0.128794
0,0,0.128976
0,0,0.129035
0,0,0.129036
0,0,0.129087
0,0,0.129299
0,0,0.129379
0,0,0.129472
0,0,0.129547
0,0,0.130009
0,0,0.130098
0,0,0.130207
0,0,0.130353
0,0,0.130456
0,0,0.130495
0,0,0.130573
0,0,0.130742
0,0,0.130744
0,0,0.131125
0,0,0.131247
0,0,0.131289
0,0,0.131321
0,0,0.131617
0,0,0.131641
0,0,0.131677
0,0,0.131706
0,0,0.131903
0,0,0.131955
0,0,0.131955
0,0,0.132239
0,0,0.132514
0,0,0.132857
0,0,0.133157
0,0,0.133435
0,0,0.133605
0,0,0.133667
0,0,0.133715
0,0,0.133979
0,0,0.134078
0,0,0.13413
0,0,0.134208
0,0,0.134452
0,0,0.134605
0,0,0.134847
0,0,0.135044
0,0,0.135129
0,0,0.135209
0,0,0.135426
0,0,0.135498
0,0,0.135521
0,0,0.135672
0,0,0.13575
0,0,0.135909
0,0,0.13602
0,0,0.136048
0,0,0.136446
0,0,0.136474
0,0,0.13661
0,0,0.136807
0,0,0.136972
0,0,0.13717
0,0,0.137232
0,0,0.137332
0,0,0.13741
0,0,0.137499
0,0,0.137538
0,0,0.137827
0,0,0.138169
0,0,0.13829
0,0,0.13841
0,0,0.138608
0,0,0.139237
0,0,0.139273
0,0,0.139488
0,0,0.139504
0,0,0.139553
0,0,0.139557
0,0,0.139708
0,0,0.1398
0,0,0.139876
0,0,0.139943
0,0,0.139969
0,0,0.140043
0,0,0.140057
0,0,0.140132
0,0,0.140388
0,0,0.140521
0,0,0.140668
0,0,0.141134
0,0,0.141337
0,0,0.141366
0,0,0.141571
0,0,0.141595
0,0,0.141602
0,0,0.142036
0,0,0.14209
0,0,0.142137
0,0,0.142266
0,0,0.142479
0,0,0.142617
0,0,0.142688
0,0,0.142716
0,0,0.142922
0,0,0.143019
0,0,0.143086
0,0,0.143218
0,0,0.143243
0,0,0.143259
0,0,0.143414
0,0,0.143447
0,0,0.143528
0,0,0.143533
0,0,0.143635
0,0,0.144638
0,0,0.144769
0,0,0.144807
0,0,0.144898
0,0,0.144906
0,0,0.144937
0,0,0.145069
0,0,0.145122
0,0,0.145264
0,0,0.145271
0,0,0.1453
0,0,0.14544
0,0,0.145463
0,0,0.145474
0,0,0.145703
0,0,0.145933
0,0,0.146146
0,0,0.146175
0,0,0.146254
0,0,0.146484
0,0,0.146698
0,0,0.146798
0,0,0.146965
0,0,0.147608
0,0,0.147634
0,0,0.147712
0,0,0.147852
0,0,0.148031
0,0,0.148084
0,0,0.148423
0,0,0.148612
0,0,0.148706
0,0,0.148733
0,0,0.148976
0,0,0.149003
0,0,0.149089
0,0,0.149094
0,0,0.149135
0,0,0.149266
0,0,0.149392
0,0,0.149608
0,0,0.14978
0,0,0.149781
0,0,0.150009
0,0,0.150085
0,0,0.150166
0,0,0.15018
0,0,0.150354
0,0,0.150405
0,0,0.150422
0,0,0.150841
0,0,0.150893
0,0,0.151001
0,0,0.151034
0,0,0.151055
0,0,0.151344
0,0,0.151397
0,0,0.1514
0,0,0.151435
0,0,0.151442
0,0,0.151495
0,0,0.151605
0,0,0.15175
0,0,0.151792
0,0,0.151866
0,0,0.152041
0,0,0.152075
0,0,0.152188
0,0,0.152345
0,0,0.152438
0,0,0.152707
0,0,0.152818
0,0,0.153563
0,0,0.153709
0,0,0.153847
0,0,0.154142
0,0,0.154142
0,0,0.154153
0,0,0.154339
0,0,0.154403
0,0,0.154478
0,0,0.154627
0,0,0.154632
0,0,0.154721
0,0,0.154876
0,0,0.154887
0,0,0.1549
0,0,0.154901
0,0,0.155048
0,0,0.155191
0,0,0.155403
0,0,0.155453
0,0,0.155677
0,0,0.155734
0,0,0.155809
0,0,0.155952
0,0,0.156807
0,0,0.156858
0,0,0.156953
0,0,0.157379
0,0,0.157654
0,0,0.157774
0,0,0.157799
0,0,0.157856
0,0,0.157889
0,0,0.158244
0,0,0.158282
0,0,0.158314
0,0,0.158518
0,0,0.158584
0,0,0.158702
0,0,0.158817
0,0,0.159235
0,0,0.159453
0,0,0.159599
0,0,0.159657
0,0,0.159658
0,0,0.159793
0,0,0.159828
0,0,0.15987
0,0,0.160075
0,0,0.160078
0,0,0.160105
0,0,0.160171
0,0,0.16019
0,0,0.160231
0,0,0.160733
0,0,0.16107
0,0,0.16115
0,0,0.161588
0,0,0.161625
0,0,0.161683
0,0,0.161731
0,0,0.161755
0,0,0.16188
0,0,0.161894
0,0,0.161916
0,0,0.162158
0,0,0.162384
0,0,0.162473
0,0,0.163139
0,0,0.163208
0,0,0.163368
0,0,0.16348
0,0,0.163603
0,0,0.163937
0,0,0.16394
0,0,0.163943
0,0,0.164005
0,0,0.164161
0,0,0.164312
0,0,0.164468
0,0,0.16449
0,0,0.164601
0,0,0.165213
0,0,0.165335
0,0,0.165429
0,0,0.16554
0,0,0.165721
0,0,0.165722
0,0,0.165741
0,0,0.165755
0,0,0.165993
0,0,0.166105
0,0,0.166202
0,0,0.166312
0,0,0.166469
0,0,0.167151
0,0,0.167304
0,0,0.167369
0,0,0.167947
0,0,0.167955
0,0,0.168053
0,0,0.168102
0,0,0.168275
0,0,0.16836
0,0,0.168471
0,0,0.168478
0,0,0.168704
0,0,0.168729
0,0,0.168964
0,0,0.169369
0,0,0.169464
0,0,0.169582
0,0,0.169694
0,0,0.169873
0,0,0.170219
0,0,0.170228
0,0,0.170381
0,0,0.170575
0,0,0.170872
0,0,0.171411
0,0,0.171646
0,0,0.171817
0,0,0.171819
0,0,0.171832
0,0,0.17195
0,0,0.172026
0,0,0.172116
0,0,0.172352
0,0,0.172364
0,0,0.172433
0,0,0.172519
0,0,0.172676
0,0,0.172807
0,0,0.173214
0,0,0.173371
0,0,0.173461
0,0,0.173602
0,0,0.173897
0,0,0.17419
0,0,0.174262
0,0,0.174542
0,0,0.174629
0,0,0.174664
0,0,0.17484
0,0,0.175308
0,0,0.175747
0,0,0.175816
0,0,0.176201
0,0,0.176316
0,0,0.176702
0,0,0.176731
0,0,0.176994
0,0,0.17702
0,0,0.177043
0,0,0.177065
0,0,0.177116
0,0,0.177462
0,0,0.177489
0,0,0.177595
0,0,0.17764
0,0,0.177706
0,0,0.177746
0,0,0.177902
0,0,0.178109
0,0,0.178483
0,0,0.178787
0,0,0.178941
0,0,0.17908
0,0,0.179405
0,0,0.179638
0,0,0.179841
0,0,0.17986
0,0,0.179905
0,0,0.179996
0,0,0.179997
0,0,0.180424
0,0,0.180669
0,0,0.180709
0,0,0.180767
0,0,0.180927
0,0,0.181326
0,0,0.181417
0,0,0.18156
0,0,0.181853
0,0,0.182059
0,0,0.182161
0,0,0.18234
0,0,0.182491
0,0,0.182524
0,0,0.182604
0,0,0.182827
0,0,0.183012
0,0,0.183018
0,0,0.183617
0,0,0.183843
0,0,0.183964
0,0,0.183999
0,0,0.184188
0,0,0.184405
0,0,0.184595
0,0,0.184971
0,0,0.185176
0,0,0.185378
0,0,0.185404
0,0,0.185548
0,0,0.185598
0,0,0.185845
0,0,0.186146
0,0,0.186157
0,0,0.186348
0,0,0.186389
0,0,0.186496
0,0,0.186686
0,0,0.186839
0,0,0.186942
0,0,0.186971
0,0,0.18729
0,0,0.18739
0,0,0.187461
0,0,0.187521
0,0,0.187629
0,0,0.187842
0,0,0.18795
0,0,0.1881
0,0,0.188673
0,0,0.188869
0,0,0.18892
0,0,0.188955
0,0,0.189073
0,0,0.189231
0,0,0.189238
0,0,0.189635
0,0,0.189668
0,0,0.189929
0,0,0.190277
0,0,0.190378
0,0,0.190568
0,0,0.190868
0,0,0.191547
0,0,0.191735
0,0,0.191747
0,0,0.192169
0,0,0.192735
0,0,0.192765
0,0,0.192887
0,0,0.192899
0,0,0.193102
0,0,0.193356
0,0,0.193378
0,0,0.193835
0,0,0.193884
0,0,0.194163
0,0,0.194175
0,0,0.194313
0,0,0.194434
0,0,0.194485
0,0,0.194519
0,0,0.194525
0,0,0.194806
0,0,0.194826
0,0,0.19493
0,0,0.195274
0,0,0.195814
0,0,0.19582
0,0,0.195949
0,0,0.196019
0,0,0.19623
0,0,0.196252
0,0,0.196692
0,0,0.197006
0,0,0.197012
0,0,0.197123
0,0,0.197381
0,0,0.197389
0,0,0.197433
0,0,0.197588
0,0,0.197994
0,0,0.198222
0,0,0.198354
0,0,0.198778
0,0,0.1988
0,0,0.198953
0,0,0.199073
0,0,0.199236
0,0,0.199392
0,0,0.199401
0,0,0.199537
0,0,0.200271
0,0,0.20051
0,0,0.201018
0,0,0.201136
0,0,0.201285
0,0,0.201416
0,0,0.201473
0,0,0.201579
0,0,0.201599
0,0,0.202229
0,0,0.202377
0,0,0.20253
0,0,0.202602
0,0,0.202767
0,0,0.20292
0,0,0.20298
0,0,0.203326
0,0,0.203722
0,0,0.204164
0,0,0.20468
0,0,0.204819
0,0,0.20497
0,0,0.205185
0,0,0.205259
0,0,0.20561
0,0,0.205923
0,0,0.205977
0,0,0.206137
0,0,0.206144
0,0,0.206497
0,0,0.20698
0,0,0.207394
0,0,0.207683
0,0,0.207839
0,0,0.207847
0,0,0.208053
0,0,0.208207
0,0,0.208284
0,0,0.208314
0,0,0.208314
0,0,0.208583
0,0,0.208752
0,0,0.20918
0,0,0.209456
0,0,0.20948
0,0,0.209574
0,0,0.209638
0,0,0.209757
0,0,0.20996
0,0,0.21001
0,0,0.210103
0,0,0.21018
0,0,0.210272
0,0,0.210786
0,0,0.210907
0,0,0.212135
0,0,0.212802
0,0,0.212915
0,0,0.213115
0,0,0.213137
0,0,0.213294
0,0,0.213326
0,0,0.213607
0,0,0.213655
0,0,0.213825
0,0,0.213898
0,0,0.213921
0,0,0.214123
0,0,0.214134
0,0,0.214823
0,0,0.214867
0,0,0.21514
0,0,0.215218
0,0,0.215237
0,0,0.215338
0,0,0.215501
0,0,0.21567
0,0,0.215951
0,0,0.216047
0,0,0.216339
0,0,0.216376
0,0,0.216858
0,0,0.216902
0,0,0.217177
0,0,0.217214
0,0,0.217418
0,0,0.217422
0,0,0.217813
0,0,0.218112
0,0,0.218519
0,0,0.219276
0,0,0.219281
0,0,0.219445
0,0,0.21998
0,0,0.220147
0,0,0.220363
0,0,0.220788
0,0,0.220944
0,0,0.221123
0,0,0.221363
0,0,0.221817
0,0,0.222086
0,0,0.222476
0,0,0.223138
0,0,0.223355
0,0,0.223492
0,0,0.223527
0,0,0.223569
0,0,0.223892
0,0,0.223925
0,0,0.223927
0,0,0.224594
0,0,0.224808
0,0,0.225033
0,0,0.225051
0,0,0.225146
0,0,0.22528
0,0,0.225428
0,0,0.225572
0,0,0.225616
0,0,0.226145
0,0,0.226471
0,0,0.226696
0,0,0.226777
0,0,0.226924
0,0,0.227178
0,0,0.227449
0,0,0.227498
0,0,0.227831
0,0,0.227936
0,0,0.227946
0,0,0.22826
0,0,0.228809
0,0,0.229216
0,0,0.22926
0,0,0.229394
0,0,0.229452
0,0,0.229565
0,0,0.229983
0,0,0.230136
0,0,0.230279
0,0,0.230339
0,0,0.230432
0,0,0.230538
0,0,0.23061
0,0,0.230704
0,0,0.230707
0,0,0.230747
0,0,0.230762
0,0,0.230906
0,0,0.230922
0,0,0.231356
0,0,0.231937
0,0,0.23202
0,0,0.232089
0,0,0.2321
0,0,0.232291
0,0,0.232338
0,0,0.232832
0,0,0.232866
0,0,0.233185
0,0,0.233387
0,0,0.23347
0,0,0.233645
0,0,0.233865
0,0,0.234047
0,0,0.234071
0,0,0.234212
0,0,0.234352
0,0,0.234398
0,0,0.234419
0,0,0.234428
0,0,0.234457
0,0,0.234647
0,0,0.235235
0,0,0.235451
0,0,0.235617
0,0,0.235697
0,0,0.235959
0,0,0.236053
0,0,0.236502
0,0,0.237456
0,0,0.237468
0,0,0.23753
0,0,0.237614
0,0,0.237796
0,0,0.238276
0,0,0.239037
0,0,0.239127
0,0,0.23977
0,0,0.239852
0,0,0.239914
0,0,0.239971
0,0,0.240262
0,0,0.240622
0,0,0.240796
0,0,0.241201
0,0,0.24145
0,0,0.241516
0,0,0.241866
0,0,0.242065
0,0,0.242179
0,0,0.242293
0,0,0.242549
0,0,0.243323
0,0,0.243752
0,0,0.243855
0,0,0.244038
0,0,0.24412
0,0,0.244324
0,0,0.244408
0,0,0.244613
0,0,0.244707
0,0,0.244732
0,0,0.245034
0,0,0.24555
0,0,0.245817
0,0,0.246286
0,0,0.246524
0,0,0.24684
0,0,0.246998
0,0,0.247306
0,0,0.247503
0,0,0.247645
0,0,0.247649
0,0,0.248089
0,0,0.248388
0,0,0.248851
0,0,0.249044
0,0,0.249282
0,0,0.24982
0,0,0.250463
0,0,0.251145
0,0,0.251445
0,0,0.251619
0,0,0.251822
0,0,0.252231
0,0,0.252268
0,0,0.252296
0,0,0.252633
0,0,0.252836
0,0,0.252949
0,0,0.253253
0,0,0.254037
0,0,0.254182
0,0,0.254189
0,0,0.254298
0,0,0.254722
0,0,0.254979
0,0,0.255468
0,0,0.255652
0,0,0.255788
0,0,0.256552
0,0,0.256572
0,0,0.256678
0,0,0.25671
0,0,0.256792
0,0,0.256882
0,0,0.257125
0,0,0.257131
0,0,0.257137
0,0,0.257261
0,0,0.257539
0,0,0.258446
0,0,0.258651
0,0,0.258875
0,0,0.259011
0,0,0.259295
0,0,0.259677
0,0,0.259965
0,0,0.260221
0,0,0.261253
0,0,0.261378
0,0,0.261619
0,0,0.262627
0,0,0.263157
0,0,0.263351
0,0,0.263625
0,0,0.263823
0,0,0.263831
0,0,0.263929
0,0,0.264389
0,0,0.265089
0,0,0.265256
0,0,0.265744
0,0,0.266017
0,0,0.26629
0,0,0.267157
0,0,0.267607
0,0,0.26829
0,0,0.268412
0,0,0.269048
0,0,0.269513
0,0,0.269591
0,0,0.270394
0,0,0.270511
0,0,0.271077
0,0,0.271442
0,0,0.27272
0,0,0.273082
0,0,0.273707
0,0,0.27425
0,0,0.275433
0,0,0.27545
0,0,0.275463
0,0,0.276159
0,0,0.276273
0,0,0.276294
0,0,0.276329
0,0,0.276474
0,0,0.276636
0,0,0.276992
0,0,0.277081
0,0,0.277341
0,0,0.277435
0,0,0.27748
0,0,0.277945
0,0,0.278048
0,0,0.278192
0,0,0.279047
0,0,0.279203
0,0,0.279397
0,0,0.279663
0,0,0.28007
0,0,0.281437
0,0,0.281702
0,0,0.282291
0,0,0.283055
0,0,0.283194
0,0,0.283205
0,0,0.283686
0,0,0.283948
0,0,0.284138
0,0,0.284162
0,0,0.284216
0,0,0.285504
0,0,0.28617
0,0,0.287033
0,0,0.287539
0,0,0.290034
0,0,0.290351
0,0,0.290366
0,0,0.290885
0,0,0.292379
0,0,0.292498
0,0,0.293032
0,0,0.293086
0,0,0.293319
0,0,0.294258
0,0,0.294446
0,0,0.295206
0,0,0.297336
0,0,0.298933
0,0,0.301711
0,0,0.302427
0,0,0.302898
0,0,0.305154
0,0,0.305277
0,0,0.306015
0,0,0.308261
0,0,0.308734
0,0,0.310203
0,0,0.310717
0,0,0.311702
0,0,0.311889
0,0,0.312841
0,0,0.313168
0,0,0.313881
0,0,0.314247
0,0,0.314547
0,0,0.314593
0,0,0.315333
0,0,0.31619
0,0,0.317659
0,0,0.317841
0,0,0.317965
0,0,0.31832
0,0,0.319477
0,0,0.320572
0,0,0.321668
0,0,0.321914
0,0,0.323082
0,0,0.324679
0,0,0.325838
0,0,0.326686
0,0,0.327059
0,0,0.328013
0,0,0.330658
0,0,0.332277
0,0,0.332951
0,0,0.333523
0,0,0.334291
0,0,0.335159
0,0,0.33617
0,0,0.33628
0,0,0.336853
0,0,0.33704
0,0,0.337574
0,0,0.337824
0,0,0.338263
0,0,0.339875
0,0,0.340052
0,0,0.340205
0,0,0.342337
0,0,0.343773
0,0,0.34709
0,0,0.347254
0,0,0.348931
0,0,0.349488
0,0,0.350797
0,0,0.351022
0,0,0.35245
0,0,0.352605
0,0,0.352701
0,0,0.353194
0,0,0.35344
0,0,0.353465
0,0,0.354427
0,0,0.356346
0,0,0.358105
0,0,0.358781
0,0,0.360826
0,0,0.364845
0,0,0.365443
0,0,0.366227
0,0,0.366426
0,0,0.367073
0,0,0.369185
0,0,0.371083
0,0,0.372383
0,0,0.373291
0,0,0.374009
0,0,0.375025
0,0,0.37712
0,0,0.377713
0,0,0.384356
0,0,0.386832
0,0,0.38709
0,0,0.388749
0,0,0.389492
0,0,0.391323
0,0,0.391521
0,0,0.394317
0,0,0.394512
0,0,0.395993
0,0,0.396925
0,0,0.402449
0,0,0.40263
0,0,0.40317
0,0,0.403326
0,0,0.40369
0,0,0.403709
0,0,0.403779
0,0,0.404194
0,0,0.405047
0,0,0.405802
0,0,0.408437
0,0,0.411782
0,0,0.418018
0,0,0.421174
0,0,0.426601
0,0,0.426672
0,0,0.427693
0,0,0.427769
0,0,0.435001
0,0,0.440532
0,0,0.441752
0,0,0.442208
0,0,0.443174
0,0,0.445792
0,0,0.450878
0,0,0.451937
0,0,0.4576
0,0,0.457668
0,0,0.459296
0,0,0.464764
0,0,0.466382
0,0,0.46907
0,0,0.469294
0,0,0.4715
0,0,0.471968
0,0,0.472635
0,0,0.473268
0,0,0.47425
0,0,0.474883
0,0,0.482092
0,0,0.488743
0,0,0.491414
0,0,0.493962
0,0,0.498318
0,0,0.500295
0,0,0.505799
0,0,0.510351
0,0,0.514847
0,0,0.523039
0,0,0.525917
0,0,0.526978
0,0,0.529162
0,0,0.550511
0,0,0.561165
0,0,0.56812
0,0,0.577941
0,0,0.622422
0,0,0.63914
0,0,0.651152
0,0,0.661722
0,0,0.666987
0,0,0.674262
0,0,0.678704
0,0,0.678829
0,0,0.698177
0,0,0.711534
0,0,0.719353
0,0,0.732699
0,0,0.741873
0,0,0.742242
0,0,0.768174
0,0,0.787824
0,0,0.7902
0,0,0.919019
0,0,3
1,1.91015,2.07421
1,1.22837,1.72286
1,1.16569,1.23777
1,1.11584,1.13747
1,1.1137,1.16288
1,1.08655,1.1415
1,1.04615,1.06232
1,1.0303,1.06919
1,1.02143,1.18607
1,0.980311,1.32506
1,0.960059,0.976158
1,0.908888,0.92706
1,0.90649,1.05512
1,0.888618,0.911531
1,0.886517,0.916719
1,0.854369,1.0477
1,0.852144,0.881407
1,0.839007,0.887607
1,0.818497,1.32814
1,0.801912,0.940081
1,0.799758,0.949701
1,0.767037,0.849189
1,0.758391,0.900996
1,0.758166,0.900996
1,0.755976,0.789224
1,0.745957,0.803834
1,0.74481,0.845804
1,0.742082,0.990269
1,0.7398,0.74998
1,0.735343,0.859757
1,0.711747,0.873992
1,0.709386,0.780321
1,0.704786,0.819793
1,0.694185,0.697841
1,0.679483,0.828732
1,0.670024,0.698571
1,0.66686,0.838077
1,0.666855,0.763571
1,0.664574,0.781994
1,0.661668,0.662037
1,0.644173,0.664342
1,0.632742,0.9822
1,0.629616,0.650813
1,0.62604,0.638798
1,0.625855,0.651387
1,0.622977,0.682559
1,0.621772,0.693104
1,0.602788,0.876572
1,0.60133,0.670653
1,0.597522,0.619807
1,0.589769,0.776617
1,0.585228,0.67097
1,0.584551,0.658108
1,0.573807,0.577499
1,0.573798,0.743777
1,0.57311,0.634642
1,0.570277,0.57259
1,0.565715,0.588383
1,0.553858,0.884387
1,0.55045,0.583859
1,0.550117,0.552063
1,0.549374,0.57654
1,0.548284,0.582823
1,0.546773,0.57149
1,0.545899,0.584695
1,0.54115,0.551293
1,0.535421,0.568202
1,0.53519,0.576905
1,0.535035,0.803581
1,0.53269,0.812113
1,0.527035,0.638036
1,0.518749,0.539067
1,0.516326,0.642034
1,0.509546,0.54065
1,0.50884,0.581687
1,0.508537,0.631678
1,0.505542,0.682955
1,0.49801,0.646225
1,0.491787,0.51322
1,0.485523,0.499121
1,0.484209,0.619323
1,0.479546,0.501985
1,0.478325,1.13199
1,0.475673,0.517772
1,0.474294,0.646465
1,0.473601,0.506977
1,0.473391,0.599462
1,0.472196,0.472268
1,0.463957,0.467003
1,0.463327,0.628433
1,0.460325,0.463402
1,0.456432,0.578802
1,0.456013,0.57783
1,0.454906,0.459383
1,0.454153,0.503113
1,0.451751,0.457921
1,0.446994,0.456301
1,0.446862,0.450449
1,0.446754,0.485571
1,0.44524,0.599435
1,0.444437,0.603636
1,0.441284,0.490645
1,0.441165,0.482742
1,0.440221,0.452798
1,0.438596,0.464145
1,0.434216,0.486167
1,0.431832,0.458923
1,0.429805,0.474052
1,0.428787,0.437082
1,0.427556,0.892702
1,0.427323,0.428217
1,0.42479,0.507025
1,0.418715,0.458951
1,0.41856,0.435511
1,0.416985,0.446737
1,0.414879,0.453792
1,0.413361,0.460821
1,0.412935,0.420006
1,0.412357,0.439299
1,0.411389,0.425974
1,0.409504,0.429442
1,0.409471,0.435422
1,0.408325,0.434653
1,0.408194,0.444292
1,0.407693,0.410478
1,0.407326,0.416257
1,0.405134,0.415637
1,0.404972,0.416193
1,0.404896,0.41017
1,0.404827,0.463752
1,0.404782,0.47652
1,0.404322,0.581015
1,0.403743,0.647779
1,0.400098,0.476465
1,0.400072,0.419572
1,0.399276,0.602004
1,0.39889,0.443949
1,0.396313,0.483182
1,0.394763,0.424259
1,0.39289,0.40024
1,0.391285,0.506699
1,0.390804,0.424106
1,0.389536,0.427192
1,0.389212,0.437797
1,0.388692,0.464737
1,0.38742,0.444879
1,0.386629,0.502823
1,0.385894,0.4156
1,0.385468,0.426254
1,0.384853,0.389227
1,0.383103,0.440229
1,0.382899,0.400988
1,0.382783,0.451961
1,0.381833,0.547503
1,0.37955,0.587201
1,0.379505,0.384789
1,0.378872,0.490163
1,0.37829,0.445813
1,0.377574,0.381362
1,0.375874,0.386681
1,0.375871,0.376096
1,0.374359,0.439922
1,0.374206,0.396821
1,0.371772,0.380597
1,0.371215,0.40899
1,0.370985,0.407778
1,0.370937,0.390796
1,0.370078,0.415504
1,0.368254,0.400131
1,0.367849,0.396994
1,0.365336,0.453969
1,0.364657,0.436845
1,0.364596,0.37004
1,0.364413,0.419296
1,0.364316,0.476938
1,0.363225,0.392207
1,0.363169,0.399628
1,0.362948,0.502316
1,0.362563,0.455439
1,0.361503,0.383952
1,0.36132,0.384935
1,0.361072,0.362379
1,0.360885,0.462834
1,0.36072,0.372632
1,0.358612,0.36131
1,0.358571,0.410068
1,0.357188,0.420696
1,0.356803,0.507119
1,0.356307,0.405166
1,0.356206,0.396799
1,0.355859,0.510221
1,0.3557,0.404942
1,0.355423,0.355568
1,0.35448,0.370925
1,0.354055,0.365674
1,0.352453,0.372634
1,0.351944,0.390796
1,0.349668,0.427562
1,0.348792,0.354366
1,0.348343,0.399186
1,0.347905,0.37282
1,0.347065,0.400886
1,0.347058,0.470928
1,0.346691,0.367258
1,0.345889,0.401475
1,0.345598,0.435735
1,0.344528,0.350043
1,0.344326,0.392607
1,0.343588,0.356414
1,0.343314,0.423924
1,0.341819,0.442004
1,0.341132,0.48512
1,0.341055,0.382854
1,0.340941,0.36346
1,0.340896,0.393183
1,0.340696,0.359676
1,0.339819,0.435382
1,0.338346,0.393789
1,0.3378,0.397086
1,0.337154,0.36195
1,0.335595,0.419951
1,0.335444,0.435602
1,0.335282,0.355697
1,0.334193,0.391114
1,0.33323,0.349497
1,0.33247,0.427717
1,0.331271,0.395279
1,0.330748,0.353547
1,0.33022,0.34155
1,0.328977,0.330229
1,0.3289,0.444827
1,0.328888,0.465408
1,0.328634,0.48858
1,0.328402,0.495135
1,0.328069,0.336965
1,0.327594,0.333606
1,0.327351,0.379543
1,0.326658,0.382533
1,0.324905,0.359218
1,0.324839,0.336266
1,0.323888,0.484219
1,0.322531,0.35792
1,0.321888,0.430628
1,0.321528,0.34725
1,0.320714,0.34559
1,0.320291,0.452411
1,0.319967,0.418343
1,0.319899,0.43706
1,0.317853,0.407908
1,0.317316,0.328866
1,0.31634,0.467315
1,0.315653,0.334806
1,0.315509,0.323418
1,0.315263,0.35657
1,0.315168,0.392316
1,0.31434,0.359731
1,0.313945,0.314219
1,0.313387,0.461151
1,0.313343,0.351793
1,0.310228,0.330586
1,0.310201,0.339208
1,0.309822,0.517774
1,0.309756,0.355963
1,0.309022,0.34117
1,0.308796,0.338948
1,0.308772,0.369379
1,0.307532,0.343365
1,0.306791,0.319634
1,0.306664,0.332174
1,0.306623,0.307148
1,0.306076,0.40569
1,0.30557,0.401845
1,0.305487,0.472073
1,0.305444,0.367256
1,0.305337,0.306984
1,0.304714,0.316831
1,0.304233,0.328549
1,0.303455,0.338878
1,0.302958,0.376622
1,0.302545,0.577125
1,0.301703,0.33255
1,0.301478,0.322734
1,0.30079,0.36931
1,0.300542,0.406061
1,0.300432,0.395366
1,0.299274,0.386521
1,0.299234,0.355913
1,0.299041,0.385497
1,0.297081,0.34701
1,0.296215,0.334012
1,0.296126,0.298168
1,0.295891,0.370282
1,0.294935,0.342657
1,0.29446,0.341033
1,0.294377,0.304798
1,0.293702,0.350427
1,0.293414,0.50522
1,0.291882,0.339867
1,0.291845,0.301166
1,0.291695,0.405348
1,0.29139,0.384599
1,0.291345,0.292579
1,0.29077,0.532517
1,0.28933,0.292154
1,0.289253,0.297485
1,0.288707,0.399329
1,0.288436,0.318635
1,0.288336,0.489383
1,0.288313,0.291832
1,0.287685,0.361047
1,0.286648,0.35513
1,0.286444,0.49808
1,0.28642,0.517592
1,0.286404,0.297733
1,0.286146,0.364355
1,0.285304,0.304795
1,0.285203,0.392589
1,0.285095,0.325872
1,0.285092,0.309639
1,0.284033,0.302134
1,0.28327,0.301123
1,0.282802,0.420132
1,0.281362,0.282356
1,0.28132,0.372507
1,0.281096,0.299948
1,0.28015,0.303182
1,0.279897,0.297617
1,0.27942,0.361731
1,0.279226,0.279237
1,0.277987,0.479425
1,0.276535,0.342451
1,0.276504,0.292891
1,0.276272,0.397683
1,0.27568,0.286746
1,0.27567,0.306561
1,0.275053,0.328797
1,0.274208,0.299425
1,0.27374,0.34461
1,0.273257,0.370677
1,0.272366,0.284366
1,0.271679,0.355375
1,0.271518,0.36944
1,0.271288,0.278899
1,0.270906,0.298455
1,0.270835,0.284806
1,0.270257,0.500071
1,0.269978,0.284989
1,0.269707,0.304564
1,0.269293,0.306602
1,0.269229,0.282923
1,0.269214,0.326839
1,0.267479,0.290052
1,0.266742,0.295095
1,0.265837,0.268767
1,0.265409,0.299196
1,0.265166,0.28111
1,0.265052,0.329986
1,0.264647,0.297106
1,0.263987,0.299492
1,0.263304,0.357543
1,0.262543,0.290793
1,0.261595,0.297886
1,0.260603,0.316239
1,0.260237,0.297253
1,0.259976,0.297381
1,0.259449,0.305283
1,0.259261,0.358759
1,0.259103,0.266444
1,0.257687,0.265886
1,0.257221,0.259063
1,0.256916,0.314022
1,0.256595,0.30411
1,0.256282,0.27874
1,0.256023,0.291752
1,0.25589,0.3641
1,0.255741,0.256937
1,0.255422,0.256183
1,0.255145,0.349498
1,0.254874,0.2977
1,0.250925,0.266535
1,0.249985,0.255209
1,0.248852,0.26146
1,0.248743,0.385066
1,0.248692,0.316633
1,0.248252,0.302236
1,0.248183,0.258277
1,0.248059,0.382366
1,0.247878,0.299322
1,0.246699,0.300146
1,0.246332,0.266451
1,0.246328,0.304366
1,0.245733,0.351852
1,0.245708,0.308176
1,0.241941,0.294087
1,0.240195,0.30101
1,0.239969,0.297237
1,0.239309,0.292411
1,0.2375,0.278633
1,0.237295,0.341768
1,0.237277,0.237829
1,0.23701,0.237661
1,0.236944,0.280437
1,0.235903,0.246126
1,0.235587,0.235595
1,0.235411,0.300652
1,0.235352,0.27298
1,0.23511,0.235823
1,0.235077,0.245761
1,0.234835,0.242755
1,0.233924,0.307725
1,0.233713,0.287493
1,0.232931,0.304329
1,0.232735,0.241212
1,0.232571,0.243128
1,0.231979,0.246393
1,0.231846,0.248079
1,0.231345,0.282356
1,0.229968,0.279952
1,0.228971,0.256197
1,0.227999,0.255416
1,0.227447,0.313543
1,0.226926,0.251726
1,0.226375,0.260537
1,0.225206,0.235738
1,0.224846,0.236057
1,0.224486,0.250627
1,0.223358,0.291316
1,0.222685,0.23331
1,0.221378,0.251214
1,0.220622,0.240871
1,0.219957,0.22488
1,0.219434,0.223275
1,0.218586,0.31631
1,0.216584,0.23748
1,0.215867,0.222187
1,0.215826,0.244436
1,0.215792,0.244825
1,0.21565,0.226491
1,0.215613,0.231918
1,0.215215,0.216369
1,0.215097,0.222464
1,0.214781,0.229333
1,0.213558,0.271145
1,0.213118,0.23052
1,0.212976,0.225418
1,0.212831,0.260112
1,0.212209,0.235738
1,0.211819,0.225239
1,0.210854,0.214438
1,0.210595,0.224348
1,0.210263,0.222887
1,0.209277,0.234897
1,0.207567,0.237398
1,0.207543,0.217793
1,0.206965,0.20903
1,0.206145,0.241506
1,0.206034,0.221936
1,0.203101,0.2118
1,0.202743,0.253593
1,0.202644,0.226666
1,0.201712,0.204541
1,0.20138,0.281688
1,0.200922,0.210713
1,0.199786,0.21413
1,0.199148,0.239344
1,0.198156,0.209338
1,0.198059,0.221526
1,0.198051,0.216439
1,0.197466,0.218979
1,0.195789,0.209034
1,0.19565,0.206476
1,0.195622,0.199223
1,0.195219,0.333653
1,0.19414,0.22553
1,0.193856,0.258493
1,0.193682,0.20074
1,0.193008,0.194139
1,0.192927,0.222743
1,0.192902,0.19727
1,0.192575,0.200411
1,0.192309,0.193018
1,0.192243,0.199277
1,0.191741,0.208236
1,0.191482,0.230889
1,0.191011,0.191052
1,0.190904,0.218838
1,0.190825,0.205008
1,0.190721,0.201938
1,0.18929,0.196084
1,0.18927,0.241118
1,0.188902,0.194887
1,0.18877,0.199277
1,0.188386,0.191092
1,0.187667,0.256738
1,0.187643,0.217249
1,0.187379,0.289496
1,0.187103,0.200473
1,0.18617,0.186664
1,0.18616,0.188424
1,0.186122,0.212223
1,0.185854,0.194664
1,0.185712,0.218717
1,0.185617,0.190183
1,0.185567,0.260742
1,0.184716,0.201726
1,0.183618,0.250011
1,0.182832,0.228527
1,0.181223,0.217925
1,0.181103,0.270338
1,0.181036,0.200835
1,0.180843,0.181859
1,0.180281,0.238318
1,0.178908,0.197819
1,0.178188,0.20438
1,0.177869,0.18802
1,0.17745,0.218963
1,0.177379,0.180414
1,0.176388,0.19169
1,0.175601,0.176329
1,0.17433,0.190714
1,0.17421,0.257562
1,0.174197,0.231425
1,0.172173,0.237782
1,0.172089,0.214761
1,0.171451,0.173043
1,0.170717,0.194509
1,0.170557,0.187502
1,0.169238,0.188287
1,0.168952,0.180939
1,0.168699,0.192178
1,0.167819,0.215022
1,0.167691,0.187124
1,0.167227,0.20815
1,0.166459,0.203328
1,0.165693,0.208351
1,0.165461,0.265971
1,0.164886,0.182146
1,0.164204,0.221505
1,0.163942,0.178515
1,0.163439,0.245167
1,0.163048,0.308546
1,0.163035,0.20592
1,0.162859,0.173344
1,0.16264,0.228943
1,0.162502,0.191092
1,0.162219,0.197967
1,0.162088,0.187365
1,0.161823,0.176181
1,0.161518,0.164589
1,0.161219,0.16749
1,0.160762,0.190971
1,0.160608,0.178188
1,0.159958,0.169314
1,0.159475,0.170762
1,0.159151,0.194964
1,0.159077,0.181761
1,0.1578,0.180695
1,0.157214,0.199182
1,0.156671,0.227039
1,0.156163,0.188481
1,0.155226,0.174624
1,0.154617,0.163916
1,0.154529,0.209199
1,0.154525,0.179243
1,0.153976,0.160061
1,0.153964,0.18357
1,0.152992,0.157353
1,0.152176,0.173713
1,0.151886,0.160224
1,0.151774,0.302239
1,0.151719,0.163987
1,0.151359,0.185212
1,0.151016,0.211974
1,0.15098,0.156166
1,0.150371,0.154425
1,0.150085,0.193128
1,0.150072,0.158488
1,0.15001,0.178144
1,0.149799,0.156213
1,0.14903,0.155522
1,0.14887,0.165394
1,0.148664,0.197075
1,0.147325,0.18585
1,0.147022,0.149444
1,0.146963,0.149653
1,0.146923,0.177556
1,0.146205,0.150647
1,0.145896,0.156351
1,0.145188,0.1591
1,0.144926,0.158917
1,0.144766,0.174278
1,0.144702,0.14708
1,0.143769,0.201281
1,0.143745,0.195915
1,0.143146,0.159369
1,0.142488,0.158063
1,0.142139,0.18728
1,0.141912,0.155091
1,0.141855,0.164848
1,0.141727,0.159206
1,0.141714,0.157345
1,0.141271,0.145731
1,0.141128,0.180273
1,0.140865,0.142448
1,0.140218,0.161594
1,0.140093,0.150294
1,0.138229,0.151795
1,0.137605,0.137935
1,0.13738,0.220119
1,0.137343,0.138808
1,0.137323,0.141622
1,0.137173,0.138887
1,0.136744,0.152454
1,0.136342,0.142055
1,0.135422,0.159959
1,0.135334,0.135813
1,0.134843,0.136853
1,0.134254,0.19755
1,0.133433,0.15377
1,0.13327,0.14708
1,0.132209,0.141572
1,0.131683,0.147472
1,0.131347,0.153073
1,0.131055,0.132039
1,0.13048,0.136198
1,0.130017,0.131244
1,0.129621,0.144308
1,0.129362,0.134636
1,0.129288,0.150354
1,0.129254,0.131244
1,0.128928,0.140497
1,0.128186,0.15509
1,0.127194,0.169373
1,0.126906,0.150679
1,0.126776,0.128068
1,0.126514,0.12806
1,0.125512,0.136999
1,0.124831,0.127686
1,0.124536,0.190641
1,0.124353,0.206215
1,0.124036,0.132236
1,0.122633,0.139888
1,0.122566,0.138415
1,0.12245,0.164044
1,0.122383,0.131184
1,0.122171,0.134133
1,0.122112,0.125274
1,0.122111,0.150861
1,0.12176,0.134272
1,0.121701,0.145503
1,0.121325,0.142557
1,0.121224,0.12249
1,0.121139,0.141128
1,0.120906,0.146487
1,0.120897,0.134292
1,0.120812,0.140933
1,0.12081,0.144377
1,0.120634,0.163139
1,0.120577,0.122695
1,0.120365,0.130187
1,0.119462,0.149497
1,0.119179,0.132877
1,0.118876,0.129674
1,0.117486,0.164919
1,0.11748,0.143714
1,0.117261,0.130242
1,0.116959,0.158989
1,0.11695,0.130226
1,0.116463,0.176233
1,0.116398,0.134474
1,0.116382,0.119048
1,0.11609,0.135552
1,0.11597,0.123882
1,0.115937,0.131797
1,0.115917,0.126557
1,0.115325,0.118623
1,0.114981,0.142767
1,0.114882,0.115033
1,0.114814,0.120534
1,0.114423,0.124034
1,0.114371,0.114478
1,0.113953,0.126633
1,0.113609,0.136847
1,0.112883,0.122383
1,0.112434,0.118905
1,0.112429,0.16362
1,0.112365,0.153809
1,0.112258,0.136049
1,0.110794,0.117416
1,0.110394,0.155696
1,0.110185,0.111055
1,0.110161,0.113151
1,0.110097,0.115755
1,0.109624,0.132331
1,0.108602,0.116606
1,0.108503,0.147943
1,0.108103,0.116381
1,0.107918,0.136847
1,0.107807,0.146569
1,0.107174,0.111626
1,0.106567,0.110374
1,0.106548,0.113315
1,0.106466,0.159285
1,0.106344,0.152204
1,0.105901,0.113851
1,0.10578,0.119654
1,0.105608,0.110352
1,0.105196,0.159932
1,0.104968,0.118229
1,0.10488,0.141622
1,0.104738,0.12135
1,0.10448,0.126419
1,0.104466,0.108783
1,0.104041,0.133891
1,0.103435,0.109212
1,0.103097,0.136951
1,0.10207,0.111411
1,0.101996,0.11411
1,0.101536,0.116436
1,0.101304,0.111493
1,0.100713,0.122442
1,0.100496,0.108892
1,0.100382,0.120978
1,0.100062,0.126902
1,0.100019,0.117748
1,0.0985936,0.107853
1,0.0981094,0.106933
1,0.0979993,0.0996408
1,0.0979892,0.11453
1,0.0974283,0.106059
1,0.0973736,0.108192
1,0.0967052,0.149357
1,0.0953889,0.119764
1,0.0947244,0.114423
1,0.0947224,0.106045
1,0.0945364,0.107863
1,0.0941444,0.100281
1,0.0939827,0.104358
1,0.092889,0.125156
1,0.0928359,0.120909
1,0.0928271,0.100647
1,0.0925926,0.123831
1,0.0918766,0.105423
1,0.0913489,0.0966135
1,0.0903507,0.123146
1,0.0903368,0.103673
1,0.0893895,0.0993336
1,0.0884264,0.0920193
1,0.0881678,0.0943918
1,0.0872597,0.117357
1,0.0866793,0.0923988
1,0.086474,0.0972792
1,0.0855513,0.0919418
1,0.0855227,0.102705
1,0.0843782,0.0928717
1,0.0831225,0.0995794
1,0.0827038,0.137444
1,0.0824891,0.0889636
1,0.0823312,0.104901
1,0.0816331,0.0966966
1,0.0806307,0.0887305
1,0.0804996,0.0903239
1,0.0796037,0.130373
1,0.0793427,0.0900517
1,0.0776598,0.0788405
1,0.0771848,0.131802
1,0.0771733,0.0933529
1,0.0762374,0.0788941
1,0.07602,0.0763322
1,0.075125,0.0893578
1,0.0737918,0.0887916
1,0.07289,0.125172
1,0.071304,0.0965418
1,0.0703837,0.082782
1,0.0703521,0.0719623
1,0.0702151,0.0708556
1,0.0700128,0.0701641
1,0.0697309,0.0771943
1,0.0695063,0.0722472
1,0.0692055,0.0985618
1,0.0685723,0.0884587
1,0.067728,0.0961427
1,0.0660653,0.0834046
1,0.0660207,0.070709
1,0.0653995,0.0792783
1,0.0651248,0.0821275
1,0.0650195,0.0890343
1,0.063966,0.0717085
1,0.0620466,0.0647294
1,0.0612432,0.0712108
1,0.0588874,0.0626859
1,0.0573757,0.0660362
1,0.0556184,0.0775692
2,2.20599,2.23815
2,1.38608,1.55595
2,1.33989,1.44204
2,1.3363,1.36616
2,1.33555,1.36761
2,1.08105,1.10172
2,1.0799,1.11793
2,1.07372,1.1288
2,1.0477,1.10184
2,0.979974,1.27712
2,0.969895,1.0003
2,0.847177,0.934404
2,0.790687,0.792162
2,0.771025,0.779195
2,0.754824,0.757848
2,0.673659,0.673971
2,0.668157,0.693035
2,0.664797,0.680057
2,0.658671,0.685347
2,0.656465,0.676702
2,0.651419,0.682346
2,0.626749,0.683691
2,0.613425,0.648264
2,0.601064,0.606688
2,0.565461,0.68747
2,0.556777,0.565397
2,0.55572,0.602743
2,0.553847,0.555773
2,0.54375,0.58797
2,0.535326,0.551054
2,0.532613,0.551553
2,0.531545,0.585382
2,0.521883,0.608659
2,0.521255,0.560043
2,0.512071,0.515801
2,0.510314,0.539022
2,0.50543,0.520053
2,0.476035,0.540219
2,0.468916,0.542045
2,0.463223,0.487409
2,0.461025,0.462938
2,0.454601,0.460004
2,0.453008,0.457038
2,0.452107,0.456405
2,0.444976,0.461576
2,0.442004,0.468138
2,0.4414,0.449045
2,0.441023,0.475509
2,0.438292,0.449263
2,0.428375,0.441586
2,0.427647,0.449291
2,0.427133,0.432034
2,0.424044,0.446132
2,0.420525,0.424508
2,0.416114,0.418209
2,0.413395,0.43156
2,0.410666,0.470874
2,0.3903,0.392233
2,0.384306,0.39167
2,0.379582,0.380298
2,0.378351,0.41961
2,0.375589,0.386813
2,0.372255,0.392956
2,0.37224,0.375799
2,0.365122,0.403938
2,0.359679,0.364054
2,0.357397,0.382108
2,0.35111,0.36548
2,0.349372,0.351726
2,0.346371,0.358973
2,0.336758,0.351689
2,0.334712,0.34427
2,0.334627,0.34513
2,0.333318,0.363574
2,0.332866,0.333055
2,0.306394,0.307312
2,0.303974,0.314724
2,0.298541,0.300428
2,0.293037,0.303875
2,0.286473,0.291158
2,0.269704,0.305019
2,0.269362,0.270501
2,0.26741,0.27914
2,0.248354,0.254949
2,0.247818,0.261163
2,0.244324,0.253592
2,0.241533,0.244464
2,0.241015,0.244425
2,0.232547,0.234869
2,0.230853,0.24389
2,0.22956,0.287331
2,0.219104,0.219505
2,0.216201,0.218905
2,0.207756,0.220534
2,0.203338,0.217668
2,0.202033,0.240274
2,0.198879,0.213811
2,0.193297,0.194713
2,0.190526,0.195171
2,0.189672,0.194662
2,0.184471,0.190927
2,0.183427,0.189653
2,0.176927,0.177707
2,0.171484,0.187214
2,0.169821,0.170426
2,0.166146,0.178176
2,0.162999,0.169003
2,0.160339,0.161551
2,0.158897,0.169913
2,0.156055,0.159716
2,0.150226,0.158062
2,0.142739,0.142747
2,0.141526,0.142315
2,0.140737,0.151733
2,0.137977,0.150439
2,0.136414,0.136785
2,0.135885,0.144232
2,0.133228,0.134597
2,0.126072,0.13438
2,0.12366,0.125717
2,0.122242,0.129339
2,0.120464,0.132632
2,0.120459,0.126804
2,0.105779,0.107648
2,0.105392,0.111827
2,0.104582,0.107968
2,0.0954747,0.0995849
2,0.0946956,0.103405
2,0.0779843,0.0796119
