point cloud with 1307 points in dimension 3
0,0,0.00422397
0,0,0.00429443
0,0,0.00500156
0,0,0.00714395
0,0,0.00724776
0,0,0.00856146
0,0,0.00856269
0,0,0.00868323
0,0,0.00873466
0,0,0.00884375
0,0,0.0096619
0,0,0.00966965
0,0,0.0104496
0,0,0.0107755
0,0,0.0110228
0,0,0.0116282
0,0,0.0117788
0,0,0.01191
0,0,0.012121
0,0,0.0131403
0,0,0.0132106
0,0,0.0133055
0,0,0.0134202
0,0,0.0138275
0,0,0.0140062
0,0,0.0140393
0,0,0.0140772
0,0,0.014148
0,0,0.0142781
0,0,0.0145948
0,0,0.0150174
0,0,0.0150643
0,0,0.0152062
0,0,0.015319
0,0,0.0154041
0,0,0.0154302
0,0,0.0161935
0,0,0.0161992
0,0,0.0162618
0,0,0.0165286
0,0,0.0165363
0,0,0.0167081
0,0,0.0167514
0,0,0.0167752
0,0,0.0169816
0,0,0.0174952
0,0,0.0177368
0,0,0.017829
0,0,0.0185735
0,0,0.0186539
0,0,0.0188879
0,0,0.0195151
0,0,0.0197143
0,0,0.019734
0,0,0.0198088
0,0,0.0200705
0,0,0.0200876
0,0,0.0202657
0,0,0.0202821
0,0,0.0205632
0,0,0.0206918
0,0,0.0207675
0,0,0.0208178
0,0,0.0209463
0,0,0.0212854
0,0,0.021328
0,0,0.0214196
0,0,0.0218897
0,0,0.0220398
0,0,0.0225169
0,0,0.0225475
0,0,0.0226113
0,0,0.0229503
0,0,0.0234377
0,0,0.0234549
0,0,0.0235267
0,0,0.0235894
0,0,0.0236208
0,0,0.0237868
0,0,0.023981
0,0,0.0240471
0,0,0.0241949
0,0,0.0246022
0,0,0.0246277
0,0,0.0246596
0,0,0.0249324
0,0,0.0250044
0,0,0.0250974
0,0,0.0253807
0,0,0.0253948
0,0,0.0256548
0,0,0.0257121
0,0,0.0257958
0,0,0.0260488
0,0,0.0260905
0,0,0.026141
0,0,0.0262034
0,0,0.0264778
0,0,0.0265022
0,0,0.0269719
0,0,0.0269979
0,0,0.0270757
0,0,0.0271393
0,0,0.0272086
0,0,0.0272089
0,0,0.0275154
0,0,0.0275303
0,0,0.0276218
0,0,0.0278765
0,0,0.0281908
0,0,0.0282008
0,0,0.028295
0,0,0.0283975
0,0,0.028589
0,0,0.0287393
0,0,0.0289109
0,0,0.029085
0,0,0.0291093
0,0,0.029232
0,0,0.0293703
0,0,0.0298227
0,0,0.0299011
0,0,0.0299133
0,0,0.0299375
0,0,0.0299535
0,0,0.0300911
0,0,0.0301262
0,0,0.0303819
0,0,0.0305004
0,0,0.0312133
0,0,0.0313488
0,0,0.0313944
0,0,0.0314643
0,0,0.0322376
0,0,0.0323401
0,0,0.0323775
0,0,0.0325103
0,0,0.0325409
0,0,0.033011
0,0,0.0331565
0,0,0.0332043
0,0,0.0332802
0,0,0.0333555
0,0,0.0334398
0,0,0.0338593
0,0,0.0339869
0,0,0.0340596
0,0,0.0342942
0,0,0.0343981
0,0,0.0344595
0,0,0.0346106
0,0,0.0347708
0,0,0.0348576
0,0,0.0352614
0,0,0.0352979
0,0,0.0353978
0,0,0.0355233
0,0,0.0356839
0,0,0.0356935
0,0,0.0357184
0,0,0.0358403
0,0,0.0359546
0,0,0.036126
0,0,0.0361326
0,0,0.0364798
0,0,0.03655
0,0,0.0366341
0,0,0.0366784
0,0,0.0367182
0,0,0.036822
0,0,0.0369407
0,0,0.0369811
0,0,0.0372401
0,0,0.0372624
0,0,0.0375594
0,0,0.0376621
0,0,0.0377923
0,0,0.037823
0,0,0.0378949
0,0,0.0379135
0,0,0.0380752
0,0,0.0382123
0,0,0.0386913
0,0,0.0388321
0,0,0.0389433
0,0,0.0390238
0,0,0.039304
0,0,0.0393377
0,0,0.0393771
0,0,0.0394348
0,0,0.0394826
0,0,0.0395678
0,0,0.0398133
0,0,0.0399253
0,0,0.0399683
0,0,0.0400283
0,0,0.0401492
0,0,0.04024
0,0,0.040337
0,0,0.0407037
0,0,0.0408827
0,0,0.0408876
0,0,0.0409218
0,0,0.0413501
0,0,0.0414015
0,0,0.0414821
0,0,0.0414953
0,0,0.0415451
0,0,0.0415528
0,0,0.0416219
0,0,0.0418518
0,0,0.0418755
0,0,0.0418918
0,0,0.0420258
0,0,0.0421304
0,0,0.0421462
0,0,0.0422968
0,0,0.0423101
0,0,0.0425395
0,0,0.0425421
0,0,0.0427448
0,0,0.0430207
0,0,0.0431068
0,0,0.0434041
0,0,0.0438148
0,0,0.0438883
0,0,0.0439358
0,0,0.0441794
0,0,0.0442045
0,0,0.0444877
0,0,0.0444931
0,0,0.0445988
0,0,0.0446002
0,0,0.0452139
0,0,0.0452423
0,0,0.0455256
0,0,0.0460158
0,0,0.0462145
0,0,0.046307
0,0,0.0463455
0,0,0.0464533
0,0,0.0465212
0,0,0.0466131
0,0,0.0467877
0,0,0.0468289
0,0,0.0468317
0,0,0.0469012
0,0,0.0469165
0,0,0.0469619
0,0,0.0469826
0,0,0.0469957
0,0,0.0471094
0,0,0.0473048
0,0,0.0474719
0,0,0.0479533
0,0,0.0480468
0,0,0.0481059
0,0,0.0482082
0,0,0.048344
0,0,0.0485655
0,0,0.0486312
0,0,0.0486315
0,0,0.0486711
0,0,0.0488046
0,0,0.0490338
0,0,0.0491015
0,0,0.0492974
0,0,0.0493976
0,0,0.0494223
0,0,0.0494509
0,0,0.0497614
0,0,0.0501564
0,0,0.0501884
0,0,0.0502083
0,0,0.050351
0,0,0.0505394
0,0,0.050798
0,0,0.0510522
0,0,0.0512498
0,0,0.051275
0,0,0.0515299
0,0,0.0515422
0,0,0.0515708
0,0,0.0517352
0,0,0.0519297
0,0,0.0519372
0,0,0.0520788
0,0,0.0521479
0,0,0.0522043
0,0,0.0525397
0,0,0.0525848
0,0,0.0525869
0,0,0.0526288
0,0,0.0527546
0,0,0.0527784
0,0,0.0528225
0,0,0.0528542
0,0,0.0530051
0,0,0.0531508
0,0,0.0533254
0,0,0.0533818
0,0,0.0534101
0,0,0.0534398
0,0,0.0534712
0,0,0.0534768
0,0,0.0535085
0,0,0.0535623
0,0,0.0535777
0,0,0.0536422
0,0,0.0536685
0,0,0.0536862
0,0,0.0537025
0,0,0.0539732
0,0,0.0542753
0,0,0.0543568
0,0,0.0547131
0,0,0.0547243
0,0,0.0549378
0,0,0.0550087
0,0,0.0550372
0,0,0.0551467
0,0,0.0552249
0,0,0.0552796
0,0,0.0554039
0,0,0.0555609
0,0,0.0555881
0,0,0.0556018
0,0,0.0556519
0,0,0.0561682
0,0,0.0562049
0,0,0.0563211
0,0,0.0564255
0,0,0.0566745
0,0,0.0567969
0,0,0.0568341
0,0,0.057002
0,0,0.0570695
0,0,0.0572781
0,0,0.0574608
0,0,0.0578088
0,0,0.0578521
0,0,0.0578877
0,0,0.0579931
0,0,0.0582481
0,0,0.0583137
0,0,0.0585083
0,0,0.0586343
0,0,0.0587136
0,0,0.0587809
0,0,0.0588837
0,0,0.058905
0,0,0.0592373
0,0,0.0592475
0,0,0.0592632
0,0,0.059273
0,0,0.0593127
0,0,0.0593855
0,0,0.0595368
0,0,0.0595575
0,0,0.0595899
0,0,0.0596715
0,0,0.0596881
0,0,0.0596976
0,0,0.0597132
0,0,0.0597799
0,0,0.0599857
0,0,0.0600958
0,0,0.06015
0,0,0.0603504
0,0,0.0604602
0,0,0.0605463
0,0,0.0606872
0,0,0.0607508
0,0,0.0607809
0,0,0.0609573
0,0,0.0610596
0,0,0.0611186
0,0,0.0611936
0,0,0.061216
0,0,0.0612687
0,0,0.0614475
0,0,0.0614862
0,0,0.0615521
0,0,0.0616274
0,0,0.061673
0,0,0.0616969
0,0,0.0619574
0,0,0.0620818
0,0,0.0622006
0,0,0.0623092
0,0,0.0624387
0,0,0.0627256
0,0,0.062803
0,0,0.0628531
0,0,0.0628583
0,0,0.0629001
0,0,0.0631173
0,0,0.0634357
0,0,0.0635104
0,0,0.063639
0,0,0.0639164
0,0,0.0639601
0,0,0.0645446
0,0,0.0648412
0,0,0.0649332
0,0,0.0650143
0,0,0.0651168
0,0,0.0651697
0,0,0.0651745
0,0,0.0653333
0,0,0.0653456
0,0,0.0654454
0,0,0.06553
0,0,0.0655654
0,0,0.0656048
0,0,0.0658207
0,0,0.0660715
0,0,0.0663567
0,0,0.066514
0,0,0.0665239
0,0,0.0666177
0,0,0.0670127
0,0,0.0672243
0,0,0.0672638
0,0,0.0675484
0,0,0.0677198
0,0,0.0683065
0,0,0.0684063
0,0,0.0685146
0,0,0.0685767
0,0,0.0689161
0,0,0.0689167
0,0,0.0689332
0,0,0.0691698
0,0,0.0692225
0,0,0.0692318
0,0,0.069297
0,0,0.0695098
0,0,0.069594
0,0,0.0696268
0,0,0.0698732
0,0,0.0701775
0,0,0.0702599
0,0,0.0703952
0,0,0.0705509
0,0,0.0705522
0,0,0.0709468
0,0,0.0710145
0,0,0.0711656
0,0,0.07124
0,0,0.0714429
0,0,0.0718829
0,0,0.0721135
0,0,0.0722291
0,0,0.0722798
0,0,0.0724411
0,0,0.0725522
0,0,0.0726644
0,0,0.0726735
0,0,0.0727172
0,0,0.0728084
0,0,0.0729223
0,0,0.0729422
0,0,0.0729504
0,0,0.0732308
0,0,0.0733718
0,0,0.073479
0,0,0.0735658
0,0,0.0736161
0,0,0.0737997
0,0,0.0738118
0,0,0.0739654
0,0,0.0742505
0,0,0.0743595
0,0,0.0746477
0,0,0.0746749
0,0,0.0748148
0,0,0.0754079
0,0,0.0757848
0,0,0.0758454
0,0,0.0761523
0,0,0.07639
0,0,0.0767017
0,0,0.0767232
0,0,0.0771975
0,0,0.0774392
0,0,0.0774565
0,0,0.0774973
0,0,0.077561
0,0,0.0779558
0,0,0.0779646
0,0,0.07799
0,0,0.0787922
0,0,0.0788174
0,0,0.0789286
0,0,0.0790469
0,0,0.0791305
0,0,0.0793537
0,0,0.0794765
0,0,0.0795584
0,0,0.0796925
0,0,0.0798786
0,0,0.0800536
0,0,0.0802404
0,0,0.080314
0,0,0.0806119
0,0,0.0806753
0,0,0.0806999
0,0,0.0808496
0,0,0.0808641
0,0,0.0808913
0,0,0.0810623
0,0,0.0812415
0,0,0.0819884
0,0,0.0820421
0,0,0.082169
0,0,0.0821933
0,0,0.0821952
0,0,0.0830266
0,0,0.0831325
0,0,0.0834243
0,0,0.0835385
0,0,0.0835542
0,0,0.0836318
0,0,0.0837992
0,0,0.0838933
0,0,0.0839137
0,0,0.0839568
0,0,0.0839858
0,0,0.0840261
0,0,0.0845012
0,0,0.0845343
0,0,0.0848147
0,0,0.0848335
0,0,0.0849675
0,0,0.0851008
0,0,0.0853645
0,0,0.0853855
0,0,0.0857732
0,0,0.085792
0,0,0.0860312
0,0,0.0862057
0,0,0.0863063
0,0,0.0864122
0,0,0.0865288
0,0,0.086589
0,0,0.0865932
0,0,0.0866918
0,0,0.0867963
0,0,0.0868132
0,0,0.0868357
0,0,0.0868739
0,0,0.0870713
0,0,0.0874438
0,0,0.0875639
0,0,0.0876317
0,0,0.0877433
0,0,0.0880902
0,0,0.0881405
0,0,0.088191
0,0,0.0882728
0,0,0.0885747
0,0,0.0886751
0,0,0.088738
0,0,0.0890019
0,0,0.0891027
0,0,0.0894429
0,0,0.0896695
0,0,0.0903046
0,0,0.0903368
0,0,0.0908037
0,0,0.0912607
0,0,0.0914668
0,0,0.0915701
0,0,0.0919924
0,0,0.0920353
0,0,0.0920659
0,0,0.0922719
0,0,0.0923004
0,0,0.0925663
0,0,0.0926495
0,0,0.0927441
0,0,0.0928287
0,0,0.093092
0,0,0.0933003
0,0,0.0934761
0,0,0.0935625
0,0,0.0937359
0,0,0.0938304
0,0,0.0940571
0,0,0.094252
0,0,0.0943143
0,0,0.0944263
0,0,0.094557
0,0,0.0951891
0,0,0.0951899
0,0,0.0960575
0,0,0.0967172
0,0,0.0967453
0,0,0.0968889
0,0,0.0970563
0,0,0.09725
0,0,0.0973935
0,0,0.0974309
0,0,0.0975135
0,0,0.0976817
0,0,0.0978034
0,0,0.0978783
0,0,0.0981915
0,0,0.0984881
0,0,0.0988049
0,0,0.0989958
0,0,0.0991423
0,0,0.0992341
0,0,0.0993452
0,0,0.099384
0,0,0.0993957
0,0,0.0999354
0,0,0.100317
0,0,0.100566
0,0,0.100607
0,0,0.100852
0,0,0.100927
0,0,0.10132
0,0,0.1016
0,0,0.101624
0,0,0.101739
0,0,0.101784
0,0,0.101843
0,0,0.10215
0,0,0.102397
0,0,0.102398
0,0,0.102417
0,0,0.102665
0,0,0.10303
0,0,0.103729
0,0,0.103895
0,0,0.103969
0,0,0.104119
0,0,0.104195
0,0,0.104353
0,0,0.104565
0,0,0.10469
0,0,0.104694
0,0,0.104702
0,0,0.104745
0,0,0.105144
0,0,0.105431
0,0,0.105449
0,0,0.105512
0,0,0.10564
0,0,0.106061
0,0,0.106181
0,0,0.106185
0,0,0.106429
0,0,0.106769
0,0,0.106868
0,0,0.106979
0,0,0.107571
0,0,0.107797
0,0,0.107876
0,0,0.107965
0,0,0.108338
0,0,0.108585
0,0,0.109397
0,0,0.109576
0,0,0.10988
0,0,0.109886
0,0,0.109998
0,0,0.110385
0,0,0.11077
0,0,0.111237
0,0,0.111548
0,0,0.11171
0,0,0.11196
0,0,0.112083
0,0,0.112135
0,0,0.112229
0,0,0.112373
0,0,0.112394
0,0,0.112523
0,0,0.112582
0,0,0.112714
0,0,0.112719
0,0,0.11283
0,0,0.11301
0,0,0.113028
0,0,0.113546
0,0,0.114118
0,0,0.114644
0,0,0.114872
0,0,0.115204
0,0,0.115357
0,0,0.11573
0,0,0.116758
0,0,0.117045
0,0,0.117154
0,0,0.117572
0,0,0.117617
0,0,0.117885
0,0,0.117908
0,0,0.117975
0,0,0.118037
0,0,0.118055
0,0,0.119103
0,0,0.119599
0,0,0.119942
0,0,0.1201
0,0,0.120212
0,0,0.120335
0,0,0.121081
0,0,0.121094
0,0,0.121131
0,0,0.121277
0,0,0.121654
0,0,0.121718
0,0,0.121902
0,0,0.121942
0,0,0.122101
0,0,0.122457
0,0,0.123031
0,0,0.123199
0,0,0.123658
0,0,0.123935
0,0,0.124166
0,0,0.124203
0,0,0.124576
0,0,0.124659
0,0,0.124799
0,0,0.125361
0,0,0.125455
0,0,0.125699
0,0,0.125814
0,0,0.125967
0,0,0.126115
0,0,0.126748
0,0,0.126921
0,0,0.126992
0,0,0.127475
0,0,0.127731
0,0,0.12784
0,0,0.128181
0,0,0.128295
0,0,0.128596
0,0,0.128879
0,0,0.129493
0,0,0.129673
0,0,0.129753
0,0,0.130044
0,0,0.130827
0,0,0.131116
0,0,0.131207
0,0,0.13134
0,0,0.131374
0,0,0.131789
0,0,0.131987
0,0,0.132968
0,0,0.133304
0,0,0.133374
0,0,0.133403
0,0,0.133417
0,0,0.133491
0,0,0.133749
0,0,0.134086
0,0,0.134198
0,0,0.1343
0,0,0.134393
0,0,0.134602
0,0,0.135017
0,0,0.135275
0,0,0.135765
0,0,0.13633
0,0,0.136421
0,0,0.136449
0,0,0.136584
0,0,0.137164
0,0,0.137597
0,0,0.137597
0,0,0.137658
0,0,0.137704
0,0,0.138062
0,0,0.138262
0,0,0.138568
0,0,0.138713
0,0,0.138746
0,0,0.138979
0,0,0.139085
0,0,0.139096
0,0,0.139246
0,0,0.139588
0,0,0.139647
0,0,0.139816
0,0,0.140093
0,0,0.140465
0,0,0.141171
0,0,0.141344
0,0,0.141425
0,0,0.141911
0,0,0.141923
0,0,0.14269
0,0,0.143596
0,0,0.143729
0,0,0.144247
0,0,0.144522
0,0,0.14453
0,0,0.144592
0,0,0.14486
0,0,0.144875
0,0,0.145288
0,0,0.145382
0,0,0.145507
0,0,0.145682
0,0,0.145726
0,0,0.145816
0,0,0.146793
0,0,0.146924
0,0,0.147104
0,0,0.147112
0,0,0.14756
0,0,0.147829
0,0,0.148415
0,0,0.148848
0,0,0.148951
0,0,0.149821
0,0,0.149959
0,0,0.150366
0,0,0.150837
0,0,0.150919
0,0,0.151718
0,0,0.151892
0,0,0.152007
0,0,0.152076
0,0,0.152182
0,0,0.152467
0,0,0.152916
0,0,0.153483
0,0,0.153555
0,0,0.1536
0,0,0.15382
0,0,0.154219
0,0,0.154702
0,0,0.154854
0,0,0.15537
0,0,0.155944
0,0,0.156021
0,0,0.156292
0,0,0.156374
0,0,0.156608
0,0,0.157435
0,0,0.157464
0,0,0.157557
0,0,0.157692
0,0,0.157838
0,0,0.158272
0,0,0.158298
0,0,0.15855
0,0,0.158663
0,0,0.159069
0,0,0.159321
0,0,0.160212
0,0,0.160582
0,0,0.160942
0,0,0.16106
0,0,0.161115
0,0,0.161501
0,0,0.162625
0,0,0.162812
0,0,0.163278
0,0,0.16347
0,0,0.164407
0,0,0.164575
0,0,0.164632
0,0,0.164681
0,0,0.165073
0,0,0.165805
0,0,0.16662
0,0,0.16721
0,0,0.167455
0,0,0.167494
0,0,0.167731
0,0,0.167829
0,0,0.168131
0,0,0.168207
0,0,0.168518
0,0,0.168989
0,0,0.170869
0,0,0.171208
0,0,0.173593
0,0,0.173691
0,0,0.175034
0,0,0.175202
0,0,0.17624
0,0,0.176435
0,0,0.176451
0,0,0.176627
0,0,0.177149
0,0,0.177225
0,0,0.177335
0,0,0.177512
0,0,0.178773
0,0,0.179357
0,0,0.179514
0,0,0.180275
0,0,0.182187
0,0,0.182275
0,0,0.183095
0,0,0.183192
0,0,0.184276
0,0,0.184279
0,0,0.18479
0,0,0.186861
0,0,0.18705
0,0,0.1871
0,0,0.187145
0,0,0.187805
0,0,0.188061
0,0,0.190312
0,0,0.190806
0,0,0.190917
0,0,0.191535
0,0,0.19156
0,0,0.192498
0,0,0.192606
0,0,0.192647
0,0,0.192936
0,0,0.193126
0,0,0.19374
0,0,0.19375
0,0,0.193753
0,0,0.19377
0,0,0.194043
0,0,0.194163
0,0,0.194276
0,0,0.194496
0,0,0.194794
0,0,0.19501
0,0,0.195345
0,0,0.195903
0,0,0.19591
0,0,0.195983
0,0,0.196216
0,0,0.196389
0,0,0.198134
0,0,0.198312
0,0,0.19883
0,0,0.200069
0,0,0.200815
0,0,0.201481
0,0,0.201525
0,0,0.202566
0,0,0.202849
0,0,0.203041
0,0,0.203581
0,0,0.204229
0,0,0.204465
0,0,0.20472
0,0,0.205981
0,0,0.20646
0,0,0.207116
0,0,0.207499
0,0,0.208048
0,0,0.208101
0,0,0.208288
0,0,0.208465
0,0,0.208905
0,0,0.209607
0,0,0.210339
0,0,0.210659
0,0,0.211214
0,0,0.211279
0,0,0.211724
0,0,0.211796
0,0,0.211825
0,0,0.212047
0,0,0.212422
0,0,0.212706
0,0,0.212853
0,0,0.213295
0,0,0.21426
0,0,0.214946
0,0,0.216319
0,0,0.216696
0,0,0.21683
0,0,0.216999
0,0,0.217223
0,0,0.217962
0,0,0.218303
0,0,0.218324
0,0,0.218857
0,0,0.218885
0,0,0.219252
0,0,0.219416
0,0,0.220138
0,0,0.220764
0,0,0.220938
0,0,0.221101
0,0,0.2222
0,0,0.222219
0,0,0.222573
0,0,0.222622
0,0,0.222773
0,0,0.223659
0,0,0.224373
0,0,0.225159
0,0,0.226103
0,0,0.226298
0,0,0.226678
0,0,0.22903
0,0,0.229688
0,0,0.231035
0,0,0.232432
0,0,0.232443
0,0,0.232621
0,0,0.23276
0,0,0.233013
0,0,0.233139
0,0,0.23397
0,0,0.234387
0,0,0.234908
0,0,0.234937
0,0,0.23571
0,0,0.237465
0,0,0.238942
0,0,0.239144
0,0,0.239302
0,0,0.239695
0,0,0.239765
0,0,0.239845
0,0,0.240387
0,0,0.240498
0,0,0.240612
0,0,0.240628
0,0,0.241099
0,0,0.243343
0,0,0.244038
0,0,0.244064
0,0,0.244138
0,0,0.245063
0,0,0.24525
0,0,0.246958
0,0,0.247316
0,0,0.24748
0,0,0.24874
0,0,0.24981
0,0,0.250079
0,0,0.250699
0,0,0.250965
0,0,0.251676
0,0,0.252575
0,0,0.25312
0,0,0.25472
0,0,0.254887
0,0,0.256087
0,0,0.257108
0,0,0.257973
0,0,0.25812
0,0,0.258149
0,0,0.258868
0,0,0.259374
0,0,0.260573
0,0,0.260607
0,0,0.26072
0,0,0.261084
0,0,0.261235
0,0,0.262405
0,0,0.262426
0,0,0.263149
0,0,0.263671
0,0,0.263673
0,0,0.264287
0,0,0.264793
0,0,0.264945
0,0,0.265906
0,0,0.270088
0,0,0.27052
0,0,0.270741
0,0,0.272462
0,0,0.272954
0,0,0.274287
0,0,0.274482
0,0,0.275366
0,0,0.275392
0,0,0.275533
0,0,0.276458
0,0,0.276488
0,0,0.276692
0,0,0.277044
0,0,0.277237
0,0,0.2777
0,0,0.277943
0,0,0.278479
0,0,0.278617
0,0,0.279973
0,0,0.280191
0,0,0.280436
0,0,0.28176
0,0,0.283966
0,0,0.284891
0,0,0.286776
0,0,0.287013
0,0,0.287205
0,0,0.289975
0,0,0.291467
0,0,0.293065
0,0,0.293252
0,0,0.293382
0,0,0.294268
0,0,0.294654
0,0,0.294939
0,0,0.295201
0,0,0.298226
0,0,0.300216
0,0,0.301454
0,0,0.303208
0,0,0.303834
0,0,0.30406
0,0,0.304937
0,0,0.305063
0,0,0.30573
0,0,0.307152
0,0,0.307364
0,0,0.307505
0,0,0.309795
0,0,0.310188
0,0,0.311554
0,0,0.312389
0,0,0.312695
0,0,0.312778
0,0,0.312871
0,0,0.315957
0,0,0.316407
0,0,0.317068
0,0,0.31724
0,0,0.321286
0,0,0.321663
0,0,0.321825
0,0,0.323843
0,0,0.32421
0,0,0.327707
0,0,0.328578
0,0,0.328768
0,0,0.330845
0,0,0.331212
0,0,0.331443
0,0,0.331684
0,0,0.332413
0,0,0.333413
0,0,0.334166
0,0,0.335418
0,0,0.335435
0,0,0.337159
0,0,0.33915
0,0,0.341382
0,0,0.342447
0,0,0.343594
0,0,0.3438
0,0,0.345845
0,0,0.347474
0,0,0.348558
0,0,0.349683
0,0,0.351751
0,0,0.352724
0,0,0.352837
0,0,0.353873
0,0,0.354306
0,0,0.354716
0,0,0.354748
0,0,0.356417
0,0,0.356871
0,0,0.356911
0,0,0.357406
0,0,0.359265
0,0,0.359577
0,0,0.359849
0,0,0.361516
0,0,0.362819
0,0,0.363208
0,0,0.363686
0,0,0.364968
0,0,0.365707
0,0,0.366199
0,0,0.367714
0,0,0.367818
0,0,0.368357
0,0,0.369484
0,0,0.3698
0,0,0.369948
0,0,0.371151
0,0,0.372407
0,0,0.373595
0,0,0.373599
0,0,0.374082
0,0,0.374145
0,0,0.375887
0,0,0.376219
0,0,0.376656
0,0,0.377368
0,0,0.377743
0,0,0.379812
0,0,0.381324
0,0,0.381426
0,0,0.383278
0,0,0.383882
0,0,0.388171
0,0,0.389268
0,0,0.390001
0,0,0.396225
0,0,0.397251
0,0,0.397608
0,0,0.404948
0,0,0.407469
0,0,0.408097
0,0,0.409218
0,0,0.409539
0,0,0.412981
0,0,0.420959
0,0,0.425613
0,0,0.42587
0,0,0.428096
0,0,0.429155
0,0,0.429853
0,0,0.431393
0,0,0.431494
0,0,0.431771
0,0,0.433362
0,0,0.435312
0,0,0.435331
0,0,0.436461
0,0,0.4375
0,0,0.437645
0,0,0.437962
0,0,0.438289
0,0,0.43882
0,0,0.439112
0,0,0.439241
0,0,0.445685
0,0,0.447119
0,0,0.449079
0,0,0.449631
0,0,0.452454
0,0,0.453141
0,0,0.455083
0,0,0.45731
0,0,0.465118
0,0,0.47213
0,0,0.474145
0,0,0.477361
0,0,0.478099
0,0,0.478401
0,0,0.478628
0,0,0.478679
0,0,0.480288
0,0,0.484489
0,0,0.488636
0,0,0.490735
0,0,0.491613
0,0,0.491855
0,0,0.493259
0,0,0.496938
0,0,0.499856
0,0,0.503051
0,0,0.506959
0,0,0.508531
0,0,0.512452
0,0,0.516686
0,0,0.533827
0,0,0.535796
0,0,0.53719
0,0,0.546821
0,0,0.548799
0,0,0.552292
0,0,0.552394
0,0,0.554206
0,0,0.557569
0,0,0.557587
0,0,0.562755
0,0,0.566496
0,0,0.567142
0,0,0.568744
0,0,0.570916
0,0,0.571288
0,0,0.585365
0,0,0.585791
0,0,0.586507
0,0,0.588284
0,0,0.590202
0,0,0.596246
0,0,0.597182
0,0,0.598399
0,0,0.601293
0,0,0.635571
0,0,0.637465
0,0,0.654078
0,0,0.669955
0,0,0.715487
0,0,0.725682
0,0,0.749143
0,0,0.754521
0,0,0.760692
0,0,0.76332
0,0,0.828819
0,0,0.829563
0,0,0.87084
0,0,0.905966
0,0,0.924599
0,0,0.979897
0,0,3
1,1.52388,1.54097
1,1.31281,1.35229
1,1.2628,1.31499
1,1.23477,1.24557
1,1.21009,1.31906
1,1.16962,1.16981
1,1.15213,1.34986
1,1.14285,1.15452
1,1.13978,1.24137
1,1.1064,1.1793
1,1.09988,1.16695
1,1.07514,1.08855
1,1.04813,1.26101
1,1.03506,1.23744
1,1.03378,1.05097
1,1.00744,1.11552
1,0.976453,1.1965
1,0.956508,1.06023
1,0.952677,0.982028
1,0.947715,1.03601
1,0.944229,1.0331
1,0.943029,1.07477
1,0.942081,1.12733
1,0.940034,1.02428
1,0.928648,1.31499
1,0.927859,0.953083
1,0.923132,0.996227
1,0.922405,1.04487
1,0.917606,0.947126
1,0.895624,1.04092
1,0.894556,0.9644
1,0.878645,0.924678
1,0.86939,1.28571
1,0.860659,0.925359
1,0.853906,0.996176
1,0.851156,0.880251
1,0.850035,0.854757
1,0.843528,0.870243
1,0.840798,0.994601
1,0.838212,0.858441
1,0.834769,1.10547
1,0.829961,0.971736
1,0.826217,0.942386
1,0.821134,1.18469
1,0.816425,0.856961
1,0.800276,0.944425
1,0.79092,1.08846
1,0.790142,0.799959
1,0.78458,0.822905
1,0.780657,1.31804
1,0.776518,1.28965
1,0.775223,1.10693
1,0.774758,0.988185
1,0.773613,1.31403
1,0.761028,0.791867
1,0.757531,0.777181
1,0.757451,0.769646
1,0.754026,0.8359
1,0.752796,1.10151
1,0.747505,0.846487
1,0.744696,0.750942
1,0.736971,0.930578
1,0.722413,0.772761
1,0.700489,0.795112
1,0.694,0.709164
1,0.690892,0.854779
1,0.68843,0.828713
1,0.681388,0.683417
1,0.654397,0.80618
1,0.649686,0.737197
1,0.638,0.648023
1,0.636685,0.663518
1,0.63666,0.638833
1,0.635608,0.804628
1,0.634227,0.84843
1,0.633787,0.8972
1,0.625144,0.872487
1,0.621987,0.762557
1,0.60415,0.692318
1,0.603635,0.827024
1,0.596868,0.761656
1,0.595099,0.616228
1,0.587785,0.6358
1,0.586324,0.677033
1,0.579045,0.595037
1,0.57334,0.888978
1,0.571337,0.588416
1,0.570382,0.605089
1,0.565098,0.601648
1,0.56105,0.830896
1,0.555532,0.584434
1,0.555233,0.666266
1,0.548121,0.712993
1,0.543066,0.576892
1,0.54153,0.693312
1,0.538741,0.57065
1,0.533255,0.621257
1,0.526917,0.542
1,0.520872,0.573393
1,0.519987,0.521856
1,0.505345,0.532084
1,0.505178,0.600388
1,0.500844,0.629528
1,0.497794,0.510302
1,0.496778,0.519303
1,0.488548,0.562546
1,0.488098,0.524402
1,0.476118,0.516766
1,0.465574,0.511521
1,0.46505,0.469547
1,0.462957,0.477573
1,0.462473,0.547837
1,0.461077,0.462798
1,0.450339,0.521863
1,0.449913,0.521309
1,0.442259,0.48103
1,0.439883,0.511642
1,0.438699,0.490472
1,0.437422,0.441442
1,0.43618,0.462166
1,0.433688,0.441377
1,0.433523,0.434629
1,0.427303,0.445085
1,0.426263,0.481472
1,0.421983,0.432603
1,0.417531,0.512414
1,0.411453,0.484267
1,0.411444,0.52412
1,0.410572,0.516766
1,0.408888,0.416674
1,0.408652,0.412154
1,0.40814,0.599452
1,0.405258,0.471395
1,0.402474,0.441882
1,0.401265,0.600824
1,0.400406,0.428696
1,0.393981,0.412524
1,0.384511,0.389435
1,0.383653,0.405317
1,0.38286,0.481998
1,0.381565,0.641813
1,0.378139,0.745748
1,0.377993,0.402923
1,0.377122,0.39586
1,0.372772,0.482494
1,0.370711,0.399362
1,0.365138,0.391209
1,0.36476,0.375583
1,0.360767,0.395057
1,0.36062,0.361158
1,0.358608,0.410938
1,0.358595,0.452229
1,0.357867,0.450997
1,0.350438,0.409077
1,0.347825,0.440114
1,0.345666,0.362727
1,0.335882,0.375684
1,0.334438,0.428356
1,0.332656,0.357384
1,0.330035,0.331719
1,0.327355,0.328189
1,0.327003,0.415231
1,0.32624,0.37598
1,0.319053,0.325942
1,0.317859,0.321713
1,0.317852,0.327193
1,0.31658,0.36076
1,0.310635,0.377397
1,0.303029,0.337069
1,0.300703,0.317465
1,0.297707,0.324669
1,0.297502,0.31552
1,0.29409,0.316891
1,0.292915,0.388737
1,0.292819,0.331912
1,0.290523,0.30915
1,0.286347,0.311055
1,0.285656,0.399347
1,0.28519,0.349813
1,0.282788,0.406147
1,0.280056,0.374754
1,0.277741,0.347114
1,0.277705,0.413428
1,0.275545,0.281603
1,0.275524,0.275866
1,0.265424,0.286307
1,0.262897,0.300737
1,0.259537,0.275811
1,0.253167,0.334551
1,0.252744,0.281238
1,0.252622,0.269855
1,0.252491,0.267706
1,0.251757,0.291199
1,0.251734,0.260416
1,0.250184,0.337293
1,0.249728,0.293719
1,0.244719,0.294159
1,0.24016,0.240929
1,0.239879,0.250685
1,0.239671,0.24969
1,0.238516,0.28967
1,0.237387,0.23895
1,0.234121,0.240873
1,0.232584,0.267945
1,0.232109,0.268488
1,0.231927,0.271608
1,0.231856,0.233612
1,0.229462,0.267275
1,0.228023,0.232564
1,0.222885,0.231026
1,0.222525,0.226598
1,0.217775,0.298102
1,0.217719,0.226755
1,0.217059,0.232379
1,0.216282,0.28642
1,0.215141,0.216359
1,0.20681,0.25938
1,0.203781,0.218965
1,0.201355,0.205495
1,0.197265,0.197647
1,0.196095,0.212945
1,0.194839,0.221962
1,0.192547,0.20866
1,0.19209,0.262017
1,0.191686,0.27178
1,0.186905,0.198147
1,0.185759,0.19322
1,0.18493,0.193568
1,0.183363,0.291186
1,0.183131,0.206712
1,0.176101,0.180721
1,0.174492,0.217029
1,0.173657,0.215531
1,0.17206,0.188902
1,0.171551,0.249613
1,0.17152,0.174009
1,0.170047,0.172444
1,0.166825,0.167281
1,0.165133,0.176237
1,0.16283,0.181182
1,0.160684,0.203587
1,0.159866,0.171271
1,0.159599,0.165923
1,0.159453,0.164323
1,0.158987,0.172546
1,0.1577,0.163203
1,0.15691,0.160702
1,0.155604,0.182393
1,0.154679,0.176863
1,0.152519,0.198721
1,0.151338,0.176241
1,0.150594,0.181748
1,0.149844,0.191941
1,0.147967,0.191621
1,0.147814,0.195692
1,0.143826,0.17453
1,0.143374,0.145798
1,0.142768,0.165739
1,0.141924,0.200497
1,0.141739,0.160933
1,0.141619,0.15492
1,0.140404,0.151001
1,0.140129,0.178881
1,0.138462,0.141026
1,0.138135,0.150873
1,0.135188,0.174337
1,0.134894,0.18268
1,0.134716,0.135127
1,0.134536,0.140006
1,0.133862,0.143912
1,0.13385,0.15568
1,0.133515,0.135985
1,0.133178,0.135944
1,0.131824,0.133027
1,0.130386,0.135605
1,0.12863,0.140506
1,0.126344,0.147674
1,0.12564,0.199001
1,0.123753,0.126454
1,0.123018,0.124518
1,0.122772,0.135537
1,0.122055,0.13215
1,0.122011,0.123395
1,0.121885,0.12223
1,0.121847,0.124987
1,0.121176,0.147169
1,0.120339,0.131058
1,0.119454,0.137688
1,0.117528,0.129884
1,0.117123,0.129429
1,0.11646,0.13164
1,0.115371,0.138016
1,0.114961,0.123491
1,0.114836,0.126062
1,0.114732,0.144698
1,0.11422,0.123604
1,0.113762,0.14844
1,0.113569,0.13613
1,0.113505,0.129358
1,0.112231,0.127606
1,0.112028,0.123491
1,0.110908,0.164863
1,0.108911,0.122972
1,0.108896,0.132865
1,0.107521,0.117686
1,0.106156,0.119446
1,0.10566,0.113272
1,0.105517,0.122834
1,0.103928,0.124847
1,0.103272,0.104325
1,0.102786,0.119305
1,0.102164,0.142669
1,0.100769,0.13459
1,0.100198,0.144585
1,0.0975508,0.101845
1,0.0974848,0.104002
1,0.0974456,0.127487
1,0.0969341,0.123706
1,0.0962744,0.127967
1,0.0928576,0.102509
1,0.0897225,0.0972142
1,0.0888819,0.0905625
1,0.0872846,0.0951352
1,0.0871248,0.0925458
1,0.0864585,0.10686
1,0.0857636,0.103845
1,0.0844142,0.100752
1,0.0823202,0.0943327
1,0.0798306,0.0876918
1,0.0793977,0.106839
1,0.0793595,0.0815098
1,0.0790198,0.0903932
1,0.076733,0.101441
1,0.0766049,0.0848495
1,0.0749249,0.0800471
1,0.0729718,0.0765667
1,0.0729632,0.0959047
1,0.0729126,0.0854317
1,0.0728401,0.0835835
1,0.0726842,0.088249
1,0.0725689,0.0757564
1,0.0720511,0.0749891
1,0.069581,0.0851013
1,0.0695759,0.0816393
1,0.0683388,0.0700177
1,0.0672046,0.0719036
1,0.0662646,0.0671154
1,0.0661753,0.0794558
1,0.0655244,0.0667974
1,0.0650929,0.0689303
1,0.0625674,0.0893979
1,0.0610679,0.0686323
1,0.0605041,0.0664878
1,0.0603219,0.0745002
1,0.060115,0.0624514
1,0.059466,0.0777318
1,0.0585573,0.0796587
1,0.0546888,0.0686695
1,0.0546516,0.0617432
1,0.0531774,0.0563934
1,0.0504549,0.05346
1,0.0501578,0.0534277
1,0.0498661,0.0757193
1,0.048585,0.0573808
1,0.0476121,0.0495023
1,0.0474853,0.0723492
1,0.0468646,0.0533248
1,0.0457999,0.0477169
1,0.0455009,0.0484072
1,0.0442339,0.0520653
1,0.042525,0.0461276
1,0.0423231,0.0488924
1,0.0366721,0.0375195
1,0.0355644,0.0366342
2,1.7514,1.77756
2,1.64133,1.64677
2,1.4668,1.5166
2,1.3871,1.45945
2,1.38275,1.49006
2,1.3731,1.37658
2,1.37069,1.38804
2,1.36788,1.46313
2,1.36435,1.53606
2,1.358,1.40656
2,1.32356,1.34303
2,1.20762,1.21141
2,1.20668,1.27067
2,1.19582,1.33776
2,1.13039,1.234
2,1.12781,1.14105
2,1.11404,1.15699
2,1.11115,1.11794
2,1.10837,1.178
2,0.90326,0.93197
2,0.648873,0.671726
2,0.642793,0.661927
2,0.598746,0.607988
2,0.549927,0.586345
2,0.515794,0.554769
2,0.506181,0.540367
2,0.49439,0.516479
2,0.484768,0.484995
2,0.469996,0.480031
2,0.443406,0.496766
2,0.355763,0.417264
2,0.350872,0.352316
2,0.282358,0.288525
2,0.278316,0.280058
2,0.255029,0.261237
2,0.253589,0.265145
2,0.21169,0.217076
2,0.187933,0.190867
2,0.183778,0.188653
2,0.180281,0.18168
2,0.17952,0.182756
2,0.159296,0.161279
2,0.151387,0.170054
2,0.139414,0.142125
2,0.137001,0.15628
2,0.112987,0.11663
2,0.106146,0.110192
2,0.100596,0.102744
2,0.0982938,0.103314
2,0.092995,0.0974825
2,0.0899284,0.0903169
2,0.0888769,0.0988253
2,0.0771249,0.0774558
2,0.0726265,0.0751338
