point cloud with 1385 points in dimension 3
0,0,0.0030099
0,0,0.00547443
0,0,0.00630635
0,0,0.00739157
0,0,0.00796429
0,0,0.00917687
0,0,0.00992983
0,0,0.0108551
0,0,0.0112065
0,0,0.0112169
0,0,0.0113032
0,0,0.0117914
0,0,0.012095
0,0,0.0122473
0,0,0.0123144
0,0,0.0126254
0,0,0.0127826
0,0,0.0128232
0,0,0.0130865
0,0,0.0132738
0,0,0.0136387
0,0,0.0136443
0,0,0.0141757
0,0,0.014397
0,0,0.0144251
0,0,0.0146415
0,0,0.0146503
0,0,0.0147354
0,0,0.0147497
0,0,0.0147769
0,0,0.0152083
0,0,0.0152344
0,0,0.0152463
0,0,0.0152537
0,0,0.0152597
0,0,0.0160483
0,0,0.0166924
0,0,0.0169102
0,0,0.017245
0,0,0.0175236
0,0,0.0177556
0,0,0.0177983
0,0,0.0178037
0,0,0.0178682
0,0,0.0182817
0,0,0.0185231
0,0,0.0186392
0,0,0.0191493
0,0,0.0192228
0,0,0.0192747
0,0,0.0194856
0,0,0.0195779
0,0,0.0197027
0,0,0.019854
0,0,0.0204149
0,0,0.020464
0,0,0.0207066
0,0,0.0207365
0,0,0.0208631
0,0,0.0209352
0,0,0.0209671
0,0,0.021423
0,0,0.0214457
0,0,0.0216163
0,0,0.0217487
0,0,0.0218057
0,0,0.021843
0,0,0.0221694
0,0,0.0222884
0,0,0.0224305
0,0,0.0224406
0,0,0.022453
0,0,0.0228902
0,0,0.0230773
0,0,0.023259
0,0,0.0233278
0,0,0.0239626
0,0,0.0240035
0,0,0.0240294
0,0,0.0240576
0,0,0.0240701
0,0,0.0240718
0,0,0.0243299
0,0,0.0245421
0,0,0.0246695
0,0,0.0247049
0,0,0.0248181
0,0,0.024979
0,0,0.0250403
0,0,0.0250837
0,0,0.0251015
0,0,0.0251143
0,0,0.0252063
0,0,0.025376
0,0,0.0256093
0,0,0.0259427
0,0,0.0261248
0,0,0.0262532
0,0,0.0263298
0,0,0.0264969
0,0,0.0266606
0,0,0.0266856
0,0,0.0267438
0,0,0.0267753
0,0,0.0269598
0,0,0.027055
0,0,0.0273774
0,0,0.0274072
0,0,0.0274415
0,0,0.0275054
0,0,0.0275962
0,0,0.0276172
0,0,0.0276398
0,0,0.0277132
0,0,0.0277933
0,0,0.027819
0,0,0.027828
0,0,0.0280492
0,0,0.0280571
0,0,0.0282655
0,0,0.0285244
0,0,0.0292168
0,0,0.029295
0,0,0.0294042
0,0,0.0294083
0,0,0.0294875
0,0,0.0297223
0,0,0.0298001
0,0,0.0301801
0,0,0.0303136
0,0,0.0303528
0,0,0.0304132
0,0,0.030483
0,0,0.0305388
0,0,0.0308962
0,0,0.0309098
0,0,0.0309819
0,0,0.0309866
0,0,0.0310695
0,0,0.0311023
0,0,0.0311052
0,0,0.0314905
0,0,0.0315001
0,0,0.0316959
0,0,0.0319876
0,0,0.0319889
0,0,0.0321066
0,0,0.032114
0,0,0.0322438
0,0,0.0322592
0,0,0.0323585
0,0,0.0325915
0,0,0.0326327
0,0,0.0326484
0,0,0.03265
0,0,0.032721
0,0,0.0330318
0,0,0.0330764
0,0,0.033387
0,0,0.0335235
0,0,0.0335328
0,0,0.0336149
0,0,0.0337126
0,0,0.03384
0,0,0.0338517
0,0,0.0341556
0,0,0.034233
0,0,0.0342894
0,0,0.0343564
0,0,0.0345461
0,0,0.0346127
0,0,0.0346665
0,0,0.0347511
0,0,0.0347525
0,0,0.0348673
0,0,0.0350722
0,0,0.0351061
0,0,0.0352307
0,0,0.0352761
0,0,0.0354667
0,0,0.0355056
0,0,0.0355378
0,0,0.0356125
0,0,0.0356157
0,0,0.0360734
0,0,0.0360799
0,0,0.0361109
0,0,0.0361242
0,0,0.0362728
0,0,0.03636
0,0,0.0364374
0,0,0.0365688
0,0,0.0365954
0,0,0.0367179
0,0,0.0367805
0,0,0.0368717
0,0,0.0368875
0,0,0.0370937
0,0,0.0371437
0,0,0.0372039
0,0,0.0372223
0,0,0.0372241
0,0,0.0372612
0,0,0.037482
0,0,0.0375476
0,0,0.0377789
0,0,0.037852
0,0,0.0378526
0,0,0.0379284
0,0,0.0380555
0,0,0.0380697
0,0,0.0383204
0,0,0.0383647
0,0,0.0383769
0,0,0.0386194
0,0,0.038826
0,0,0.0392727
0,0,0.039308
0,0,0.0394248
0,0,0.0395474
0,0,0.039609
0,0,0.0396542
0,0,0.0396752
0,0,0.0398329
0,0,0.0398542
0,0,0.0399312
0,0,0.0399981
0,0,0.0400234
0,0,0.040042
0,0,0.0400794
0,0,0.0401801
0,0,0.0404253
0,0,0.0404711
0,0,0.0407464
0,0,0.0408402
0,0,0.0409334
0,0,0.0409841
0,0,0.0413296
0,0,0.041392
0,0,0.0415176
0,0,0.0415543
0,0,0.0418716
0,0,0.0418785
0,0,0.0419479
0,0,0.042139
0,0,0.0421971
0,0,0.0422496
0,0,0.0424346
0,0,0.0424756
0,0,0.0426179
0,0,0.0426909
0,0,0.0427205
0,0,0.0429326
0,0,0.0430307
0,0,0.0430498
0,0,0.0431805
0,0,0.0436013
0,0,0.0437051
0,0,0.0443281
0,0,0.0443389
0,0,0.0443956
0,0,0.044593
0,0,0.0446228
0,0,0.0448121
0,0,0.0448833
0,0,0.0448861
0,0,0.0449156
0,0,0.044926
0,0,0.0449864
0,0,0.0450703
0,0,0.0451628
0,0,0.0451883
0,0,0.0451903
0,0,0.0452716
0,0,0.0456763
0,0,0.0456795
0,0,0.0456883
0,0,0.0457053
0,0,0.0458174
0,0,0.0460747
0,0,0.0461266
0,0,0.0462922
0,0,0.0463611
0,0,0.0464806
0,0,0.0472038
0,0,0.0472509
0,0,0.0473056
0,0,0.0474722
0,0,0.0475596
0,0,0.04766
0,0,0.0476957
0,0,0.0477159
0,0,0.0477404
0,0,0.0477698
0,0,0.0478157
0,0,0.0479122
0,0,0.0480363
0,0,0.0480885
0,0,0.0481209
0,0,0.0482438
0,0,0.0484674
0,0,0.0485061
0,0,0.048639
0,0,0.0488063
0,0,0.0488232
0,0,0.0488543
0,0,0.0488547
0,0,0.0488848
0,0,0.0489565
0,0,0.0489824
0,0,0.0492504
0,0,0.0494492
0,0,0.04949
0,0,0.0495624
0,0,0.0495848
0,0,0.0496225
0,0,0.0498367
0,0,0.0498687
0,0,0.0499138
0,0,0.050198
0,0,0.0502392
0,0,0.0504083
0,0,0.0504593
0,0,0.0504627
0,0,0.0506311
0,0,0.05065
0,0,0.0506712
0,0,0.0507347
0,0,0.0507711
0,0,0.0508071
0,0,0.0508227
0,0,0.0509602
0,0,0.0509712
0,0,0.0511907
0,0,0.0512213
0,0,0.0513609
0,0,0.0515573
0,0,0.0516411
0,0,0.0517238
0,0,0.0517973
0,0,0.0518417
0,0,0.051847
0,0,0.0520355
0,0,0.0520898
0,0,0.0520964
0,0,0.0525431
0,0,0.0525931
0,0,0.0527182
0,0,0.0527241
0,0,0.0527803
0,0,0.0528052
0,0,0.0528768
0,0,0.0529008
0,0,0.0529213
0,0,0.0529394
0,0,0.0529694
0,0,0.0531226
0,0,0.0533391
0,0,0.053374
0,0,0.0534302
0,0,0.0535507
0,0,0.0536024
0,0,0.0536201
0,0,0.0536569
0,0,0.0536802
0,0,0.0537786
0,0,0.0538854
0,0,0.0541226
0,0,0.0541449
0,0,0.0542589
0,0,0.0542606
0,0,0.0543802
0,0,0.0544112
0,0,0.0544911
0,0,0.0551331
0,0,0.0551977
0,0,0.0553491
0,0,0.0553972
0,0,0.0554017
0,0,0.0554669
0,0,0.055586
0,0,0.0557108
0,0,0.0557408
0,0,0.0557912
0,0,0.0559581
0,0,0.0559985
0,0,0.0560323
0,0,0.0560364
0,0,0.0561647
0,0,0.0565923
0,0,0.0566462
0,0,0.0571887
0,0,0.057208
0,0,0.0573525
0,0,0.0573794
0,0,0.0573838
0,0,0.0573924
0,0,0.0573992
0,0,0.0577101
0,0,0.0577833
0,0,0.0578295
0,0,0.0580252
0,0,0.058273
0,0,0.0583947
0,0,0.0585032
0,0,0.05851
0,0,0.0585363
0,0,0.0585902
0,0,0.058635
0,0,0.0586874
0,0,0.0588002
0,0,0.0588194
0,0,0.0590102
0,0,0.0591852
0,0,0.0593041
0,0,0.0594254
0,0,0.0594994
0,0,0.0595369
0,0,0.0597361
0,0,0.0597593
0,0,0.059855
0,0,0.0598709
0,0,0.0601386
0,0,0.0603881
0,0,0.0604777
0,0,0.0605404
0,0,0.0605675
0,0,0.0607622
0,0,0.0607641
0,0,0.0607675
0,0,0.0609126
0,0,0.0609764
0,0,0.0609954
0,0,0.0610026
0,0,0.0610747
0,0,0.0611165
0,0,0.0611366
0,0,0.0611549
0,0,0.0614995
0,0,0.0615316
0,0,0.0615561
0,0,0.061614
0,0,0.0617568
0,0,0.0619665
0,0,0.0621512
0,0,0.0623205
0,0,0.0623775
0,0,0.062865
0,0,0.0629005
0,0,0.0631148
0,0,0.0631295
0,0,0.0631484
0,0,0.0631704
0,0,0.0632561
0,0,0.0633021
0,0,0.0633941
0,0,0.0635205
0,0,0.0635513
0,0,0.0635685
0,0,0.0635785
0,0,0.0637554
0,0,0.0638561
0,0,0.0638876
0,0,0.0638961
0,0,0.0639268
0,0,0.0640861
0,0,0.0641021
0,0,0.0641794
0,0,0.0643007
0,0,0.064339
0,0,0.0643725
0,0,0.0644261
0,0,0.0644891
0,0,0.0645487
0,0,0.0645795
0,0,0.0646117
0,0,0.0646291
0,0,0.0646556
0,0,0.0647438
0,0,0.0648454
0,0,0.0654072
0,0,0.0655673
0,0,0.0657347
0,0,0.0657837
0,0,0.0658289
0,0,0.0659443
0,0,0.0660078
0,0,0.0661391
0,0,0.0661643
0,0,0.0662938
0,0,0.066394
0,0,0.066411
0,0,0.0665339
0,0,0.0666701
0,0,0.0667469
0,0,0.0667738
0,0,0.0671857
0,0,0.0671869
0,0,0.067285
0,0,0.0673599
0,0,0.0674434
0,0,0.0676133
0,0,0.0680665
0,0,0.0681207
0,0,0.0683242
0,0,0.0685443
0,0,0.0686262
0,0,0.0686627
0,0,0.0687055
0,0,0.0687951
0,0,0.0689071
0,0,0.0689745
0,0,0.0693242
0,0,0.0695064
0,0,0.0697182
0,0,0.0697221
0,0,0.0699246
0,0,0.0699684
0,0,0.069979
0,0,0.070053
0,0,0.0700568
0,0,0.0700867
0,0,0.0702892
0,0,0.0702959
0,0,0.0703283
0,0,0.0703804
0,0,0.0704557
0,0,0.0705243
0,0,0.0706347
0,0,0.0706474
0,0,0.0707659
0,0,0.0710843
0,0,0.071248
0,0,0.0713192
0,0,0.0715491
0,0,0.0715914
0,0,0.0717638
0,0,0.0718637
0,0,0.0719891
0,0,0.0725649
0,0,0.0725725
0,0,0.0725967
0,0,0.0726936
0,0,0.0729348
0,0,0.0729982
0,0,0.0730785
0,0,0.0732432
0,0,0.073249
0,0,0.0732922
0,0,0.0732962
0,0,0.07342
0,0,0.0734685
0,0,0.0735354
0,0,0.0738165
0,0,0.0738316
0,0,0.0739168
0,0,0.0739732
0,0,0.0740653
0,0,0.074239
0,0,0.0742738
0,0,0.074352
0,0,0.0744416
0,0,0.074599
0,0,0.0746789
0,0,0.0747372
0,0,0.07492
0,0,0.0749779
0,0,0.0750924
0,0,0.0751885
0,0,0.0754714
0,0,0.0755787
0,0,0.0757498
0,0,0.0759147
0,0,0.0760802
0,0,0.0762101
0,0,0.0762175
0,0,0.0762672
0,0,0.076378
0,0,0.076674
0,0,0.0767613
0,0,0.0767614
0,0,0.0769186
0,0,0.0769737
0,0,0.0771707
0,0,0.0771953
0,0,0.0772004
0,0,0.0774937
0,0,0.0780874
0,0,0.0782224
0,0,0.0782797
0,0,0.0783332
0,0,0.0785873
0,0,0.0786822
0,0,0.0787873
0,0,0.0788766
0,0,0.0789777
0,0,0.0789926
0,0,0.0791796
0,0,0.0792292
0,0,0.0792487
0,0,0.0792704
0,0,0.0793435
0,0,0.0794282
0,0,0.0794802
0,0,0.0795025
0,0,0.0796567
0,0,0.079909
0,0,0.0801052
0,0,0.0803973
0,0,0.0804507
0,0,0.0807168
0,0,0.0808109
0,0,0.080853
0,0,0.0810542
0,0,0.0810963
0,0,0.0811409
0,0,0.0811562
0,0,0.0812915
0,0,0.0813191
0,0,0.0813354
0,0,0.0818953
0,0,0.081941
0,0,0.0820011
0,0,0.0821126
0,0,0.0821708
0,0,0.082219
0,0,0.0822528
0,0,0.0823109
0,0,0.0824055
0,0,0.0827602
0,0,0.0828546
0,0,0.0830339
0,0,0.0830339
0,0,0.0830506
0,0,0.0830861
0,0,0.083097
0,0,0.0831131
0,0,0.0831857
0,0,0.0832003
0,0,0.0832411
0,0,0.0833929
0,0,0.0841916
0,0,0.0844421
0,0,0.0844549
0,0,0.0844863
0,0,0.0845714
0,0,0.0845732
0,0,0.0849732
0,0,0.0855233
0,0,0.0858581
0,0,0.0858906
0,0,0.0860575
0,0,0.0862483
0,0,0.0865686
0,0,0.086749
0,0,0.0867731
0,0,0.0868224
0,0,0.0872282
0,0,0.087383
0,0,0.0874091
0,0,0.0875274
0,0,0.087547
0,0,0.087786
0,0,0.0878136
0,0,0.0881348
0,0,0.0881994
0,0,0.0884158
0,0,0.088575
0,0,0.0886478
0,0,0.0886836
0,0,0.0887124
0,0,0.0888629
0,0,0.0889601
0,0,0.08901
0,0,0.0892453
0,0,0.0893117
0,0,0.0893673
0,0,0.0898201
0,0,0.0899567
0,0,0.0900677
0,0,0.0901363
0,0,0.090157
0,0,0.0903524
0,0,0.0904017
0,0,0.0909009
0,0,0.0912324
0,0,0.0913672
0,0,0.09165
0,0,0.0916978
0,0,0.0918467
0,0,0.0920059
0,0,0.0920382
0,0,0.0922499
0,0,0.0922714
0,0,0.0922828
0,0,0.0922917
0,0,0.0924015
0,0,0.0927732
0,0,0.0928447
0,0,0.0928546
0,0,0.0931578
0,0,0.0932246
0,0,0.0933651
0,0,0.0938819
0,0,0.0939412
0,0,0.0940877
0,0,0.09462
0,0,0.0951505
0,0,0.0952426
0,0,0.0952438
0,0,0.095328
0,0,0.0957126
0,0,0.0958361
0,0,0.0959806
0,0,0.0960426
0,0,0.0960654
0,0,0.0966856
0,0,0.0968442
0,0,0.0968633
0,0,0.0968699
0,0,0.0972011
0,0,0.0972831
0,0,0.0979233
0,0,0.0981179
0,0,0.0981735
0,0,0.0982576
0,0,0.0985524
0,0,0.0985666
0,0,0.0986097
0,0,0.0989681
0,0,0.0994211
0,0,0.0995763
0,0,0.100107
0,0,0.100159
0,0,0.100251
0,0,0.100448
0,0,0.100485
0,0,0.10056
0,0,0.100735
0,0,0.100753
0,0,0.100811
0,0,0.100845
0,0,0.100916
0,0,0.101036
0,0,0.101052
0,0,0.101474
0,0,0.101594
0,0,0.101786
0,0,0.102086
0,0,0.102431
0,0,0.102481
0,0,0.102514
0,0,0.102658
0,0,0.102898
0,0,0.102918
0,0,0.103076
0,0,0.10312
0,0,0.104059
0,0,0.104097
0,0,0.104154
0,0,0.104344
0,0,0.104415
0,0,0.104497
0,0,0.104586
0,0,0.104587
0,0,0.105173
0,0,0.105319
0,0,0.105332
0,0,0.105402
0,0,0.105469
0,0,0.105537
0,0,0.10554
0,0,0.105597
0,0,0.1056
0,0,0.10588
0,0,0.105909
0,0,0.106415
0,0,0.107001
0,0,0.10728
0,0,0.107314
0,0,0.107363
0,0,0.10745
0,0,0.107835
0,0,0.107949
0,0,0.108143
0,0,0.108194
0,0,0.108203
0,0,0.108954
0,0,0.109598
0,0,0.109978
0,0,0.110021
0,0,0.110172
0,0,0.11037
0,0,0.110413
0,0,0.110525
0,0,0.110528
0,0,0.110665
0,0,0.110758
0,0,0.110898
0,0,0.111172
0,0,0.111401
0,0,0.111798
0,0,0.112038
0,0,0.112084
0,0,0.112085
0,0,0.112327
0,0,0.112375
0,0,0.112554
0,0,0.112612
0,0,0.112633
0,0,0.11298
0,0,0.11303
0,0,0.113049
0,0,0.113434
0,0,0.113923
0,0,0.11399
0,0,0.114116
0,0,0.11451
0,0,0.114704
0,0,0.114719
0,0,0.114731
0,0,0.115035
0,0,0.115249
0,0,0.115763
0,0,0.115896
0,0,0.116281
0,0,0.116338
0,0,0.11637
0,0,0.116382
0,0,0.116439
0,0,0.11671
0,0,0.117461
0,0,0.117666
0,0,0.117748
0,0,0.118328
0,0,0.118597
0,0,0.118639
0,0,0.118997
0,0,0.119528
0,0,0.119963
0,0,0.120197
0,0,0.120358
0,0,0.120411
0,0,0.120493
0,0,0.120519
0,0,0.121202
0,0,0.121235
0,0,0.121281
0,0,0.121801
0,0,0.12188
0,0,0.12191
0,0,0.121973
0,0,0.122056
0,0,0.122069
0,0,0.12223
0,0,0.122424
0,0,0.12279
0,0,0.122836
0,0,0.122859
0,0,0.122983
0,0,0.123045
0,0,0.12328
0,0,0.123504
0,0,0.123774
0,0,0.123894
0,0,0.124057
0,0,0.124136
0,0,0.124162
0,0,0.124172
0,0,0.124297
0,0,0.124302
0,0,0.124399
0,0,0.12458
0,0,0.124874
0,0,0.125041
0,0,0.125172
0,0,0.125359
0,0,0.125396
0,0,0.125601
0,0,0.125615
0,0,0.125635
0,0,0.125641
0,0,0.126446
0,0,0.126566
0,0,0.127109
0,0,0.127473
0,0,0.127582
0,0,0.127772
0,0,0.128307
0,0,0.128731
0,0,0.12895
0,0,0.129494
0,0,0.130366
0,0,0.130656
0,0,0.13069
0,0,0.130994
0,0,0.1314
0,0,0.13175
0,0,0.131771
0,0,0.131818
0,0,0.131874
0,0,0.132083
0,0,0.132225
0,0,0.133021
0,0,0.133138
0,0,0.133167
0,0,0.133873
0,0,0.134065
0,0,0.134749
0,0,0.135
0,0,0.135138
0,0,0.135491
0,0,0.135951
0,0,0.137298
0,0,0.137732
0,0,0.137912
0,0,0.138471
0,0,0.139118
0,0,0.139177
0,0,0.13927
0,0,0.139486
0,0,0.140015
0,0,0.140281
0,0,0.140473
0,0,0.140838
0,0,0.140883
0,0,0.140978
0,0,0.141154
0,0,0.141372
0,0,0.141751
0,0,0.142184
0,0,0.142293
0,0,0.142498
0,0,0.142543
0,0,0.143101
0,0,0.143609
0,0,0.143612
0,0,0.143682
0,0,0.143804
0,0,0.144144
0,0,0.144261
0,0,0.144747
0,0,0.145341
0,0,0.145395
0,0,0.145506
0,0,0.145962
0,0,0.146157
0,0,0.146352
0,0,0.146596
0,0,0.146642
0,0,0.146868
0,0,0.146915
0,0,0.147193
0,0,0.147219
0,0,0.147368
0,0,0.147536
0,0,0.148184
0,0,0.148271
0,0,0.148471
0,0,0.148545
0,0,0.148904
0,0,0.148927
0,0,0.14921
0,0,0.149387
0,0,0.149467
0,0,0.150393
0,0,0.150511
0,0,0.151041
0,0,0.151769
0,0,0.151874
0,0,0.152002
0,0,0.152332
0,0,0.152355
0,0,0.152798
0,0,0.152876
0,0,0.15296
0,0,0.152976
0,0,0.153056
0,0,0.153099
0,0,0.153161
0,0,0.153394
0,0,0.153623
0,0,0.153719
0,0,0.154243
0,0,0.154893
0,0,0.155122
0,0,0.155284
0,0,0.156059
0,0,0.156539
0,0,0.156967
0,0,0.157939
0,0,0.157999
0,0,0.158133
0,0,0.158528
0,0,0.159324
0,0,0.159908
0,0,0.160434
0,0,0.16051
0,0,0.160755
0,0,0.161066
0,0,0.161913
0,0,0.162125
0,0,0.162912
0,0,0.162938
0,0,0.163911
0,0,0.163914
0,0,0.164241
0,0,0.164531
0,0,0.164738
0,0,0.164808
0,0,0.165134
0,0,0.165182
0,0,0.165199
0,0,0.165247
0,0,0.165549
0,0,0.165631
0,0,0.165852
0,0,0.16607
0,0,0.166281
0,0,0.167048
0,0,0.167197
0,0,0.167628
0,0,0.167718
0,0,0.168086
0,0,0.168131
0,0,0.168357
0,0,0.168431
0,0,0.169449
0,0,0.169752
0,0,0.170575
0,0,0.17146
0,0,0.172033
0,0,0.172229
0,0,0.172544
0,0,0.173019
0,0,0.173461
0,0,0.173481
0,0,0.17455
0,0,0.175206
0,0,0.175325
0,0,0.175688
0,0,0.176016
0,0,0.176075
0,0,0.177543
0,0,0.179369
0,0,0.17938
0,0,0.179683
0,0,0.180339
0,0,0.180496
0,0,0.180919
0,0,0.181367
0,0,0.181486
0,0,0.181522
0,0,0.181607
0,0,0.18179
0,0,0.181915
0,0,0.182026
0,0,0.182218
0,0,0.182463
0,0,0.182983
0,0,0.183669
0,0,0.184001
0,0,0.18413
0,0,0.184141
0,0,0.184215
0,0,0.184518
0,0,0.185602
0,0,0.185768
0,0,0.18593
0,0,0.186668
0,0,0.187499
0,0,0.187525
0,0,0.187753
0,0,0.187943
0,0,0.187949
0,0,0.188138
0,0,0.188511
0,0,0.188757
0,0,0.188853
0,0,0.19006
0,0,0.190258
0,0,0.191109
0,0,0.191268
0,0,0.191688
0,0,0.192277
0,0,0.193105
0,0,0.193171
0,0,0.193442
0,0,0.193574
0,0,0.193782
0,0,0.193846
0,0,0.194221
0,0,0.194801
0,0,0.195155
0,0,0.196233
0,0,0.196724
0,0,0.197338
0,0,0.197655
0,0,0.198352
0,0,0.198582
0,0,0.199309
0,0,0.199376
0,0,0.199735
0,0,0.200658
0,0,0.200686
0,0,0.201772
0,0,0.202743
0,0,0.202977
0,0,0.203519
0,0,0.204254
0,0,0.206078
0,0,0.20661
0,0,0.207826
0,0,0.208039
0,0,0.208189
0,0,0.20842
0,0,0.208816
0,0,0.208938
0,0,0.209231
0,0,0.209244
0,0,0.209432
0,0,0.210575
0,0,0.211506
0,0,0.212001
0,0,0.212065
0,0,0.212535
0,0,0.213534
0,0,0.213796
0,0,0.213982
0,0,0.214186
0,0,0.215368
0,0,0.215597
0,0,0.216471
0,0,0.217531
0,0,0.217859
0,0,0.219866
0,0,0.220944
0,0,0.221244
0,0,0.221469
0,0,0.221559
0,0,0.224076
0,0,0.224626
0,0,0.224751
0,0,0.225434
0,0,0.2255
0,0,0.226117
0,0,0.226657
0,0,0.22702
0,0,0.227176
0,0,0.227233
0,0,0.227843
0,0,0.227992
0,0,0.228319
0,0,0.228854
0,0,0.230355
0,0,0.231201
0,0,0.231447
0,0,0.231822
0,0,0.232294
0,0,0.234613
0,0,0.236125
0,0,0.236233
0,0,0.236271
0,0,0.237516
0,0,0.237602
0,0,0.237634
0,0,0.237691
0,0,0.237731
0,0,0.237745
0,0,0.237992
0,0,0.238675
0,0,0.239104
0,0,0.239121
0,0,0.239419
0,0,0.240381
0,0,0.240491
0,0,0.241737
0,0,0.242545
0,0,0.242766
0,0,0.243279
0,0,0.244696
0,0,0.244837
0,0,0.245528
0,0,0.245805
0,0,0.247416
0,0,0.24788
0,0,0.248831
0,0,0.248951
0,0,0.249127
0,0,0.249162
0,0,0.250006
0,0,0.251102
0,0,0.251592
0,0,0.252158
0,0,0.253102
0,0,0.253594
0,0,0.254007
0,0,0.254056
0,0,0.254161
0,0,0.254537
0,0,0.255212
0,0,0.258198
0,0,0.258413
0,0,0.258805
0,0,0.25943
0,0,0.260281
0,0,0.26049
0,0,0.260527
0,0,0.260817
0,0,0.262031
0,0,0.262532
0,0,0.263352
0,0,0.265884
0,0,0.266506
0,0,0.272198
0,0,0.272896
0,0,0.273646
0,0,0.273981
0,0,0.27407
0,0,0.274314
0,0,0.27551
0,0,0.275906
0,0,0.276105
0,0,0.276557
0,0,0.27909
0,0,0.279287
0,0,0.279535
0,0,0.279995
0,0,0.280531
0,0,0.28118
0,0,0.281712
0,0,0.282132
0,0,0.283277
0,0,0.28339
0,0,0.284267
0,0,0.287511
0,0,0.288706
0,0,0.291102
0,0,0.293112
0,0,0.293722
0,0,0.2938
0,0,0.295523
0,0,0.295979
0,0,0.296411
0,0,0.299201
0,0,0.299424
0,0,0.300918
0,0,0.301836
0,0,0.302083
0,0,0.302264
0,0,0.303805
0,0,0.303929
0,0,0.304481
0,0,0.30551
0,0,0.306046
0,0,0.30917
0,0,0.310216
0,0,0.310452
0,0,0.310853
0,0,0.310973
0,0,0.310994
0,0,0.311636
0,0,0.311684
0,0,0.314844
0,0,0.314887
0,0,0.316206
0,0,0.317464
0,0,0.317863
0,0,0.319224
0,0,0.320859
0,0,0.322174
0,0,0.322638
0,0,0.323245
0,0,0.32411
0,0,0.325333
0,0,0.325396
0,0,0.32666
0,0,0.327912
0,0,0.328634
0,0,0.329628
0,0,0.329641
0,0,0.332032
0,0,0.336741
0,0,0.338534
0,0,0.341252
0,0,0.342049
0,0,0.343703
0,0,0.345893
0,0,0.347092
0,0,0.347362
0,0,0.349085
0,0,0.349567
0,0,0.351744
0,0,0.351795
0,0,0.352466
0,0,0.352998
0,0,0.355371
0,0,0.356029
0,0,0.359479
0,0,0.362666
0,0,0.363446
0,0,0.364228
0,0,0.364689
0,0,0.366478
0,0,0.368106
0,0,0.370187
0,0,0.376643
0,0,0.379326
0,0,0.381611
0,0,0.386069
0,0,0.386834
0,0,0.388006
0,0,0.389056
0,0,0.391371
0,0,0.392508
0,0,0.395346
0,0,0.397992
0,0,0.400461
0,0,0.407088
0,0,0.407136
0,0,0.408224
0,0,0.410202
0,0,0.413766
0,0,0.418969
0,0,0.42321
0,0,0.426073
0,0,0.427316
0,0,0.430332
0,0,0.432168
0,0,0.435281
0,0,0.435722
0,0,0.437091
0,0,0.437914
0,0,0.444452
0,0,0.450521
0,0,0.452648
0,0,0.453395
0,0,0.456108
0,0,0.461366
0,0,0.464616
0,0,0.465805
0,0,0.484206
0,0,0.490205
0,0,0.490495
0,0,0.491844
0,0,0.492108
0,0,0.493455
0,0,0.496239
0,0,0.499468
0,0,0.501838
0,0,0.502463
0,0,0.502992
0,0,0.503723
0,0,0.521036
0,0,0.532341
0,0,0.538171
0,0,0.54064
0,0,0.541285
0,0,0.541983
0,0,0.542169
0,0,0.543347
0,0,0.5462
0,0,0.553733
0,0,0.570235
0,0,0.576022
0,0,0.577682
0,0,0.605355
0,0,0.611318
0,0,0.630854
0,0,0.636337
0,0,0.649065
0,0,0.652607
0,0,0.660249
0,0,0.723491
0,0,0.729852
0,0,0.75058
0,0,0.777463
0,0,0.787909
0,0,0.858139
0,0,0.890118
0,0,0.934163
0,0,0.982508
0,0,1.04741
0,0,1.11418
0,0,3
1,1.24954,1.27911
1,1.15504,1.18191
1,1.05598,1.24961
1,1.05111,1.32296
1,1.01881,1.05862
1,0.950742,0.992485
1,0.950688,1.27974
1,0.941618,1.04592
1,0.94018,1.04184
1,0.884619,0.90382
1,0.845904,0.881732
1,0.841668,1.04861
1,0.839387,1.10109
1,0.829986,1.02594
1,0.829393,0.968756
1,0.822202,0.867053
1,0.820046,1.03948
1,0.820016,0.824348
1,0.81717,0.831785
1,0.788009,0.858468
1,0.781705,0.782263
1,0.774735,0.975018
1,0.766003,0.953704
1,0.760671,0.792862
1,0.758236,0.816613
1,0.737747,0.891283
1,0.708365,0.779362
1,0.70036,0.864462
1,0.673244,1.09911
1,0.672751,0.962944
1,0.663832,0.693878
1,0.658961,1.08007
1,0.635803,0.669269
1,0.632015,0.814564
1,0.625521,0.63576
1,0.613708,1.1033
1,0.611412,0.653162
1,0.607736,0.88744
1,0.605039,0.983558
1,0.598769,0.62547
1,0.572275,0.70752
1,0.571549,1.12252
1,0.55593,0.612029
1,0.554463,0.700238
1,0.549261,0.555056
1,0.545411,0.681322
1,0.543533,0.565473
1,0.541871,0.607463
1,0.532541,0.614904
1,0.53155,0.61331
1,0.530178,0.56312
1,0.520608,0.559111
1,0.51334,0.51703
1,0.511258,0.553845
1,0.500854,0.511165
1,0.49919,0.56303
1,0.496548,0.833416
1,0.496274,0.532196
1,0.475742,0.543924
1,0.470397,0.474633
1,0.464118,0.477288
1,0.4452,0.471952
1,0.444133,0.491988
1,0.444081,0.448924
1,0.443473,0.625279
1,0.439378,0.456222
1,0.434841,0.436427
1,0.434484,0.5878
1,0.43154,0.435896
1,0.430151,0.462195
1,0.416679,0.433639
1,0.40708,0.48921
1,0.400196,0.643967
1,0.395748,0.414716
1,0.392101,0.398099
1,0.387319,0.398737
1,0.384456,0.390573
1,0.384241,0.423428
1,0.381177,0.566785
1,0.379024,0.401789
1,0.378664,0.37928
1,0.377562,0.434951
1,0.375367,0.408356
1,0.365606,0.695807
1,0.363724,0.378466
1,0.362849,0.466791
1,0.359539,0.47582
1,0.355261,0.380234
1,0.353599,0.373023
1,0.352109,0.416229
1,0.350744,0.351469
1,0.344904,0.357277
1,0.343774,0.408659
1,0.342823,0.359655
1,0.342346,0.355149
1,0.335313,0.391656
1,0.334368,0.341074
1,0.330856,0.33815
1,0.32952,0.463356
1,0.32837,0.346409
1,0.325911,0.48507
1,0.325864,0.353483
1,0.323492,0.354592
1,0.322909,0.350378
1,0.321206,0.378122
1,0.320094,0.354919
1,0.314499,0.346221
1,0.31394,0.315719
1,0.313831,0.390653
1,0.312904,0.367001
1,0.312208,0.438174
1,0.312146,0.409049
1,0.305493,0.308759
1,0.303889,0.311064
1,0.303635,0.309315
1,0.303458,0.408664
1,0.301587,0.313128
1,0.301029,0.355808
1,0.297725,0.316868
1,0.297433,0.301702
1,0.292219,0.359918
1,0.287856,0.292427
1,0.28681,0.292202
1,0.286145,0.359655
1,0.285287,0.413124
1,0.283485,0.297076
1,0.280235,0.29643
1,0.276772,0.335398
1,0.275328,0.277541
1,0.271885,0.325364
1,0.271496,0.287246
1,0.270601,0.295999
1,0.269567,0.277758
1,0.26912,0.284348
1,0.26909,0.301314
1,0.267719,0.289268
1,0.266759,0.298001
1,0.262485,0.26579
1,0.261715,0.292962
1,0.258758,0.317393
1,0.257441,0.28683
1,0.257063,0.258212
1,0.256483,0.258015
1,0.25557,0.262565
1,0.255087,0.255856
1,0.252501,0.284702
1,0.250817,0.251706
1,0.250272,0.260467
1,0.248598,0.27573
1,0.246823,0.263791
1,0.246734,0.279368
1,0.243983,0.252159
1,0.241735,0.242396
1,0.240982,0.28279
1,0.239867,0.254649
1,0.237235,0.296854
1,0.236924,0.238449
1,0.234478,0.242952
1,0.228947,0.299103
1,0.227722,0.234205
1,0.22503,0.234215
1,0.222884,0.257077
1,0.221658,0.234976
1,0.221069,0.255234
1,0.220167,0.317948
1,0.219909,0.224677
1,0.219023,0.265543
1,0.218182,0.221275
1,0.216946,0.290903
1,0.214793,0.313241
1,0.214686,0.286959
1,0.214328,0.243215
1,0.212743,0.247111
1,0.209359,0.210586
1,0.209235,0.212958
1,0.205282,0.24724
1,0.202546,0.218118
1,0.202113,0.214554
1,0.201457,0.205925
1,0.199438,0.216364
1,0.199311,0.220696
1,0.198894,0.232231
1,0.195405,0.229113
1,0.195245,0.201986
1,0.192093,0.214993
1,0.191041,0.271462
1,0.189892,0.199163
1,0.189853,0.244439
1,0.189497,0.236771
1,0.188938,0.200029
1,0.188001,0.218573
1,0.18496,0.195177
1,0.182645,0.188085
1,0.178255,0.203615
1,0.176422,0.188264
1,0.174903,0.217348
1,0.174391,0.198802
1,0.173552,0.189757
1,0.171913,0.316246
1,0.170288,0.188576
1,0.17015,0.220444
1,0.169553,0.185279
1,0.169346,0.179112
1,0.169284,0.180743
1,0.168894,0.179122
1,0.168224,0.192784
1,0.167575,0.202778
1,0.167338,0.177604
1,0.166885,0.219103
1,0.166018,0.174966
1,0.165628,0.17045
1,0.164226,0.167536
1,0.163655,0.169154
1,0.16293,0.173466
1,0.160673,0.17405
1,0.160638,0.190119
1,0.160107,0.175746
1,0.160045,0.168907
1,0.159574,0.164387
1,0.159478,0.162196
1,0.159024,0.168625
1,0.157393,0.157852
1,0.156127,0.166252
1,0.155116,0.188658
1,0.154622,0.189779
1,0.153613,0.170694
1,0.153532,0.213425
1,0.152768,0.18036
1,0.151299,0.159119
1,0.149241,0.232955
1,0.148773,0.179201
1,0.148615,0.175685
1,0.146169,0.163936
1,0.146158,0.162677
1,0.14593,0.190801
1,0.144635,0.180705
1,0.143706,0.152854
1,0.143442,0.176435
1,0.142351,0.149016
1,0.142327,0.152262
1,0.142283,0.168858
1,0.142223,0.189591
1,0.141889,0.171464
1,0.141474,0.163514
1,0.141307,0.158652
1,0.14079,0.189396
1,0.140525,0.158934
1,0.139913,0.234469
1,0.139749,0.142603
1,0.138992,0.141427
1,0.138959,0.15009
1,0.138949,0.166333
1,0.137407,0.145864
1,0.136973,0.143787
1,0.136585,0.147931
1,0.136196,0.156237
1,0.135618,0.139659
1,0.134878,0.140486
1,0.134186,0.219475
1,0.134011,0.181497
1,0.133553,0.152694
1,0.132885,0.183005
1,0.132679,0.144963
1,0.132193,0.15141
1,0.13169,0.138404
1,0.130752,0.158729
1,0.130685,0.1819
1,0.129348,0.131111
1,0.127595,0.130365
1,0.126551,0.132613
1,0.126294,0.159279
1,0.126207,0.127528
1,0.126204,0.135181
1,0.126126,0.131809
1,0.126092,0.135804
1,0.125833,0.126789
1,0.125438,0.130125
1,0.124962,0.134011
1,0.124274,0.134508
1,0.124256,0.130352
1,0.124238,0.161444
1,0.12419,0.135989
1,0.1232,0.131877
1,0.123016,0.158936
1,0.12254,0.141829
1,0.122349,0.135863
1,0.121714,0.13887
1,0.121022,0.134527
1,0.120263,0.123109
1,0.119063,0.125411
1,0.119028,0.131943
1,0.118584,0.167494
1,0.118258,0.146645
1,0.118183,0.132356
1,0.118119,0.158753
1,0.118071,0.141542
1,0.118059,0.185268
1,0.1178,0.12046
1,0.117383,0.119855
1,0.117223,0.176889
1,0.1168,0.135681
1,0.116756,0.140538
1,0.116661,0.143521
1,0.11557,0.116241
1,0.114701,0.115998
1,0.112446,0.151569
1,0.111932,0.113701
1,0.111805,0.117451
1,0.111748,0.125446
1,0.111037,0.124691
1,0.110498,0.147076
1,0.109636,0.138708
1,0.109633,0.146071
1,0.108977,0.113029
1,0.10818,0.11085
1,0.107678,0.130023
1,0.10704,0.154162
1,0.106966,0.111492
1,0.106024,0.146214
1,0.105396,0.118667
1,0.105051,0.12052
1,0.105021,0.117121
1,0.104736,0.108088
1,0.104268,0.156093
1,0.102919,0.151327
1,0.102662,0.122525
1,0.102434,0.118629
1,0.101674,0.112065
1,0.101189,0.127487
1,0.10044,0.105264
1,0.100219,0.141603
1,0.0999556,0.11695
1,0.0995576,0.12375
1,0.099505,0.104567
1,0.0994159,0.100769
1,0.097808,0.102693
1,0.097462,0.123879
1,0.0970098,0.131196
1,0.0967833,0.102394
1,0.0963493,0.111813
1,0.0959926,0.126848
1,0.0959924,0.118715
1,0.0957333,0.109943
1,0.0952391,0.0968356
1,0.0951933,0.095373
1,0.0949033,0.109619
1,0.094452,0.0980313
1,0.0933743,0.100804
1,0.0925262,0.0958577
1,0.0923924,0.101085
1,0.0918941,0.0945291
1,0.0916678,0.0944313
1,0.0916483,0.101805
1,0.0914628,0.0924342
1,0.0908615,0.0947873
1,0.0905137,0.0927172
1,0.0897232,0.0958184
1,0.0891694,0.102462
1,0.0891677,0.15265
1,0.0881296,0.0935253
1,0.08805,0.0931245
1,0.0878889,0.0953764
1,0.0872947,0.0907284
1,0.087199,0.0872227
1,0.0871751,0.11246
1,0.0868545,0.091756
1,0.0864762,0.108614
1,0.08573,0.0919779
1,0.0856477,0.114304
1,0.0850095,0.115962
1,0.0843854,0.117039
1,0.0843667,0.0923307
1,0.0842636,0.0880851
1,0.0840753,0.116003
1,0.0835307,0.0894325
1,0.0828807,0.0957944
1,0.0827755,0.0901905
1,0.0827686,0.0860842
1,0.0823187,0.0865987
1,0.0821433,0.0944584
1,0.0819217,0.0934515
1,0.0797767,0.0903572
1,0.0796129,0.0870917
1,0.079421,0.0893045
1,0.0791873,0.0806307
1,0.079046,0.106876
1,0.0787556,0.0904752
1,0.0778362,0.0913667
1,0.0775398,0.0892716
1,0.0762656,0.0769465
1,0.0753527,0.0985793
1,0.074666,0.0770363
1,0.0741702,0.0870436
1,0.0734623,0.0743312
1,0.0728386,0.0784935
1,0.0726155,0.0736284
1,0.0725597,0.0913714
1,0.0719134,0.0843399
1,0.0717054,0.072691
1,0.0714899,0.0954916
1,0.0712695,0.0969844
1,0.071219,0.10758
1,0.0707885,0.0781538
1,0.0702746,0.0808201
1,0.0685724,0.0777114
1,0.0684515,0.0729184
1,0.0682436,0.0763014
1,0.0681908,0.074814
1,0.0679388,0.0815956
1,0.0670107,0.0684224
1,0.0667701,0.0767131
1,0.066236,0.0745575
1,0.0642131,0.0989329
1,0.0638604,0.0649856
1,0.0637082,0.0659119
1,0.0624617,0.0708455
1,0.062034,0.0713237
1,0.0619976,0.0682791
1,0.0616029,0.0854817
1,0.0596508,0.0611242
1,0.0595001,0.0626657
1,0.0586134,0.0613873
1,0.0573989,0.0576732
1,0.0572338,0.0823228
1,0.0559172,0.0636714
1,0.0555588,0.0636325
1,0.0552016,0.0578512
1,0.0542616,0.0551962
1,0.0513309,0.0542638
1,0.0509772,0.0655168
1,0.0507646,0.0564405
1,0.048921,0.0521612
1,0.0488493,0.0504935
1,0.0483371,0.0583484
1,0.0469001,0.0476246
1,0.0458694,0.0469119
1,0.0427044,0.0542745
1,0.0392832,0.0400639
1,0.0386694,0.0393822
1,0.0371717,0.0406568
1,0.0275149,0.030546
2,2.03993,2.04365
2,1.399,1.57019
2,1.31857,1.33272
2,1.22903,1.24856
2,1.1871,1.37054
2,1.09996,1.1037
2,0.988761,1.00356
2,0.903915,0.927678
2,0.685346,0.686568
2,0.653546,0.671017
2,0.637946,0.68565
2,0.617871,0.650557
2,0.510119,0.516854
2,0.451434,0.485373
2,0.424316,0.425468
2,0.41887,0.431456
2,0.413124,0.421627
2,0.388267,0.405604
2,0.37326,0.382354
2,0.368367,0.376409
2,0.365805,0.393985
2,0.362038,0.366542
2,0.348406,0.354728
2,0.328249,0.370614
2,0.317692,0.321642
2,0.31273,0.34159
2,0.293035,0.293677
2,0.282117,0.28549
2,0.272498,0.278826
2,0.256514,0.264409
2,0.25238,0.276349
2,0.243803,0.244275
2,0.229322,0.245422
2,0.217185,0.224873
2,0.212752,0.219794
2,0.20946,0.21433
2,0.203446,0.216233
2,0.201998,0.206918
2,0.194956,0.202861
2,0.190197,0.20484
2,0.189762,0.20334
2,0.189675,0.200194
2,0.187054,0.191636
2,0.170629,0.175262
2,0.166697,0.17247
2,0.165365,0.178966
2,0.162221,0.166015
2,0.146542,0.147475
2,0.145777,0.163255
2,0.138394,0.156142
2,0.1327,0.13544
2,0.126793,0.128455
2,0.120793,0.135834
2,0.119477,0.132608
2,0.105924,0.109263
2,0.101755,0.109256
2,0.0942013,0.0957235
2,0.0925509,0.0936765
2,0.0862378,0.0870162
2,0.0824045,0.0832325
