point cloud with 2325 points in dimension 3
0,0,0.00319339
0,0,0.00344214
0,0,0.00421728
0,0,0.00455041
0,0,0.00510842
0,0,0.00534021
0,0,0.00655598
0,0,0.00659076
0,0,0.00805661
0,0,0.00809594
0,0,0.00827847
0,0,0.00882804
0,0,0.00944563
0,0,0.0100755
0,0,0.0100852
0,0,0.0101048
0,0,0.0106526
0,0,0.0106971
0,0,0.0108933
0,0,0.0108952
0,0,0.0109189
0,0,0.0112085
0,0,0.0112667
0,0,0.011294
0,0,0.0114648
0,0,0.0120579
0,0,0.0120859
0,0,0.0121741
0,0,0.0124065
0,0,0.0124236
0,0,0.0128887
0,0,0.0129168
0,0,0.0129968
0,0,0.0130644
0,0,0.0132604
0,0,0.0136888
0,0,0.0136928
0,0,0.013941
0,0,0.0142684
0,0,0.0142833
0,0,0.0143243
0,0,0.0144072
0,0,0.0145704
0,0,0.0147012
0,0,0.0148076
0,0,0.0148967
0,0,0.0151923
0,0,0.0152363
0,0,0.0152792
0,0,0.0152946
0,0,0.0154129
0,0,0.0154479
0,0,0.0154903
0,0,0.0155062
0,0,0.015624
0,0,0.0158146
0,0,0.0159197
0,0,0.0160581
0,0,0.0161471
0,0,0.0161778
0,0,0.0168544
0,0,0.0169401
0,0,0.0170469
0,0,0.0170962
0,0,0.0171068
0,0,0.0172272
0,0,0.0173208
0,0,0.017329
0,0,0.017388
0,0,0.0174461
0,0,0.0175066
0,0,0.0175631
0,0,0.0178792
0,0,0.0179168
0,0,0.0179415
0,0,0.017972
0,0,0.0180669
0,0,0.0183328
0,0,0.0184294
0,0,0.0186878
0,0,0.019012
0,0,0.0190322
0,0,0.0190596
0,0,0.0192651
0,0,0.0195689
0,0,0.0195879
0,0,0.0195951
0,0,0.019829
0,0,0.0199896
0,0,0.0201452
0,0,0.0201626
0,0,0.0202036
0,0,0.0202601
0,0,0.0203862
0,0,0.0203882
0,0,0.0204723
0,0,0.0205008
0,0,0.0205088
0,0,0.0205716
0,0,0.0207724
0,0,0.0207901
0,0,0.0208965
0,0,0.0209989
0,0,0.0210488
0,0,0.0214269
0,0,0.0216741
0,0,0.0217529
0,0,0.0218266
0,0,0.0218372
0,0,0.0219404
0,0,0.022025
0,0,0.022036
0,0,0.0221387
0,0,0.0221592
0,0,0.0223023
0,0,0.0223071
0,0,0.0223433
0,0,0.0224267
0,0,0.0225584
0,0,0.0225819
0,0,0.0227834
0,0,0.0228742
0,0,0.022917
0,0,0.0229431
0,0,0.0230226
0,0,0.0231136
0,0,0.0231181
0,0,0.023227
0,0,0.0233292
0,0,0.0233619
0,0,0.0233853
0,0,0.0235331
0,0,0.0236335
0,0,0.0237249
0,0,0.0237458
0,0,0.0237729
0,0,0.0237755
0,0,0.0238876
0,0,0.0239184
0,0,0.023979
0,0,0.0241384
0,0,0.0242276
0,0,0.0242666
0,0,0.0243272
0,0,0.0243532
0,0,0.0247251
0,0,0.0247472
0,0,0.0248092
0,0,0.0248455
0,0,0.024909
0,0,0.024982
0,0,0.025011
0,0,0.0250246
0,0,0.0251566
0,0,0.025203
0,0,0.0252836
0,0,0.025434
0,0,0.0254555
0,0,0.0254605
0,0,0.0254741
0,0,0.0255317
0,0,0.0255906
0,0,0.0258796
0,0,0.0258855
0,0,0.0258872
0,0,0.0259157
0,0,0.0261551
0,0,0.0262347
0,0,0.0263214
0,0,0.0265427
0,0,0.0266158
0,0,0.0267522
0,0,0.0268627
0,0,0.0272801
0,0,0.0273518
0,0,0.0274098
0,0,0.0275828
0,0,0.0276172
0,0,0.0277227
0,0,0.0278015
0,0,0.0278199
0,0,0.0278467
0,0,0.0278977
0,0,0.0279622
0,0,0.028039
0,0,0.0280895
0,0,0.0281034
0,0,0.0281344
0,0,0.0281661
0,0,0.0284198
0,0,0.0285872
0,0,0.0286495
0,0,0.0290869
0,0,0.0294474
0,0,0.0294567
0,0,0.0295046
0,0,0.0295538
0,0,0.0295651
0,0,0.029582
0,0,0.0297021
0,0,0.0297051
0,0,0.0297186
0,0,0.0297322
0,0,0.0297438
0,0,0.0297525
0,0,0.0298723
0,0,0.0299327
0,0,0.0299465
0,0,0.0302047
0,0,0.0303717
0,0,0.0304844
0,0,0.0304957
0,0,0.0306619
0,0,0.0306672
0,0,0.0306873
0,0,0.0307627
0,0,0.0308389
0,0,0.030854
0,0,0.0308929
0,0,0.0309556
0,0,0.0311937
0,0,0.031249
0,0,0.0312823
0,0,0.0313769
0,0,0.0317308
0,0,0.0317464
0,0,0.0317468
0,0,0.0318296
0,0,0.0319649
0,0,0.0319681
0,0,0.0320566
0,0,0.0320715
0,0,0.0320841
0,0,0.0322196
0,0,0.0323437
0,0,0.0324124
0,0,0.0324331
0,0,0.0328227
0,0,0.0328988
0,0,0.0329468
0,0,0.0329926
0,0,0.0330057
0,0,0.033022
0,0,0.0332737
0,0,0.0333559
0,0,0.033433
0,0,0.0334434
0,0,0.0334872
0,0,0.0335371
0,0,0.0336334
0,0,0.0336885
0,0,0.0337027
0,0,0.0337619
0,0,0.0338079
0,0,0.0338302
0,0,0.0338681
0,0,0.0338755
0,0,0.0339012
0,0,0.0339168
0,0,0.0339797
0,0,0.0341041
0,0,0.0341753
0,0,0.0342245
0,0,0.0342445
0,0,0.0342909
0,0,0.0343094
0,0,0.034426
0,0,0.034428
0,0,0.0345813
0,0,0.0347048
0,0,0.0349412
0,0,0.0349577
0,0,0.0349876
0,0,0.034997
0,0,0.0350344
0,0,0.0351553
0,0,0.0352187
0,0,0.0352699
0,0,0.0353636
0,0,0.0354092
0,0,0.035522
0,0,0.0355616
0,0,0.0355744
0,0,0.0356018
0,0,0.0356134
0,0,0.0356167
0,0,0.0356326
0,0,0.0357193
0,0,0.0357285
0,0,0.0357582
0,0,0.0358469
0,0,0.0359639
0,0,0.0360656
0,0,0.0360838
0,0,0.0360841
0,0,0.0362441
0,0,0.0362702
0,0,0.0363355
0,0,0.0363884
0,0,0.0364694
0,0,0.0364808
0,0,0.036506
0,0,0.0366048
0,0,0.0366955
0,0,0.0366987
0,0,0.0367675
0,0,0.0367858
0,0,0.0369022
0,0,0.0369282
0,0,0.0369502
0,0,0.0370486
0,0,0.0371842
0,0,0.0371937
0,0,0.0372901
0,0,0.0373396
0,0,0.0374011
0,0,0.0374468
0,0,0.037475
0,0,0.0375994
0,0,0.0376077
0,0,0.0376203
0,0,0.0377873
0,0,0.0378097
0,0,0.0378302
0,0,0.0378791
0,0,0.0379883
0,0,0.0382498
0,0,0.0382645
0,0,0.0383384
0,0,0.0383439
0,0,0.0383573
0,0,0.0383725
0,0,0.0384761
0,0,0.0385242
0,0,0.0385336
0,0,0.038553
0,0,0.0386799
0,0,0.0386928
0,0,0.038847
0,0,0.0388552
0,0,0.0388699
0,0,0.0389112
0,0,0.0390601
0,0,0.0390687
0,0,0.0391309
0,0,0.039232
0,0,0.0392549
0,0,0.0392577
0,0,0.0392778
0,0,0.0393898
0,0,0.0394922
0,0,0.0395666
0,0,0.0396314
0,0,0.0396494
0,0,0.0396566
0,0,0.0396723
0,0,0.0401555
0,0,0.0401863
0,0,0.0402029
0,0,0.0402057
0,0,0.0402321
0,0,0.0403082
0,0,0.0404194
0,0,0.0405135
0,0,0.0405526
0,0,0.040642
0,0,0.0407261
0,0,0.0407531
0,0,0.040874
0,0,0.0409743
0,0,0.0410047
0,0,0.0410778
0,0,0.0412493
0,0,0.041343
0,0,0.0414548
0,0,0.0414772
0,0,0.0415816
0,0,0.0417495
0,0,0.0417921
0,0,0.0418134
0,0,0.0418625
0,0,0.0418793
0,0,0.0419298
0,0,0.0419506
0,0,0.042095
0,0,0.0421077
0,0,0.0422697
0,0,0.0424704
0,0,0.0424879
0,0,0.0425401
0,0,0.0426624
0,0,0.0426774
0,0,0.0428181
0,0,0.042917
0,0,0.0430186
0,0,0.0430523
0,0,0.0430721
0,0,0.0430801
0,0,0.0433466
0,0,0.04347
0,0,0.0435187
0,0,0.0435306
0,0,0.04368
0,0,0.0439473
0,0,0.0440348
0,0,0.0440558
0,0,0.0441851
0,0,0.0442016
0,0,0.0442097
0,0,0.0442261
0,0,0.0442624
0,0,0.0442817
0,0,0.0443396
0,0,0.0443447
0,0,0.0443458
0,0,0.0443811
0,0,0.0444514
0,0,0.0444984
0,0,0.0445187
0,0,0.044599
0,0,0.0446292
0,0,0.0446972
0,0,0.044701
0,0,0.0447149
0,0,0.044729
0,0,0.0447477
0,0,0.0447589
0,0,0.0447903
0,0,0.0448072
0,0,0.0448678
0,0,0.0449429
0,0,0.0449683
0,0,0.0450216
0,0,0.0450263
0,0,0.0450825
0,0,0.0450945
0,0,0.0451817
0,0,0.0451847
0,0,0.0452683
0,0,0.0453117
0,0,0.0455126
0,0,0.0456581
0,0,0.0456594
0,0,0.0456679
0,0,0.0457263
0,0,0.0458458
0,0,0.0458951
0,0,0.0459167
0,0,0.0460363
0,0,0.0461216
0,0,0.0461264
0,0,0.0462057
0,0,0.0462617
0,0,0.0463733
0,0,0.0463919
0,0,0.0464171
0,0,0.0465052
0,0,0.04656
0,0,0.0466791
0,0,0.0466832
0,0,0.0466905
0,0,0.0467535
0,0,0.0467543
0,0,0.0467784
0,0,0.0468211
0,0,0.0468402
0,0,0.0468705
0,0,0.0469074
0,0,0.0471648
0,0,0.0471926
0,0,0.0472066
0,0,0.0472075
0,0,0.0472188
0,0,0.0472264
0,0,0.0472649
0,0,0.0473046
0,0,0.0473686
0,0,0.0474362
0,0,0.04744
0,0,0.047444
0,0,0.0477554
0,0,0.0478022
0,0,0.0478326
0,0,0.0479235
0,0,0.0479719
0,0,0.0480448
0,0,0.0480605
0,0,0.0480924
0,0,0.0480937
0,0,0.0481216
0,0,0.0481921
0,0,0.0482805
0,0,0.0483086
0,0,0.0485101
0,0,0.0485621
0,0,0.0486628
0,0,0.0486992
0,0,0.0487347
0,0,0.0487596
0,0,0.0488315
0,0,0.0489475
0,0,0.0491064
0,0,0.0492894
0,0,0.0493608
0,0,0.049394
0,0,0.0494156
0,0,0.0494292
0,0,0.0494992
0,0,0.0495894
0,0,0.049635
0,0,0.049664
0,0,0.049771
0,0,0.0497745
0,0,0.0498162
0,0,0.049833
0,0,0.0498439
0,0,0.0498676
0,0,0.0498792
0,0,0.0498989
0,0,0.049902
0,0,0.049987
0,0,0.0500344
0,0,0.0500386
0,0,0.0500607
0,0,0.0500792
0,0,0.0500939
0,0,0.0501069
0,0,0.0501633
0,0,0.0501947
0,0,0.0502381
0,0,0.0502704
0,0,0.0503101
0,0,0.0503326
0,0,0.0503339
0,0,0.0504412
0,0,0.0504643
0,0,0.0504898
0,0,0.0505374
0,0,0.0505494
0,0,0.0505872
0,0,0.0506219
0,0,0.0508169
0,0,0.0508872
0,0,0.0510237
0,0,0.0510278
0,0,0.0510479
0,0,0.0510519
0,0,0.0510711
0,0,0.0511111
0,0,0.0511478
0,0,0.0511782
0,0,0.0512059
0,0,0.0512126
0,0,0.0512715
0,0,0.0512955
0,0,0.0513052
0,0,0.0514571
0,0,0.0514797
0,0,0.0514948
0,0,0.0515108
0,0,0.051596
0,0,0.0516228
0,0,0.0517177
0,0,0.0519673
0,0,0.0519731
0,0,0.0520381
0,0,0.052062
0,0,0.0521059
0,0,0.0521476
0,0,0.0521749
0,0,0.0522209
0,0,0.0522518
0,0,0.0523781
0,0,0.0524934
0,0,0.0525475
0,0,0.0525672
0,0,0.0526098
0,0,0.0526167
0,0,0.052629
0,0,0.0526959
0,0,0.0527254
0,0,0.052731
0,0,0.0527511
0,0,0.0528778
0,0,0.0529801
0,0,0.0529848
0,0,0.0530417
0,0,0.0530446
0,0,0.0532438
0,0,0.0533498
0,0,0.0533775
0,0,0.0534137
0,0,0.0534253
0,0,0.0534816
0,0,0.0535063
0,0,0.053583
0,0,0.053636
0,0,0.0536409
0,0,0.0536627
0,0,0.053723
0,0,0.0537728
0,0,0.0537885
0,0,0.0538427
0,0,0.0539049
0,0,0.0539076
0,0,0.0539431
0,0,0.053954
0,0,0.0539588
0,0,0.0540317
0,0,0.0540577
0,0,0.0540798
0,0,0.0542755
0,0,0.0543045
0,0,0.0543435
0,0,0.0543928
0,0,0.0544012
0,0,0.054469
0,0,0.0545571
0,0,0.0545815
0,0,0.0545905
0,0,0.0546242
0,0,0.0546437
0,0,0.0546632
0,0,0.0546734
0,0,0.0546881
0,0,0.0548865
0,0,0.0548867
0,0,0.0549487
0,0,0.0552125
0,0,0.0552624
0,0,0.0555942
0,0,0.0556864
0,0,0.0557496
0,0,0.0559043
0,0,0.0559325
0,0,0.0559503
0,0,0.0559587
0,0,0.0559729
0,0,0.0559977
0,0,0.0560485
0,0,0.056224
0,0,0.0562868
0,0,0.0563139
0,0,0.0563358
0,0,0.0565709
0,0,0.0566123
0,0,0.0566902
0,0,0.056748
0,0,0.0568541
0,0,0.0568627
0,0,0.0568961
0,0,0.0569015
0,0,0.056935
0,0,0.0569755
0,0,0.0570148
0,0,0.0570584
0,0,0.0571065
0,0,0.057137
0,0,0.0571638
0,0,0.0572695
0,0,0.057271
0,0,0.0572772
0,0,0.0574338
0,0,0.0574438
0,0,0.0575051
0,0,0.0577411
0,0,0.0577792
0,0,0.0578661
0,0,0.0579208
0,0,0.0579268
0,0,0.0579852
0,0,0.0580196
0,0,0.0580591
0,0,0.0581311
0,0,0.0582552
0,0,0.0582553
0,0,0.0584155
0,0,0.0585174
0,0,0.0586018
0,0,0.0586211
0,0,0.0586775
0,0,0.0587823
0,0,0.058887
0,0,0.0591657
0,0,0.0591807
0,0,0.0591964
0,0,0.0592371
0,0,0.0592377
0,0,0.0592592
0,0,0.0593346
0,0,0.0593886
0,0,0.0594058
0,0,0.0594298
0,0,0.0595608
0,0,0.0595677
0,0,0.0596512
0,0,0.0596548
0,0,0.0596626
0,0,0.0597348
0,0,0.0597618
0,0,0.0597917
0,0,0.0599
0,0,0.0599727
0,0,0.0600535
0,0,0.0600676
0,0,0.0600888
0,0,0.060109
0,0,0.0601567
0,0,0.0602287
0,0,0.0603191
0,0,0.0605944
0,0,0.0606028
0,0,0.0606253
0,0,0.0606565
0,0,0.060765
0,0,0.0608243
0,0,0.0610146
0,0,0.0610721
0,0,0.0611191
0,0,0.0611939
0,0,0.061303
0,0,0.061325
0,0,0.0614518
0,0,0.0614641
0,0,0.0614693
0,0,0.0614717
0,0,0.0615116
0,0,0.0615204
0,0,0.0615835
0,0,0.0618777
0,0,0.0619162
0,0,0.0620122
0,0,0.0620125
0,0,0.0620305
0,0,0.0620995
0,0,0.0621056
0,0,0.0621285
0,0,0.0621366
0,0,0.0622213
0,0,0.0623037
0,0,0.0623107
0,0,0.0623389
0,0,0.0623493
0,0,0.0624832
0,0,0.0625378
0,0,0.0625465
0,0,0.062633
0,0,0.0626369
0,0,0.0627007
0,0,0.0628688
0,0,0.0628727
0,0,0.062989
0,0,0.0630931
0,0,0.0631744
0,0,0.063215
0,0,0.0632977
0,0,0.0633097
0,0,0.063388
0,0,0.0634104
0,0,0.0634108
0,0,0.0635331
0,0,0.0635786
0,0,0.0636891
0,0,0.0639789
0,0,0.0640699
0,0,0.0640849
0,0,0.0641051
0,0,0.0641284
0,0,0.0641516
0,0,0.0642224
0,0,0.0642437
0,0,0.0643024
0,0,0.0643438
0,0,0.0643512
0,0,0.0643566
0,0,0.0644313
0,0,0.0644685
0,0,0.0645931
0,0,0.0646316
0,0,0.0646334
0,0,0.0646473
0,0,0.0651706
0,0,0.065236
0,0,0.0652702
0,0,0.0653312
0,0,0.065443
0,0,0.0654948
0,0,0.0655723
0,0,0.0655772
0,0,0.0656793
0,0,0.0660949
0,0,0.0661156
0,0,0.066194
0,0,0.0662396
0,0,0.0662827
0,0,0.0663096
0,0,0.0664122
0,0,0.066628
0,0,0.0666789
0,0,0.066713
0,0,0.066714
0,0,0.0667638
0,0,0.0669814
0,0,0.067007
0,0,0.0670353
0,0,0.0671013
0,0,0.0671023
0,0,0.067161
0,0,0.0672775
0,0,0.0674815
0,0,0.0675253
0,0,0.0675412
0,0,0.0675577
0,0,0.0676041
0,0,0.0676213
0,0,0.0676611
0,0,0.0676966
0,0,0.0677357
0,0,0.0677468
0,0,0.0677488
0,0,0.0677767
0,0,0.0677985
0,0,0.0678022
0,0,0.067806
0,0,0.0678246
0,0,0.0678673
0,0,0.067888
0,0,0.0680352
0,0,0.0680837
0,0,0.0680865
0,0,0.0681603
0,0,0.0681777
0,0,0.0681848
0,0,0.0682716
0,0,0.068297
0,0,0.0684853
0,0,0.0684923
0,0,0.0685293
0,0,0.0687605
0,0,0.0688777
0,0,0.0688852
0,0,0.0689912
0,0,0.0689935
0,0,0.069007
0,0,0.0690075
0,0,0.0690987
0,0,0.0693109
0,0,0.0693252
0,0,0.0693383
0,0,0.0694012
0,0,0.0695431
0,0,0.0695448
0,0,0.0696751
0,0,0.0698968
0,0,0.0699453
0,0,0.0699856
0,0,0.0700572
0,0,0.0702357
0,0,0.0705184
0,0,0.0706444
0,0,0.0706696
0,0,0.070752
0,0,0.0707589
0,0,0.0707903
0,0,0.0708196
0,0,0.0708418
0,0,0.0708611
0,0,0.0708648
0,0,0.0708922
0,0,0.071099
0,0,0.0711533
0,0,0.0712232
0,0,0.0712572
0,0,0.071317
0,0,0.0713803
0,0,0.0714985
0,0,0.0715068
0,0,0.0716565
0,0,0.0717545
0,0,0.0718612
0,0,0.0718696
0,0,0.0719276
0,0,0.0722063
0,0,0.0723298
0,0,0.0723472
0,0,0.0723487
0,0,0.0724671
0,0,0.0725257
0,0,0.0725574
0,0,0.0725611
0,0,0.0726019
0,0,0.072611
0,0,0.0726551
0,0,0.0728558
0,0,0.0728739
0,0,0.0729684
0,0,0.0729776
0,0,0.0730253
0,0,0.0731313
0,0,0.0732159
0,0,0.0732741
0,0,0.0732824
0,0,0.0733794
0,0,0.073395
0,0,0.0734502
0,0,0.0734821
0,0,0.0738389
0,0,0.07388
0,0,0.0738977
0,0,0.0739222
0,0,0.0740063
0,0,0.0740286
0,0,0.0740341
0,0,0.0740659
0,0,0.0741817
0,0,0.0743662
0,0,0.0743723
0,0,0.0744652
0,0,0.0745278
0,0,0.0746161
0,0,0.0746844
0,0,0.0747584
0,0,0.0747652
0,0,0.0747714
0,0,0.0747838
0,0,0.0748032
0,0,0.0748357
0,0,0.0748623
0,0,0.0748852
0,0,0.0750746
0,0,0.0751309
0,0,0.0751846
0,0,0.075271
0,0,0.0752724
0,0,0.0752968
0,0,0.0754328
0,0,0.075454
0,0,0.0755138
0,0,0.0755991
0,0,0.0756447
0,0,0.0758794
0,0,0.0758817
0,0,0.0759601
0,0,0.0763039
0,0,0.0763512
0,0,0.0764481
0,0,0.0765617
0,0,0.0765965
0,0,0.0766384
0,0,0.0766654
0,0,0.0767115
0,0,0.0767202
0,0,0.076885
0,0,0.0769183
0,0,0.076926
0,0,0.077213
0,0,0.0774147
0,0,0.0774232
0,0,0.0775014
0,0,0.0775025
0,0,0.0775151
0,0,0.0776668
0,0,0.0777011
0,0,0.0778629
0,0,0.0779553
0,0,0.0782128
0,0,0.0782149
0,0,0.0783
0,0,0.0783118
0,0,0.0783586
0,0,0.0783899
0,0,0.0784908
0,0,0.078566
0,0,0.0787957
0,0,0.0788126
0,0,0.0789551
0,0,0.0790175
0,0,0.0790208
0,0,0.0790318
0,0,0.079102
0,0,0.0792225
0,0,0.0792873
0,0,0.079315
0,0,0.0793277
0,0,0.079534
0,0,0.0795801
0,0,0.0796222
0,0,0.0796545
0,0,0.079763
0,0,0.0797685
0,0,0.0797845
0,0,0.0798101
0,0,0.0798258
0,0,0.0798703
0,0,0.0798797
0,0,0.0799077
0,0,0.0800271
0,0,0.0801678
0,0,0.0803218
0,0,0.0804682
0,0,0.0805033
0,0,0.0805876
0,0,0.0806374
0,0,0.0807102
0,0,0.0810072
0,0,0.0811541
0,0,0.0811682
0,0,0.0812821
0,0,0.08133
0,0,0.0813897
0,0,0.081413
0,0,0.081417
0,0,0.0815234
0,0,0.0816694
0,0,0.0817636
0,0,0.081794
0,0,0.0818836
0,0,0.0819318
0,0,0.081947
0,0,0.082016
0,0,0.0820245
0,0,0.0820695
0,0,0.082109
0,0,0.0821216
0,0,0.0821762
0,0,0.0822145
0,0,0.0822474
0,0,0.0822626
0,0,0.0823102
0,0,0.0823489
0,0,0.0823857
0,0,0.082415
0,0,0.0824164
0,0,0.0824509
0,0,0.0824848
0,0,0.0825951
0,0,0.0826641
0,0,0.0827501
0,0,0.0827898
0,0,0.0828513
0,0,0.0830668
0,0,0.083078
0,0,0.0832169
0,0,0.0832204
0,0,0.0832225
0,0,0.0833094
0,0,0.083449
0,0,0.0835844
0,0,0.0836861
0,0,0.0838096
0,0,0.0838103
0,0,0.0838539
0,0,0.0838647
0,0,0.0839305
0,0,0.084127
0,0,0.0841524
0,0,0.0843379
0,0,0.084368
0,0,0.0843905
0,0,0.0844131
0,0,0.0844276
0,0,0.0844509
0,0,0.0845453
0,0,0.0846139
0,0,0.084621
0,0,0.0846853
0,0,0.0849351
0,0,0.0850857
0,0,0.0851654
0,0,0.0852062
0,0,0.0852128
0,0,0.0852583
0,0,0.0852757
0,0,0.0852956
0,0,0.0854562
0,0,0.0854725
0,0,0.0855478
0,0,0.0855844
0,0,0.0855934
0,0,0.0856352
0,0,0.0858781
0,0,0.0858857
0,0,0.0859647
0,0,0.086018
0,0,0.0861515
0,0,0.0862117
0,0,0.0862247
0,0,0.0863348
0,0,0.0863814
0,0,0.086397
0,0,0.0864546
0,0,0.0865253
0,0,0.0865682
0,0,0.0866683
0,0,0.0867058
0,0,0.0871337
0,0,0.0873063
0,0,0.0874158
0,0,0.0877502
0,0,0.0878129
0,0,0.0878667
0,0,0.0879284
0,0,0.0879362
0,0,0.0881711
0,0,0.0881906
0,0,0.0882225
0,0,0.0882276
0,0,0.0882712
0,0,0.0882853
0,0,0.0883352
0,0,0.0883465
0,0,0.0885176
0,0,0.0885532
0,0,0.0885625
0,0,0.0885737
0,0,0.0886131
0,0,0.0886715
0,0,0.0886779
0,0,0.0887153
0,0,0.0889337
0,0,0.0889346
0,0,0.088942
0,0,0.0890304
0,0,0.0890762
0,0,0.0892087
0,0,0.0892467
0,0,0.0892608
0,0,0.0892669
0,0,0.0895188
0,0,0.0895687
0,0,0.0896998
0,0,0.0897366
0,0,0.089954
0,0,0.0901107
0,0,0.0901936
0,0,0.0901955
0,0,0.090201
0,0,0.0903562
0,0,0.0904043
0,0,0.0904308
0,0,0.0904608
0,0,0.090495
0,0,0.0906616
0,0,0.0907106
0,0,0.0907822
0,0,0.0908074
0,0,0.0908121
0,0,0.0908129
0,0,0.0909229
0,0,0.0909405
0,0,0.0909608
0,0,0.0909843
0,0,0.0910889
0,0,0.0911251
0,0,0.0912305
0,0,0.0912543
0,0,0.0912543
0,0,0.0913885
0,0,0.0916296
0,0,0.0916913
0,0,0.091747
0,0,0.0917564
0,0,0.0918768
0,0,0.0919936
0,0,0.0921297
0,0,0.0923044
0,0,0.0923824
0,0,0.0923931
0,0,0.0923934
0,0,0.0925119
0,0,0.092664
0,0,0.0927348
0,0,0.0927464
0,0,0.0928013
0,0,0.092823
0,0,0.0929571
0,0,0.092959
0,0,0.0929655
0,0,0.0930354
0,0,0.0931416
0,0,0.0932004
0,0,0.0933763
0,0,0.0934591
0,0,0.0935058
0,0,0.0936244
0,0,0.0936933
0,0,0.0940721
0,0,0.0940737
0,0,0.0941197
0,0,0.0941895
0,0,0.0941946
0,0,0.0941967
0,0,0.0942557
0,0,0.0943229
0,0,0.094373
0,0,0.0943821
0,0,0.0945537
0,0,0.0946161
0,0,0.0946492
0,0,0.0947333
0,0,0.0947494
0,0,0.0949043
0,0,0.0949196
0,0,0.0950046
0,0,0.0950754
0,0,0.0950925
0,0,0.0951005
0,0,0.0951233
0,0,0.0952595
0,0,0.0952945
0,0,0.0953216
0,0,0.0954765
0,0,0.0955032
0,0,0.095504
0,0,0.0955265
0,0,0.0955282
0,0,0.0955402
0,0,0.0955773
0,0,0.0956861
0,0,0.0958617
0,0,0.0960056
0,0,0.0960351
0,0,0.0960975
0,0,0.0962006
0,0,0.0962853
0,0,0.0962877
0,0,0.0963917
0,0,0.0965145
0,0,0.0966174
0,0,0.0966281
0,0,0.0966945
0,0,0.0967361
0,0,0.0967389
0,0,0.0967646
0,0,0.0969359
0,0,0.0970625
0,0,0.0970721
0,0,0.0970972
0,0,0.097347
0,0,0.0974105
0,0,0.0974178
0,0,0.0974568
0,0,0.0975232
0,0,0.0975959
0,0,0.0975982
0,0,0.0977186
0,0,0.0977501
0,0,0.0977574
0,0,0.0977595
0,0,0.0977766
0,0,0.0978167
0,0,0.0978514
0,0,0.0978672
0,0,0.0979719
0,0,0.0980408
0,0,0.0980831
0,0,0.0982426
0,0,0.0983401
0,0,0.0983822
0,0,0.0984017
0,0,0.098617
0,0,0.098669
0,0,0.0988471
0,0,0.0988971
0,0,0.0988996
0,0,0.0989475
0,0,0.0989539
0,0,0.0989779
0,0,0.0990118
0,0,0.0992406
0,0,0.099263
0,0,0.0993504
0,0,0.0993861
0,0,0.0994311
0,0,0.0994608
0,0,0.0994673
0,0,0.0995203
0,0,0.099699
0,0,0.0997396
0,0,0.0997596
0,0,0.100024
0,0,0.100028
0,0,0.100094
0,0,0.100246
0,0,0.100267
0,0,0.100385
0,0,0.100412
0,0,0.100462
0,0,0.10048
0,0,0.100493
0,0,0.100616
0,0,0.100711
0,0,0.10072
0,0,0.100773
0,0,0.100887
0,0,0.100896
0,0,0.10096
0,0,0.10099
0,0,0.101085
0,0,0.101086
0,0,0.101222
0,0,0.101517
0,0,0.101534
0,0,0.101774
0,0,0.102135
0,0,0.102232
0,0,0.102338
0,0,0.102444
0,0,0.102499
0,0,0.102726
0,0,0.102969
0,0,0.10302
0,0,0.103037
0,0,0.103228
0,0,0.103231
0,0,0.103232
0,0,0.103234
0,0,0.103271
0,0,0.103306
0,0,0.10331
0,0,0.103328
0,0,0.103416
0,0,0.103425
0,0,0.103453
0,0,0.103457
0,0,0.10361
0,0,0.103705
0,0,0.103706
0,0,0.103711
0,0,0.103786
0,0,0.103857
0,0,0.104055
0,0,0.104098
0,0,0.104101
0,0,0.104293
0,0,0.104344
0,0,0.104361
0,0,0.104383
0,0,0.10441
0,0,0.104475
0,0,0.104557
0,0,0.104637
0,0,0.104699
0,0,0.104748
0,0,0.105231
0,0,0.105685
0,0,0.105706
0,0,0.105763
0,0,0.105765
0,0,0.106539
0,0,0.106631
0,0,0.107165
0,0,0.107292
0,0,0.107347
0,0,0.107497
0,0,0.107743
0,0,0.107756
0,0,0.107915
0,0,0.108189
0,0,0.108189
0,0,0.108265
0,0,0.108269
0,0,0.108382
0,0,0.108407
0,0,0.108556
0,0,0.108714
0,0,0.10872
0,0,0.108731
0,0,0.108808
0,0,0.108869
0,0,0.108969
0,0,0.109009
0,0,0.109091
0,0,0.109111
0,0,0.109124
0,0,0.109183
0,0,0.109361
0,0,0.109378
0,0,0.109405
0,0,0.109729
0,0,0.109743
0,0,0.109767
0,0,0.109826
0,0,0.109942
0,0,0.110018
0,0,0.110035
0,0,0.110042
0,0,0.110118
0,0,0.110291
0,0,0.110356
0,0,0.110412
0,0,0.110777
0,0,0.110797
0,0,0.110908
0,0,0.111134
0,0,0.111137
0,0,0.111203
0,0,0.111244
0,0,0.111382
0,0,0.111416
0,0,0.111455
0,0,0.111599
0,0,0.111648
0,0,0.111729
0,0,0.111875
0,0,0.111878
0,0,0.111912
0,0,0.112071
0,0,0.11219
0,0,0.112215
0,0,0.112223
0,0,0.112527
0,0,0.112677
0,0,0.112753
0,0,0.11279
0,0,0.11284
0,0,0.112942
0,0,0.112948
0,0,0.113026
0,0,0.113254
0,0,0.11332
0,0,0.113353
0,0,0.113371
0,0,0.113393
0,0,0.113394
0,0,0.113398
0,0,0.113617
0,0,0.113621
0,0,0.113673
0,0,0.113709
0,0,0.113749
0,0,0.113952
0,0,0.114216
0,0,0.114242
0,0,0.114278
0,0,0.114348
0,0,0.114409
0,0,0.11448
0,0,0.114702
0,0,0.114743
0,0,0.114761
0,0,0.114765
0,0,0.114798
0,0,0.114899
0,0,0.114907
0,0,0.114952
0,0,0.11504
0,0,0.115055
0,0,0.115055
0,0,0.115162
0,0,0.115228
0,0,0.115444
0,0,0.115465
0,0,0.115475
0,0,0.115488
0,0,0.11555
0,0,0.115669
0,0,0.115885
0,0,0.115975
0,0,0.116046
0,0,0.116522
0,0,0.116708
0,0,0.116749
0,0,0.116757
0,0,0.116758
0,0,0.116912
0,0,0.116932
0,0,0.117015
0,0,0.117122
0,0,0.117276
0,0,0.11738
0,0,0.117418
0,0,0.117558
0,0,0.117565
0,0,0.117648
0,0,0.117695
0,0,0.117852
0,0,0.117928
0,0,0.118056
0,0,0.118077
0,0,0.118144
0,0,0.118388
0,0,0.118388
0,0,0.118755
0,0,0.118928
0,0,0.118953
0,0,0.119039
0,0,0.119119
0,0,0.119174
0,0,0.119199
0,0,0.119231
0,0,0.119367
0,0,0.119385
0,0,0.119517
0,0,0.119693
0,0,0.119882
0,0,0.119984
0,0,0.120164
0,0,0.120459
0,0,0.120495
0,0,0.121137
0,0,0.121187
0,0,0.121318
0,0,0.121447
0,0,0.121456
0,0,0.12161
0,0,0.121624
0,0,0.122183
0,0,0.122331
0,0,0.122346
0,0,0.122405
0,0,0.122555
0,0,0.12259
0,0,0.122683
0,0,0.122764
0,0,0.122809
0,0,0.1229
0,0,0.122968
0,0,0.123026
0,0,0.123077
0,0,0.123083
0,0,0.123113
0,0,0.123172
0,0,0.123477
0,0,0.123497
0,0,0.123586
0,0,0.123735
0,0,0.123852
0,0,0.124034
0,0,0.124341
0,0,0.124357
0,0,0.124425
0,0,0.124792
0,0,0.124849
0,0,0.124927
0,0,0.125209
0,0,0.12534
0,0,0.125508
0,0,0.125514
0,0,0.125558
0,0,0.126056
0,0,0.12616
0,0,0.126264
0,0,0.126331
0,0,0.126392
0,0,0.126511
0,0,0.126576
0,0,0.126629
0,0,0.126669
0,0,0.126711
0,0,0.126805
0,0,0.126877
0,0,0.126961
0,0,0.126986
0,0,0.127017
0,0,0.127052
0,0,0.127167
0,0,0.127183
0,0,0.127276
0,0,0.127288
0,0,0.127475
0,0,0.127498
0,0,0.127521
0,0,0.127523
0,0,0.127531
0,0,0.127803
0,0,0.12781
0,0,0.127823
0,0,0.127836
0,0,0.127883
0,0,0.127965
0,0,0.127984
0,0,0.12804
0,0,0.128059
0,0,0.128062
0,0,0.128081
0,0,0.128151
0,0,0.128478
0,0,0.12872
0,0,0.129016
0,0,0.129154
0,0,0.129177
0,0,0.129225
0,0,0.129353
0,0,0.130054
0,0,0.130209
0,0,0.130318
0,0,0.130501
0,0,0.130553
0,0,0.130661
0,0,0.130992
0,0,0.131659
0,0,0.131704
0,0,0.131726
0,0,0.131798
0,0,0.132236
0,0,0.132368
0,0,0.132497
0,0,0.132521
0,0,0.132605
0,0,0.132783
0,0,0.132886
0,0,0.132938
0,0,0.133048
0,0,0.133121
0,0,0.133292
0,0,0.133324
0,0,0.133423
0,0,0.133453
0,0,0.133535
0,0,0.133557
0,0,0.133562
0,0,0.133827
0,0,0.134035
0,0,0.134056
0,0,0.134208
0,0,0.134209
0,0,0.134239
0,0,0.134284
0,0,0.134352
0,0,0.134954
0,0,0.135154
0,0,0.135156
0,0,0.135189
0,0,0.135189
0,0,0.135214
0,0,0.135398
0,0,0.135428
0,0,0.135473
0,0,0.13563
0,0,0.135769
0,0,0.135812
0,0,0.135975
0,0,0.136141
0,0,0.136294
0,0,0.136383
0,0,0.136659
0,0,0.136772
0,0,0.136821
0,0,0.136845
0,0,0.136996
0,0,0.137006
0,0,0.137277
0,0,0.137437
0,0,0.137583
0,0,0.137588
0,0,0.1377
0,0,0.137721
0,0,0.13786
0,0,0.138141
0,0,0.138156
0,0,0.138216
0,0,0.138421
0,0,0.138433
0,0,0.138506
0,0,0.138558
0,0,0.1387
0,0,0.138923
0,0,0.139131
0,0,0.139134
0,0,0.139376
0,0,0.13955
0,0,0.139757
0,0,0.139759
0,0,0.139874
0,0,0.139929
0,0,0.140168
0,0,0.140545
0,0,0.141025
0,0,0.141181
0,0,0.14123
0,0,0.141336
0,0,0.141815
0,0,0.141861
0,0,0.142326
0,0,0.142327
0,0,0.142633
0,0,0.142758
0,0,0.142893
0,0,0.143098
0,0,0.143523
0,0,0.143668
0,0,0.144017
0,0,0.144595
0,0,0.144624
0,0,0.144647
0,0,0.144734
0,0,0.144893
0,0,0.145044
0,0,0.145281
0,0,0.145307
0,0,0.145328
0,0,0.145601
0,0,0.145886
0,0,0.146077
0,0,0.146124
0,0,0.146304
0,0,0.146439
0,0,0.146554
0,0,0.146822
0,0,0.147169
0,0,0.147259
0,0,0.147304
0,0,0.147309
0,0,0.147633
0,0,0.147701
0,0,0.14794
0,0,0.148371
0,0,0.148405
0,0,0.148669
0,0,0.148839
0,0,0.149195
0,0,0.149242
0,0,0.149763
0,0,0.149833
0,0,0.149898
0,0,0.150106
0,0,0.150249
0,0,0.150675
0,0,0.150817
0,0,0.150844
0,0,0.151106
0,0,0.151226
0,0,0.15175
0,0,0.151801
0,0,0.152182
0,0,0.152187
0,0,0.152341
0,0,0.152389
0,0,0.152402
0,0,0.15256
0,0,0.152757
0,0,0.153003
0,0,0.153065
0,0,0.153388
0,0,0.153512
0,0,0.153705
0,0,0.153777
0,0,0.153825
0,0,0.154057
0,0,0.154124
0,0,0.154163
0,0,0.15446
0,0,0.154618
0,0,0.154691
0,0,0.1548
0,0,0.154839
0,0,0.154857
0,0,0.154877
0,0,0.155349
0,0,0.155568
0,0,0.155608
0,0,0.155713
0,0,0.155803
0,0,0.156113
0,0,0.156138
0,0,0.156223
0,0,0.156325
0,0,0.156427
0,0,0.156441
0,0,0.156479
0,0,0.156814
0,0,0.156915
0,0,0.157121
0,0,0.157169
0,0,0.157285
0,0,0.157329
0,0,0.157344
0,0,0.157372
0,0,0.157433
0,0,0.157473
0,0,0.157503
0,0,0.157633
0,0,0.157935
0,0,0.157989
0,0,0.158279
0,0,0.158558
0,0,0.158686
0,0,0.15875
0,0,0.158761
0,0,0.1588
0,0,0.158807
0,0,0.158846
0,0,0.159028
0,0,0.159083
0,0,0.159124
0,0,0.159324
0,0,0.159353
0,0,0.159372
0,0,0.159399
0,0,0.160037
0,0,0.16035
0,0,0.160378
0,0,0.160395
0,0,0.160984
0,0,0.161216
0,0,0.161353
0,0,0.161423
0,0,0.161475
0,0,0.161684
0,0,0.161806
0,0,0.161834
0,0,0.161947
0,0,0.161955
0,0,0.161983
0,0,0.162064
0,0,0.162275
0,0,0.162281
0,0,0.162429
0,0,0.163158
0,0,0.163289
0,0,0.163517
0,0,0.163539
0,0,0.164007
0,0,0.164031
0,0,0.164307
0,0,0.164354
0,0,0.164404
0,0,0.164907
0,0,0.164983
0,0,0.16529
0,0,0.165303
0,0,0.165352
0,0,0.165423
0,0,0.165545
0,0,0.165716
0,0,0.165875
0,0,0.165894
0,0,0.165899
0,0,0.165913
0,0,0.166196
0,0,0.16696
0,0,0.167413
0,0,0.167728
0,0,0.168007
0,0,0.168518
0,0,0.1687
0,0,0.168711
0,0,0.168862
0,0,0.169071
0,0,0.169205
0,0,0.169402
0,0,0.169517
0,0,0.169533
0,0,0.16986
0,0,0.170002
0,0,0.170238
0,0,0.170299
0,0,0.170999
0,0,0.171239
0,0,0.172228
0,0,0.172236
0,0,0.172304
0,0,0.172511
0,0,0.172531
0,0,0.172718
0,0,0.173152
0,0,0.173345
0,0,0.173415
0,0,0.173453
0,0,0.173624
0,0,0.173695
0,0,0.173807
0,0,0.174059
0,0,0.174575
0,0,0.174584
0,0,0.174713
0,0,0.174769
0,0,0.175022
0,0,0.175193
0,0,0.175344
0,0,0.17538
0,0,0.175384
0,0,0.175854
0,0,0.176073
0,0,0.176364
0,0,0.176452
0,0,0.176853
0,0,0.176882
0,0,0.177043
0,0,0.177145
0,0,0.177355
0,0,0.177778
0,0,0.177871
0,0,0.178892
0,0,0.179067
0,0,0.17945
0,0,0.179531
0,0,0.179619
0,0,0.179776
0,0,0.180017
0,0,0.180117
0,0,0.18023
0,0,0.180815
0,0,0.180918
0,0,0.180983
0,0,0.181097
0,0,0.181315
0,0,0.181568
0,0,0.181598
0,0,0.181735
0,0,0.181768
0,0,0.181951
0,0,0.182105
0,0,0.182297
0,0,0.182575
0,0,0.182646
0,0,0.182647
0,0,0.182772
0,0,0.182856
0,0,0.182859
0,0,0.183036
0,0,0.183143
0,0,0.183235
0,0,0.183267
0,0,0.183372
0,0,0.183411
0,0,0.183554
0,0,0.183576
0,0,0.183604
0,0,0.183974
0,0,0.184041
0,0,0.184131
0,0,0.184149
0,0,0.184445
0,0,0.184785
0,0,0.185256
0,0,0.185453
0,0,0.185648
0,0,0.185813
0,0,0.186169
0,0,0.186731
0,0,0.186788
0,0,0.187135
0,0,0.187289
0,0,0.187314
0,0,0.18739
0,0,0.187623
0,0,0.187725
0,0,0.187734
0,0,0.188212
0,0,0.188377
0,0,0.188637
0,0,0.18864
0,0,0.188651
0,0,0.188912
0,0,0.188934
0,0,0.189104
0,0,0.189335
0,0,0.189859
0,0,0.190271
0,0,0.190521
0,0,0.190827
0,0,0.191257
0,0,0.192044
0,0,0.192166
0,0,0.192204
0,0,0.19229
0,0,0.192324
0,0,0.192775
0,0,0.193243
0,0,0.193478
0,0,0.193556
0,0,0.193638
0,0,0.193645
0,0,0.194496
0,0,0.194733
0,0,0.194788
0,0,0.195188
0,0,0.19523
0,0,0.195236
0,0,0.19534
0,0,0.1955
0,0,0.195592
0,0,0.195594
0,0,0.195704
0,0,0.195729
0,0,0.195746
0,0,0.19609
0,0,0.196504
0,0,0.196831
0,0,0.197101
0,0,0.198059
0,0,0.198492
0,0,0.198565
0,0,0.198687
0,0,0.198755
0,0,0.198825
0,0,0.198911
0,0,0.199741
0,0,0.199776
0,0,0.199808
0,0,0.20022
0,0,0.200437
0,0,0.201067
0,0,0.202071
0,0,0.202775
0,0,0.202867
0,0,0.202952
0,0,0.203358
0,0,0.20358
0,0,0.203868
0,0,0.203974
0,0,0.204077
0,0,0.204377
0,0,0.204493
0,0,0.204623
0,0,0.205279
0,0,0.205516
0,0,0.206089
0,0,0.206146
0,0,0.206356
0,0,0.206621
0,0,0.20677
0,0,0.207008
0,0,0.207152
0,0,0.207201
0,0,0.207781
0,0,0.207938
0,0,0.208298
0,0,0.20874
0,0,0.20945
0,0,0.210353
0,0,0.210789
0,0,0.211008
0,0,0.211654
0,0,0.211686
0,0,0.211969
0,0,0.212221
0,0,0.212237
0,0,0.212953
0,0,0.213346
0,0,0.213425
0,0,0.213619
0,0,0.213946
0,0,0.213962
0,0,0.214872
0,0,0.21491
0,0,0.215038
0,0,0.215423
0,0,0.215763
0,0,0.216796
0,0,0.217069
0,0,0.217289
0,0,0.217391
0,0,0.217456
0,0,0.21764
0,0,0.217742
0,0,0.217986
0,0,0.218586
0,0,0.218738
0,0,0.218762
0,0,0.219246
0,0,0.21955
0,0,0.21972
0,0,0.219734
0,0,0.220034
0,0,0.220249
0,0,0.220495
0,0,0.2206
0,0,0.221036
0,0,0.222144
0,0,0.222196
0,0,0.22319
0,0,0.224073
0,0,0.22415
0,0,0.224307
0,0,0.224844
0,0,0.225323
0,0,0.225435
0,0,0.226322
0,0,0.226831
0,0,0.227011
0,0,0.227132
0,0,0.227532
0,0,0.228211
0,0,0.228229
0,0,0.228409
0,0,0.228628
0,0,0.228897
0,0,0.228942
0,0,0.229091
0,0,0.229796
0,0,0.230806
0,0,0.231005
0,0,0.231042
0,0,0.231272
0,0,0.232134
0,0,0.232223
0,0,0.232735
0,0,0.233547
0,0,0.234085
0,0,0.236366
0,0,0.236425
0,0,0.236935
0,0,0.237683
0,0,0.237916
0,0,0.239507
0,0,0.239853
0,0,0.240221
0,0,0.240318
0,0,0.240497
0,0,0.24063
0,0,0.241871
0,0,0.242506
0,0,0.242589
0,0,0.242632
0,0,0.24326
0,0,0.243275
0,0,0.244471
0,0,0.245111
0,0,0.245389
0,0,0.245544
0,0,0.246008
0,0,0.246869
0,0,0.247489
0,0,0.247584
0,0,0.248722
0,0,0.249556
0,0,0.249821
0,0,0.249965
0,0,0.250125
0,0,0.250391
0,0,0.250688
0,0,0.250909
0,0,0.253225
0,0,0.253677
0,0,0.25386
0,0,0.254784
0,0,0.255902
0,0,0.256771
0,0,0.257123
0,0,0.257876
0,0,0.259172
0,0,0.259719
0,0,0.259751
0,0,0.260281
0,0,0.26057
0,0,0.260807
0,0,0.261168
0,0,0.26184
0,0,0.261895
0,0,0.262175
0,0,0.263213
0,0,0.263318
0,0,0.264268
0,0,0.266829
0,0,0.266998
0,0,0.267541
0,0,0.267546
0,0,0.267791
0,0,0.267974
0,0,0.267981
0,0,0.270955
0,0,0.271086
0,0,0.27143
0,0,0.271514
0,0,0.27163
0,0,0.271979
0,0,0.272128
0,0,0.2724
0,0,0.272691
0,0,0.273097
0,0,0.273914
0,0,0.274133
0,0,0.274362
0,0,0.275544
0,0,0.276126
0,0,0.276309
0,0,0.276398
0,0,0.276701
0,0,0.276888
0,0,0.277852
0,0,0.279508
0,0,0.281247
0,0,0.282198
0,0,0.282251
0,0,0.282395
0,0,0.283155
0,0,0.283393
0,0,0.283985
0,0,0.284609
0,0,0.286634
0,0,0.287509
0,0,0.288027
0,0,0.28851
0,0,0.288829
0,0,0.288864
0,0,0.289105
0,0,0.289679
0,0,0.289787
0,0,0.29043
0,0,0.29065
0,0,0.291316
0,0,0.292586
0,0,0.293531
0,0,0.293772
0,0,0.29546
0,0,0.297017
0,0,0.301049
0,0,0.3012
0,0,0.3029
0,0,0.303032
0,0,0.30308
0,0,0.304046
0,0,0.305255
0,0,0.308968
0,0,0.309705
0,0,0.310416
0,0,0.317614
0,0,0.317615
0,0,0.318133
0,0,0.318363
0,0,0.320204
0,0,0.321449
0,0,0.321716
0,0,0.322027
0,0,0.323011
0,0,0.323393
0,0,0.323487
0,0,0.326461
0,0,0.328128
0,0,0.32849
0,0,0.328912
0,0,0.328954
0,0,0.329788
0,0,0.330207
0,0,0.332135
0,0,0.332642
0,0,0.333303
0,0,0.33535
0,0,0.33587
0,0,0.336935
0,0,0.341976
0,0,0.34475
0,0,0.345525
0,0,0.34576
0,0,0.348563
0,0,0.348801
0,0,0.349637
0,0,0.35035
0,0,0.351349
0,0,0.352151
0,0,0.352869
0,0,0.35676
0,0,0.358883
0,0,0.361191
0,0,0.368049
0,0,0.369256
0,0,0.37461
0,0,0.374662
0,0,0.376335
0,0,0.378747
0,0,0.379406
0,0,0.380486
0,0,0.380945
0,0,0.381344
0,0,0.385904
0,0,0.396957
0,0,0.39783
0,0,0.401315
0,0,0.40157
0,0,0.404281
0,0,0.410532
0,0,0.416505
0,0,0.418517
0,0,0.420871
0,0,0.424274
0,0,0.425664
0,0,0.426282
0,0,0.43228
0,0,0.439934
0,0,0.441907
0,0,0.443373
0,0,0.45119
0,0,0.460835
0,0,0.464074
0,0,0.470667
0,0,0.474185
0,0,0.47497
0,0,0.477956
0,0,0.494549
0,0,0.496002
0,0,0.502058
0,0,0.50624
0,0,0.50697
0,0,0.51425
0,0,0.517903
0,0,0.518175
0,0,0.520686
0,0,0.532149
0,0,0.532814
0,0,0.536022
0,0,0.536785
0,0,0.53815
0,0,0.54308
0,0,0.544721
0,0,0.548172
0,0,0.55271
0,0,0.560603
0,0,0.564811
0,0,0.568108
0,0,0.568727
0,0,0.569676
0,0,0.574625
0,0,0.585377
0,0,0.587321
0,0,0.5965
0,0,0.606145
0,0,0.618386
0,0,0.639486
0,0,0.65485
0,0,0.669405
0,0,0.683609
0,0,0.691423
0,0,0.697994
0,0,0.729691
0,0,0.75214
0,0,0.752166
0,0,0.781552
0,0,0.815319
0,0,0.92716
0,0,0.939339
0,0,1.04537
0,0,3
1,1.32457,1.40756
1,1.25518,1.26711
1,1.25,1.38198
1,1.22787,1.26933
1,1.07836,1.20833
1,1.05593,1.42278
1,1.04848,1.74738
1,1.04185,1.18106
1,0.98369,1.09233
1,0.980288,0.984531
1,0.907725,1.00538
1,0.901344,0.93025
1,0.885619,0.981523
1,0.864294,0.898954
1,0.841589,0.945144
1,0.83712,1.1029
1,0.834134,0.87408
1,0.831842,0.846936
1,0.829844,0.957227
1,0.820754,0.821434
1,0.814533,0.825772
1,0.809101,1.15027
1,0.798303,1.00843
1,0.783337,0.96006
1,0.770321,1.05509
1,0.77018,0.802212
1,0.766121,0.826648
1,0.763355,0.938541
1,0.753103,0.878964
1,0.71811,1.16241
1,0.713517,0.773248
1,0.71206,0.737054
1,0.701112,0.925417
1,0.697934,0.804773
1,0.697159,0.968208
1,0.69325,0.703716
1,0.68659,0.949763
1,0.680351,0.780181
1,0.679127,0.701768
1,0.673891,0.696033
1,0.663735,0.949841
1,0.637137,0.770807
1,0.635333,0.702219
1,0.627768,0.640207
1,0.609221,0.6436
1,0.605575,0.623243
1,0.595307,0.958187
1,0.593573,0.660878
1,0.585914,0.984268
1,0.58579,0.598749
1,0.580243,0.622873
1,0.574872,0.579128
1,0.566573,0.58052
1,0.553499,0.624587
1,0.53621,0.924512
1,0.535418,0.904413
1,0.516951,0.528151
1,0.514364,0.517666
1,0.509966,0.571758
1,0.508137,0.580842
1,0.506829,0.556453
1,0.506668,0.571213
1,0.505215,0.505818
1,0.504329,0.686399
1,0.498773,0.548255
1,0.496505,0.792587
1,0.494754,0.503016
1,0.49252,0.535174
1,0.47755,0.582985
1,0.476261,0.523359
1,0.474435,0.507483
1,0.472793,0.496899
1,0.4625,0.473789
1,0.460934,0.558196
1,0.460586,0.497522
1,0.459515,0.668411
1,0.458413,0.488996
1,0.45239,0.498502
1,0.450452,0.532909
1,0.449652,0.496982
1,0.44573,0.662967
1,0.44464,0.455216
1,0.444112,0.631026
1,0.442847,0.466981
1,0.435547,0.443774
1,0.434995,0.442849
1,0.433559,0.711384
1,0.430796,0.566554
1,0.427394,0.591818
1,0.426942,0.4427
1,0.425411,0.443125
1,0.423429,0.484309
1,0.422929,0.441875
1,0.420368,0.491559
1,0.420132,0.42422
1,0.417155,0.568647
1,0.414424,0.448657
1,0.411424,0.415145
1,0.407341,0.579188
1,0.406586,0.408012
1,0.405757,0.42174
1,0.405655,0.426842
1,0.403739,0.588915
1,0.401579,0.434548
1,0.395025,0.399364
1,0.392474,0.40339
1,0.387036,0.424428
1,0.38135,0.410389
1,0.381022,0.424118
1,0.380858,0.458405
1,0.380848,0.390621
1,0.37753,0.379251
1,0.376059,0.462239
1,0.37139,0.444645
1,0.371336,0.38851
1,0.370327,0.402355
1,0.36783,0.368608
1,0.366727,0.414739
1,0.366003,0.513984
1,0.364884,0.418002
1,0.358912,0.38397
1,0.358766,0.381311
1,0.354681,0.3814
1,0.353652,0.453407
1,0.351473,0.409641
1,0.348161,0.385347
1,0.347858,0.372244
1,0.347017,0.349443
1,0.346594,0.355765
1,0.3437,0.386113
1,0.341916,0.369266
1,0.340843,0.576263
1,0.337465,0.358728
1,0.336486,0.540377
1,0.336451,0.346951
1,0.336327,0.356588
1,0.335511,0.430466
1,0.331995,0.385555
1,0.331042,0.418101
1,0.329552,0.469374
1,0.326277,0.330617
1,0.324946,0.365205
1,0.324946,0.325091
1,0.324874,0.376835
1,0.321482,0.338175
1,0.320069,0.374018
1,0.319578,0.328621
1,0.317459,0.467055
1,0.314749,0.390343
1,0.311147,0.344394
1,0.3082,0.331534
1,0.308176,0.350223
1,0.307741,0.447676
1,0.307388,0.333679
1,0.307209,0.313719
1,0.305823,0.307826
1,0.305355,0.3907
1,0.30429,0.305935
1,0.303098,0.307875
1,0.302851,0.348346
1,0.30224,0.324573
1,0.301885,0.456459
1,0.300972,0.322274
1,0.299751,0.416473
1,0.298849,0.301683
1,0.298278,0.350158
1,0.297679,0.304242
1,0.296197,0.329972
1,0.296087,0.439907
1,0.294803,0.378346
1,0.294687,0.301508
1,0.294042,0.294384
1,0.293346,0.344539
1,0.291858,0.338318
1,0.291002,0.314862
1,0.290951,0.324906
1,0.290857,0.310793
1,0.290214,0.294822
1,0.289704,0.310334
1,0.288819,0.386557
1,0.286683,0.303531
1,0.286499,0.304274
1,0.285962,0.309982
1,0.285441,0.317161
1,0.285088,0.408031
1,0.284758,0.296021
1,0.284536,0.348272
1,0.284405,0.285289
1,0.283929,0.284214
1,0.281269,0.324967
1,0.281265,0.356041
1,0.280732,0.326242
1,0.28066,0.354379
1,0.280017,0.304843
1,0.279933,0.321923
1,0.278423,0.304125
1,0.277493,0.298835
1,0.27577,0.284386
1,0.275144,0.324239
1,0.274808,0.31505
1,0.274217,0.288787
1,0.2741,0.277259
1,0.273485,0.287486
1,0.270269,0.292055
1,0.26789,0.284511
1,0.26773,0.2746
1,0.267428,0.268461
1,0.266846,0.393964
1,0.26673,0.301221
1,0.263966,0.291344
1,0.263003,0.337855
1,0.262036,0.286259
1,0.261428,0.2663
1,0.261056,0.282584
1,0.260894,0.297294
1,0.258548,0.258705
1,0.25714,0.352512
1,0.257056,0.314824
1,0.256842,0.298178
1,0.256452,0.277046
1,0.255765,0.268103
1,0.255005,0.25615
1,0.253455,0.253942
1,0.253051,0.259941
1,0.251556,0.300088
1,0.250981,0.277131
1,0.250508,0.255231
1,0.250438,0.36922
1,0.250411,0.290958
1,0.249175,0.297378
1,0.248681,0.262178
1,0.248042,0.431606
1,0.247578,0.254582
1,0.247568,0.254618
1,0.247308,0.256197
1,0.245975,0.251725
1,0.245845,0.259762
1,0.244983,0.286408
1,0.244486,0.246326
1,0.244408,0.248819
1,0.243663,0.252037
1,0.243227,0.312947
1,0.242489,0.263969
1,0.242032,0.271796
1,0.241988,0.406605
1,0.241834,0.25526
1,0.239742,0.253977
1,0.239686,0.335155
1,0.239637,0.318744
1,0.239538,0.270201
1,0.239408,0.265699
1,0.239369,0.257573
1,0.236235,0.257769
1,0.234653,0.240767
1,0.234637,0.266988
1,0.234421,0.249227
1,0.233801,0.29442
1,0.232817,0.284486
1,0.232697,0.243932
1,0.232292,0.245891
1,0.232003,0.266255
1,0.231988,0.278461
1,0.231744,0.314364
1,0.230304,0.242774
1,0.230124,0.317004
1,0.230112,0.240551
1,0.23009,0.276216
1,0.229756,0.242656
1,0.229702,0.260132
1,0.229654,0.271042
1,0.228966,0.274542
1,0.22886,0.245957
1,0.227683,0.256794
1,0.226386,0.27484
1,0.226064,0.260418
1,0.225765,0.293546
1,0.225149,0.308447
1,0.224866,0.254284
1,0.223581,0.257639
1,0.223352,0.295858
1,0.22315,0.223348
1,0.222355,0.272685
1,0.222328,0.233514
1,0.221987,0.295562
1,0.221513,0.22741
1,0.221487,0.286267
1,0.219869,0.280705
1,0.218797,0.248227
1,0.21834,0.23558
1,0.216899,0.251241
1,0.216573,0.326433
1,0.216,0.250641
1,0.215823,0.219154
1,0.214494,0.249368
1,0.213847,0.221773
1,0.213022,0.240629
1,0.212449,0.252293
1,0.21159,0.229529
1,0.211221,0.234571
1,0.210663,0.212599
1,0.210587,0.220746
1,0.210094,0.288296
1,0.209855,0.211552
1,0.209383,0.25035
1,0.209344,0.28583
1,0.208398,0.217031
1,0.207777,0.24957
1,0.207452,0.216963
1,0.2067,0.231111
1,0.206368,0.215464
1,0.205705,0.33691
1,0.204859,0.312281
1,0.204838,0.29437
1,0.204795,0.236726
1,0.204344,0.207606
1,0.20409,0.210243
1,0.203952,0.214838
1,0.203336,0.211165
1,0.202796,0.269621
1,0.20264,0.223602
1,0.202576,0.271171
1,0.2021,0.203091
1,0.201606,0.209732
1,0.200876,0.229962
1,0.199768,0.228182
1,0.198706,0.199013
1,0.198263,0.200963
1,0.198252,0.215567
1,0.198117,0.223152
1,0.197743,0.32526
1,0.196824,0.245832
1,0.196738,0.20152
1,0.196579,0.231536
1,0.196466,0.205061
1,0.196347,0.246269
1,0.196279,0.208052
1,0.195844,0.213405
1,0.194949,0.195305
1,0.194735,0.205671
1,0.194645,0.228397
1,0.193834,0.200018
1,0.193727,0.210684
1,0.192116,0.250789
1,0.191732,0.199504
1,0.19144,0.199212
1,0.19071,0.227809
1,0.190701,0.200683
1,0.190522,0.294532
1,0.190493,0.220327
1,0.189465,0.218776
1,0.188887,0.244632
1,0.188374,0.199972
1,0.187776,0.19087
1,0.187058,0.258231
1,0.186852,0.217589
1,0.186685,0.187683
1,0.186283,0.232321
1,0.186211,0.20834
1,0.185524,0.206786
1,0.185502,0.218347
1,0.185332,0.186285
1,0.184915,0.21224
1,0.18484,0.196415
1,0.184593,0.210572
1,0.183711,0.227206
1,0.183706,0.211932
1,0.182922,0.185041
1,0.182869,0.200982
1,0.182613,0.187232
1,0.182609,0.183943
1,0.182196,0.191494
1,0.182106,0.223861
1,0.181783,0.186564
1,0.181412,0.27518
1,0.180512,0.184331
1,0.180448,0.188089
1,0.180212,0.182833
1,0.179978,0.241151
1,0.179897,0.232286
1,0.17986,0.224656
1,0.179531,0.196642
1,0.17859,0.255046
1,0.178549,0.214214
1,0.178534,0.205331
1,0.178459,0.186697
1,0.178346,0.205798
1,0.177778,0.207395
1,0.177722,0.193762
1,0.177674,0.186301
1,0.175769,0.19235
1,0.175738,0.185153
1,0.175539,0.191671
1,0.175428,0.184531
1,0.174965,0.195364
1,0.174875,0.198792
1,0.174787,0.199415
1,0.174753,0.197754
1,0.174641,0.211502
1,0.173888,0.176872
1,0.173756,0.183661
1,0.173698,0.246045
1,0.173142,0.176311
1,0.173138,0.183627
1,0.173081,0.178501
1,0.173033,0.212909
1,0.173008,0.188474
1,0.17257,0.17433
1,0.172468,0.196631
1,0.172299,0.249275
1,0.172237,0.22467
1,0.17205,0.183257
1,0.171285,0.19113
1,0.171052,0.178286
1,0.170605,0.176002
1,0.170208,0.190125
1,0.169857,0.177486
1,0.16954,0.18604
1,0.169318,0.177796
1,0.169005,0.196158
1,0.168898,0.182549
1,0.168508,0.168805
1,0.168361,0.178412
1,0.168334,0.225702
1,0.168122,0.182578
1,0.167696,0.220938
1,0.16759,0.186046
1,0.167266,0.21099
1,0.166835,0.174718
1,0.166816,0.172466
1,0.166553,0.181533
1,0.166481,0.176635
1,0.166355,0.175951
1,0.165855,0.227446
1,0.165794,0.180589
1,0.165781,0.19818
1,0.165576,0.176004
1,0.165258,0.193558
1,0.165217,0.185104
1,0.16461,0.209855
1,0.164557,0.207013
1,0.164497,0.201001
1,0.163934,0.173466
1,0.163878,0.176289
1,0.163758,0.183469
1,0.163476,0.183776
1,0.163376,0.196458
1,0.163295,0.166943
1,0.162894,0.193795
1,0.162721,0.167704
1,0.162658,0.163005
1,0.162346,0.19561
1,0.162292,0.203384
1,0.162153,0.163961
1,0.1613,0.172045
1,0.161296,0.214472
1,0.160845,0.16958
1,0.160769,0.169042
1,0.160619,0.168906
1,0.160378,0.188174
1,0.160137,0.209959
1,0.15947,0.165676
1,0.15932,0.161737
1,0.159077,0.197002
1,0.158532,0.158835
1,0.158219,0.160811
1,0.157723,0.161046
1,0.157347,0.236092
1,0.157334,0.160937
1,0.157046,0.164069
1,0.156485,0.173157
1,0.156293,0.183481
1,0.156228,0.166896
1,0.156008,0.289296
1,0.155555,0.166271
1,0.154945,0.162131
1,0.154886,0.187738
1,0.15447,0.179986
1,0.154007,0.161737
1,0.153577,0.159744
1,0.15355,0.159319
1,0.153534,0.166657
1,0.153285,0.164397
1,0.153238,0.25299
1,0.15319,0.178026
1,0.15295,0.167108
1,0.152565,0.203986
1,0.152405,0.173812
1,0.151517,0.196333
1,0.151401,0.189939
1,0.151196,0.21733
1,0.15119,0.177103
1,0.151043,0.217491
1,0.150995,0.15621
1,0.150692,0.170132
1,0.150017,0.164554
1,0.150012,0.209836
1,0.149943,0.19818
1,0.149847,0.204147
1,0.149108,0.170687
1,0.148884,0.172771
1,0.148732,0.153604
1,0.148552,0.182674
1,0.147785,0.187495
1,0.147596,0.165794
1,0.147291,0.195673
1,0.147173,0.157499
1,0.14716,0.188998
1,0.146797,0.169049
1,0.146317,0.159637
1,0.145993,0.148268
1,0.145927,0.181602
1,0.145705,0.182238
1,0.145678,0.171231
1,0.145583,0.182779
1,0.145417,0.152035
1,0.145184,0.169648
1,0.144921,0.237808
1,0.144397,0.156086
1,0.14437,0.198074
1,0.144359,0.150782
1,0.144296,0.163968
1,0.144042,0.174503
1,0.143954,0.201417
1,0.14389,0.145405
1,0.143581,0.220357
1,0.14327,0.153428
1,0.14285,0.160255
1,0.14268,0.185885
1,0.142383,0.181213
1,0.142305,0.144784
1,0.142169,0.177569
1,0.14137,0.154649
1,0.140431,0.145721
1,0.140349,0.159637
1,0.139346,0.144653
1,0.139328,0.166861
1,0.138357,0.159025
1,0.138352,0.161659
1,0.137853,0.14241
1,0.137408,0.17421
1,0.137261,0.137992
1,0.137223,0.187777
1,0.137175,0.158626
1,0.136418,0.140225
1,0.136175,0.181631
1,0.136059,0.154975
1,0.135952,0.161606
1,0.135489,0.145577
1,0.134924,0.136221
1,0.134654,0.148602
1,0.134155,0.170115
1,0.134017,0.134579
1,0.133921,0.171547
1,0.133822,0.146954
1,0.133621,0.143556
1,0.133566,0.188736
1,0.133329,0.182008
1,0.132999,0.153967
1,0.132957,0.184666
1,0.132764,0.1432
1,0.132648,0.187364
1,0.132648,0.223191
1,0.13241,0.150377
1,0.132326,0.162527
1,0.131992,0.232295
1,0.13175,0.134377
1,0.131692,0.149751
1,0.13069,0.143621
1,0.130412,0.179556
1,0.130329,0.135648
1,0.13032,0.164587
1,0.129684,0.150301
1,0.129441,0.198367
1,0.12921,0.242744
1,0.128675,0.141221
1,0.128414,0.128869
1,0.128346,0.136391
1,0.128271,0.157113
1,0.128247,0.150754
1,0.128218,0.129819
1,0.128192,0.189308
1,0.127744,0.131582
1,0.127248,0.130428
1,0.126763,0.169059
1,0.126553,0.134217
1,0.126444,0.132871
1,0.12632,0.14134
1,0.126285,0.137164
1,0.12613,0.159599
1,0.125718,0.127774
1,0.124598,0.124993
1,0.12428,0.135091
1,0.123329,0.163463
1,0.12225,0.155242
1,0.122197,0.179443
1,0.121968,0.127096
1,0.121811,0.124229
1,0.121317,0.144165
1,0.12096,0.132145
1,0.119581,0.121431
1,0.119156,0.139537
1,0.118649,0.123781
1,0.118624,0.161177
1,0.118412,0.120061
1,0.118209,0.122481
1,0.118051,0.121409
1,0.117926,0.122352
1,0.117889,0.123325
1,0.117865,0.140414
1,0.117656,0.143979
1,0.117649,0.145026
1,0.117323,0.120793
1,0.116636,0.1386
1,0.116485,0.138117
1,0.116374,0.125315
1,0.116292,0.139862
1,0.116061,0.139424
1,0.115848,0.116758
1,0.115779,0.119124
1,0.11577,0.121664
1,0.115695,0.132757
1,0.115589,0.125161
1,0.115521,0.122856
1,0.115496,0.149722
1,0.115282,0.141555
1,0.114962,0.138938
1,0.114942,0.117833
1,0.114625,0.134254
1,0.114545,0.136777
1,0.114272,0.117739
1,0.113884,0.114128
1,0.113186,0.115124
1,0.1128,0.11567
1,0.112757,0.121533
1,0.112499,0.112674
1,0.112254,0.123883
1,0.111858,0.169039
1,0.111788,0.125255
1,0.111524,0.116264
1,0.111493,0.113128
1,0.11148,0.18012
1,0.111241,0.151119
1,0.110996,0.122187
1,0.110324,0.124275
1,0.110214,0.121929
1,0.110117,0.115714
1,0.110089,0.114284
1,0.109964,0.124733
1,0.1099,0.123357
1,0.109885,0.120933
1,0.109155,0.127109
1,0.108678,0.138547
1,0.108151,0.136895
1,0.108151,0.141136
1,0.108132,0.110805
1,0.108012,0.111755
1,0.107574,0.119443
1,0.106941,0.111311
1,0.106327,0.1393
1,0.105719,0.109847
1,0.104803,0.109059
1,0.104739,0.115936
1,0.104045,0.106013
1,0.104022,0.124298
1,0.10393,0.134585
1,0.103889,0.112927
1,0.103459,0.11321
1,0.10282,0.147365
1,0.102801,0.130786
1,0.102546,0.124663
1,0.102469,0.120333
1,0.102111,0.125117
1,0.102002,0.109256
1,0.10089,0.163251
1,0.100559,0.107691
1,0.100167,0.102504
1,0.0999829,0.103239
1,0.0995734,0.112112
1,0.0993172,0.100658
1,0.0992903,0.107579
1,0.0991871,0.102699
1,0.0991195,0.134307
1,0.0990803,0.104971
1,0.0988779,0.1043
1,0.0988461,0.120629
1,0.0979378,0.126566
1,0.0974941,0.108383
1,0.0973256,0.108571
1,0.0972435,0.102061
1,0.0969721,0.105492
1,0.0969036,0.100898
1,0.0967499,0.112381
1,0.0954601,0.114697
1,0.0952302,0.113211
1,0.0947387,0.105064
1,0.0947054,0.103483
1,0.0946653,0.132006
1,0.0942715,0.128836
1,0.0942468,0.123682
1,0.0941968,0.10693
1,0.0938262,0.120497
1,0.092685,0.0932285
1,0.0926221,0.108811
1,0.092403,0.10387
1,0.0917271,0.0925034
1,0.0902819,0.109648
1,0.0900132,0.0914356
1,0.0896631,0.111341
1,0.0891949,0.0955291
1,0.089065,0.113224
1,0.0889936,0.112126
1,0.088483,0.104077
1,0.0882359,0.0925048
1,0.0879856,0.104518
1,0.0877285,0.0889136
1,0.0875834,0.0986725
1,0.0875527,0.0965895
1,0.0874812,0.0921539
1,0.0868698,0.103455
1,0.0867398,0.0977634
1,0.0866719,0.135089
1,0.0864991,0.0918869
1,0.0864865,0.119098
1,0.0861058,0.10932
1,0.0859424,0.0880943
1,0.0854374,0.117809
1,0.0851502,0.091091
1,0.0850572,0.0935392
1,0.0848166,0.100187
1,0.0848031,0.108193
1,0.0846784,0.0886516
1,0.0845941,0.0904879
1,0.0844141,0.118111
1,0.0837213,0.0924409
1,0.0834975,0.0896207
1,0.0834595,0.0903196
1,0.0831083,0.0954712
1,0.083093,0.0969333
1,0.0830649,0.102006
1,0.0830209,0.0862059
1,0.0829536,0.0876481
1,0.08177,0.0977466
1,0.0815439,0.097955
1,0.0813929,0.0897992
1,0.0809191,0.119396
1,0.0808476,0.0839133
1,0.0805288,0.0922072
1,0.0803606,0.0833366
1,0.0802449,0.115995
1,0.0794734,0.108928
1,0.0790069,0.0792428
1,0.0779128,0.0865177
1,0.0776486,0.0822467
1,0.0775724,0.0856578
1,0.077539,0.0902274
1,0.0772003,0.118476
1,0.0769857,0.0851927
1,0.0768546,0.0794077
1,0.0768122,0.079342
1,0.0766915,0.0985638
1,0.0766417,0.0874464
1,0.0766376,0.0856241
1,0.0759872,0.0774727
1,0.0758422,0.0988246
1,0.0757365,0.0757738
1,0.0742652,0.115972
1,0.0739572,0.0756525
1,0.0739176,0.0854577
1,0.0738044,0.0744301
1,0.0729692,0.0874872
1,0.0728822,0.0828636
1,0.0724132,0.0817795
1,0.072158,0.0765302
1,0.0719807,0.119959
1,0.0715989,0.0914489
1,0.0696191,0.074643
1,0.0695624,0.0831211
1,0.069238,0.0712917
1,0.0689463,0.08245
1,0.06864,0.0874023
1,0.067739,0.0798839
1,0.0673895,0.070762
1,0.0672909,0.0676209
1,0.067126,0.0939493
1,0.0658839,0.0758823
1,0.0657116,0.076773
1,0.0643436,0.0663785
1,0.0640007,0.0726127
1,0.0639851,0.095843
1,0.0634986,0.0797534
1,0.0631656,0.0649258
1,0.0621878,0.0622502
1,0.0621228,0.0666648
1,0.0618918,0.0691945
1,0.0615383,0.0667165
1,0.0615153,0.0667798
1,0.0601035,0.0639181
1,0.0579799,0.0591663
1,0.0576505,0.0865609
1,0.0574867,0.0642209
1,0.0570982,0.0746546
1,0.0570929,0.0587351
1,0.0540901,0.0547519
1,0.0539591,0.0551536
1,0.0527395,0.0529833
1,0.0525759,0.0627216
1,0.0513975,0.0556211
1,0.0490993,0.0493379
1,0.0482289,0.0491984
1,0.0480725,0.0514636
1,0.0475215,0.0475588
1,0.0463227,0.0485203
1,0.045036,0.0473639
1,0.044561,0.0482118
1,0.0430043,0.0454936
1,0.042877,0.0441527
1,0.0419922,0.0452229
1,0.040022,0.0416756
1,0.0394584,0.0479374
1,0.0392517,0.0415331
1,0.0388948,0.0470338
1,0.0360518,0.0360619
2,1.7791,1.81748
2,1.44132,1.45037
2,1.28826,1.31452
2,1.24042,1.32921
2,1.18131,1.18143
2,1.17612,1.19947
2,1.11234,1.14684
2,0.877171,0.929535
2,0.821551,0.826806
2,0.812686,0.825282
2,0.629995,0.672818
2,0.627172,0.627775
2,0.602084,0.602856
2,0.588926,0.63129
2,0.578195,0.586154
2,0.551676,0.555931
2,0.54691,0.5562
2,0.546598,0.595023
2,0.523066,0.541239
2,0.506635,0.536745
2,0.48983,0.501683
2,0.483854,0.504208
2,0.471835,0.48573
2,0.468742,0.480107
2,0.451659,0.452534
2,0.448206,0.449318
2,0.447647,0.450751
2,0.442392,0.473766
2,0.436169,0.443812
2,0.421711,0.42262
2,0.419342,0.43603
2,0.415053,0.422981
2,0.40339,0.409649
2,0.399714,0.407774
2,0.396047,0.401573
2,0.390955,0.393727
2,0.388452,0.413785
2,0.38746,0.422823
2,0.385986,0.421048
2,0.376418,0.390533
2,0.369066,0.375032
2,0.357796,0.359135
2,0.355324,0.37928
2,0.354766,0.378748
2,0.327352,0.350802
2,0.316719,0.319682
2,0.313876,0.317063
2,0.305253,0.339434
2,0.302216,0.303122
2,0.299097,0.34911
2,0.297961,0.302908
2,0.295704,0.302687
2,0.294909,0.307578
2,0.294701,0.302403
2,0.288609,0.297894
2,0.282268,0.295514
2,0.278944,0.297099
2,0.276889,0.289919
2,0.275547,0.275772
2,0.271859,0.273576
2,0.271042,0.273794
2,0.268555,0.274792
2,0.265913,0.272206
2,0.263669,0.266332
2,0.259285,0.298769
2,0.257998,0.292959
2,0.255658,0.257229
2,0.247726,0.267992
2,0.245165,0.288147
2,0.245124,0.246092
2,0.244824,0.262022
2,0.244274,0.247546
2,0.241184,0.248762
2,0.232085,0.233222
2,0.229405,0.231736
2,0.224656,0.266376
2,0.223862,0.226953
2,0.220944,0.225104
2,0.219564,0.23574
2,0.217469,0.232468
2,0.212393,0.227005
2,0.203292,0.206385
2,0.196605,0.200592
2,0.196527,0.202399
2,0.195955,0.197975
2,0.192447,0.207854
2,0.191809,0.206851
2,0.189133,0.195364
2,0.189041,0.194515
2,0.186119,0.187487
2,0.185978,0.186819
2,0.185825,0.189181
2,0.18505,0.210961
2,0.183946,0.199839
2,0.183904,0.197461
2,0.176518,0.196645
2,0.175321,0.185274
2,0.172582,0.178717
2,0.162605,0.16564
2,0.156508,0.160996
2,0.154277,0.158855
2,0.151107,0.155502
2,0.150523,0.15628
2,0.147941,0.153955
2,0.135318,0.153921
2,0.132679,0.140675
2,0.128862,0.133654
2,0.126607,0.135559
2,0.123181,0.132088
2,0.120276,0.132196
2,0.118199,0.121041
2,0.112122,0.11778
2,0.110033,0.11244
2,0.0967401,0.107148
2,0.0960648,0.099437
2,0.0833917,0.0863543
2,0.073577,0.0761171
