point cloud with 2141 points in dimension 3
0,0,0.0031413
0,0,0.00512883
0,0,0.0065017
0,0,0.0065856
0,0,0.00663808
0,0,0.00667929
0,0,0.00836598
0,0,0.00842275
0,0,0.00864231
0,0,0.0088351
0,0,0.00892372
0,0,0.00900235
0,0,0.00903372
0,0,0.00905497
0,0,0.00912527
0,0,0.00955449
0,0,0.00980877
0,0,0.00983212
0,0,0.00996621
0,0,0.0102887
0,0,0.0112022
0,0,0.0113974
0,0,0.0125418
0,0,0.0127788
0,0,0.0129397
0,0,0.0130367
0,0,0.0130987
0,0,0.0131308
0,0,0.0131595
0,0,0.0132268
0,0,0.0133892
0,0,0.0136487
0,0,0.0136912
0,0,0.014077
0,0,0.0141124
0,0,0.0146406
0,0,0.0147218
0,0,0.0150272
0,0,0.0152715
0,0,0.0152745
0,0,0.0154025
0,0,0.015468
0,0,0.0155119
0,0,0.0157429
0,0,0.0157607
0,0,0.016237
0,0,0.0163003
0,0,0.0163414
0,0,0.0163807
0,0,0.0164685
0,0,0.0164692
0,0,0.0165172
0,0,0.0166062
0,0,0.0168684
0,0,0.0168763
0,0,0.016988
0,0,0.0169977
0,0,0.0170293
0,0,0.0170777
0,0,0.0170998
0,0,0.01717
0,0,0.0171986
0,0,0.017339
0,0,0.0173907
0,0,0.0175571
0,0,0.0175704
0,0,0.0177341
0,0,0.0177507
0,0,0.017817
0,0,0.0180167
0,0,0.0182072
0,0,0.018215
0,0,0.0182896
0,0,0.0183101
0,0,0.0183289
0,0,0.0183465
0,0,0.0185225
0,0,0.0187268
0,0,0.0187566
0,0,0.0188892
0,0,0.018963
0,0,0.0189688
0,0,0.0191022
0,0,0.0192694
0,0,0.0195083
0,0,0.0196329
0,0,0.0196668
0,0,0.0196915
0,0,0.0198496
0,0,0.0199949
0,0,0.0200282
0,0,0.0200375
0,0,0.0201203
0,0,0.0202428
0,0,0.0203203
0,0,0.0204953
0,0,0.0205026
0,0,0.0205588
0,0,0.0206178
0,0,0.0208206
0,0,0.0208811
0,0,0.0209014
0,0,0.0209217
0,0,0.0209242
0,0,0.0210552
0,0,0.0210607
0,0,0.0211682
0,0,0.021298
0,0,0.0214081
0,0,0.0214677
0,0,0.0214809
0,0,0.0215076
0,0,0.0215234
0,0,0.0215591
0,0,0.0216062
0,0,0.0216472
0,0,0.022115
0,0,0.0222901
0,0,0.0223224
0,0,0.0223511
0,0,0.0223947
0,0,0.0224832
0,0,0.0225121
0,0,0.02252
0,0,0.022535
0,0,0.0226212
0,0,0.0227113
0,0,0.0227226
0,0,0.0228418
0,0,0.0228555
0,0,0.0228869
0,0,0.022995
0,0,0.0229996
0,0,0.023006
0,0,0.0230104
0,0,0.0230574
0,0,0.0231311
0,0,0.0231321
0,0,0.0232579
0,0,0.0234415
0,0,0.0234604
0,0,0.0235132
0,0,0.0235282
0,0,0.0235945
0,0,0.023615
0,0,0.0236539
0,0,0.0236955
0,0,0.023826
0,0,0.0240179
0,0,0.0240217
0,0,0.0240377
0,0,0.0240863
0,0,0.0241721
0,0,0.0241997
0,0,0.0242742
0,0,0.02443
0,0,0.0244315
0,0,0.0244383
0,0,0.0246294
0,0,0.0246491
0,0,0.024708
0,0,0.02474
0,0,0.024745
0,0,0.0248525
0,0,0.0249507
0,0,0.0249965
0,0,0.0250222
0,0,0.0250334
0,0,0.0252837
0,0,0.0253587
0,0,0.0254063
0,0,0.0255274
0,0,0.0256425
0,0,0.0257917
0,0,0.0258059
0,0,0.0258772
0,0,0.0260174
0,0,0.0261419
0,0,0.0262629
0,0,0.0263831
0,0,0.026645
0,0,0.0266603
0,0,0.0266607
0,0,0.0266903
0,0,0.0267381
0,0,0.026741
0,0,0.0267612
0,0,0.0267897
0,0,0.0268867
0,0,0.026952
0,0,0.0269937
0,0,0.0270539
0,0,0.0270581
0,0,0.0270959
0,0,0.0271717
0,0,0.0273137
0,0,0.0273488
0,0,0.0274715
0,0,0.0274792
0,0,0.0275034
0,0,0.0275099
0,0,0.0275312
0,0,0.0275806
0,0,0.0276046
0,0,0.0276223
0,0,0.0277389
0,0,0.0278451
0,0,0.0280336
0,0,0.028065
0,0,0.0280677
0,0,0.0282087
0,0,0.0283189
0,0,0.0283754
0,0,0.0283942
0,0,0.0286583
0,0,0.0286916
0,0,0.0288684
0,0,0.0290406
0,0,0.0291091
0,0,0.0291273
0,0,0.029156
0,0,0.029398
0,0,0.0294193
0,0,0.0295409
0,0,0.0296968
0,0,0.0298004
0,0,0.0299842
0,0,0.0301033
0,0,0.0301696
0,0,0.0303049
0,0,0.0303515
0,0,0.0303536
0,0,0.0303963
0,0,0.0304366
0,0,0.0305018
0,0,0.0306453
0,0,0.0306548
0,0,0.0306712
0,0,0.0307113
0,0,0.030748
0,0,0.0309039
0,0,0.0309995
0,0,0.0310252
0,0,0.0310644
0,0,0.0311039
0,0,0.0311476
0,0,0.0311587
0,0,0.0312773
0,0,0.0313685
0,0,0.0313725
0,0,0.031427
0,0,0.0315704
0,0,0.0316664
0,0,0.0316688
0,0,0.0317014
0,0,0.0317117
0,0,0.0317461
0,0,0.0317884
0,0,0.0318492
0,0,0.0318773
0,0,0.0320045
0,0,0.03203
0,0,0.0320382
0,0,0.0321848
0,0,0.0322138
0,0,0.0322231
0,0,0.0322998
0,0,0.0323966
0,0,0.0324515
0,0,0.0324696
0,0,0.0326369
0,0,0.0326713
0,0,0.0329374
0,0,0.0329635
0,0,0.0329764
0,0,0.0329998
0,0,0.0330719
0,0,0.0331301
0,0,0.0331703
0,0,0.0332119
0,0,0.0332744
0,0,0.0333894
0,0,0.0335159
0,0,0.0335362
0,0,0.0335742
0,0,0.0337467
0,0,0.0338002
0,0,0.0338083
0,0,0.0338396
0,0,0.0338615
0,0,0.0338767
0,0,0.0338958
0,0,0.0339404
0,0,0.0339683
0,0,0.0340056
0,0,0.0341464
0,0,0.0342293
0,0,0.0342857
0,0,0.0343775
0,0,0.0344352
0,0,0.0344397
0,0,0.0344801
0,0,0.0346032
0,0,0.0346118
0,0,0.0346522
0,0,0.0346672
0,0,0.0347738
0,0,0.0348292
0,0,0.0348302
0,0,0.0348331
0,0,0.034835
0,0,0.0348879
0,0,0.034969
0,0,0.0349745
0,0,0.0350111
0,0,0.0350127
0,0,0.0350511
0,0,0.0351144
0,0,0.0351818
0,0,0.0352282
0,0,0.0352804
0,0,0.0353163
0,0,0.0353757
0,0,0.035411
0,0,0.0354499
0,0,0.0355475
0,0,0.035558
0,0,0.035626
0,0,0.0357979
0,0,0.0358478
0,0,0.035874
0,0,0.0360305
0,0,0.0361222
0,0,0.0361543
0,0,0.0361703
0,0,0.036174
0,0,0.0361899
0,0,0.0362454
0,0,0.0362722
0,0,0.0363084
0,0,0.0363281
0,0,0.0363783
0,0,0.0363831
0,0,0.036389
0,0,0.0364541
0,0,0.036793
0,0,0.0368122
0,0,0.036849
0,0,0.0368642
0,0,0.0368707
0,0,0.0369543
0,0,0.0369738
0,0,0.0370354
0,0,0.0370608
0,0,0.0370956
0,0,0.0371747
0,0,0.0371786
0,0,0.0372935
0,0,0.0373336
0,0,0.0373719
0,0,0.0374467
0,0,0.0374951
0,0,0.0375073
0,0,0.0375596
0,0,0.037771
0,0,0.0378013
0,0,0.0378758
0,0,0.0379214
0,0,0.0379418
0,0,0.0379571
0,0,0.0381539
0,0,0.0382302
0,0,0.0383823
0,0,0.0384368
0,0,0.0384662
0,0,0.0385033
0,0,0.0385288
0,0,0.0385539
0,0,0.0385685
0,0,0.0387252
0,0,0.0387301
0,0,0.0388512
0,0,0.0388995
0,0,0.0389365
0,0,0.0389753
0,0,0.0392639
0,0,0.0393489
0,0,0.03935
0,0,0.0393624
0,0,0.0394074
0,0,0.0394151
0,0,0.0394939
0,0,0.0396002
0,0,0.039694
0,0,0.0397471
0,0,0.0397781
0,0,0.0398026
0,0,0.0398127
0,0,0.0398575
0,0,0.0398628
0,0,0.0399606
0,0,0.0399878
0,0,0.0399972
0,0,0.0401334
0,0,0.040144
0,0,0.0402248
0,0,0.0402436
0,0,0.0402566
0,0,0.0403169
0,0,0.0403666
0,0,0.0404641
0,0,0.0407254
0,0,0.0408005
0,0,0.0409318
0,0,0.040945
0,0,0.0411833
0,0,0.0412003
0,0,0.0412374
0,0,0.0412933
0,0,0.0413196
0,0,0.0413237
0,0,0.041326
0,0,0.0413632
0,0,0.0413641
0,0,0.0414604
0,0,0.0414976
0,0,0.0415759
0,0,0.041606
0,0,0.0416901
0,0,0.0417331
0,0,0.0417477
0,0,0.0417478
0,0,0.041826
0,0,0.0418573
0,0,0.0418744
0,0,0.0418753
0,0,0.0419288
0,0,0.0419924
0,0,0.0420157
0,0,0.0421547
0,0,0.04216
0,0,0.0422788
0,0,0.0422848
0,0,0.0423927
0,0,0.0424835
0,0,0.0425424
0,0,0.0425534
0,0,0.042603
0,0,0.0427296
0,0,0.0427717
0,0,0.0427922
0,0,0.042873
0,0,0.042916
0,0,0.0429181
0,0,0.0429227
0,0,0.0429299
0,0,0.0429769
0,0,0.0429776
0,0,0.0429889
0,0,0.0431647
0,0,0.0431799
0,0,0.0431911
0,0,0.0432
0,0,0.0432247
0,0,0.0432612
0,0,0.0432843
0,0,0.0432972
0,0,0.0434128
0,0,0.0435708
0,0,0.043586
0,0,0.0435935
0,0,0.0436771
0,0,0.0437894
0,0,0.0438062
0,0,0.0438421
0,0,0.0438438
0,0,0.0438773
0,0,0.0439728
0,0,0.0440098
0,0,0.0441887
0,0,0.0442131
0,0,0.0444414
0,0,0.0444638
0,0,0.044568
0,0,0.0446058
0,0,0.0446433
0,0,0.0446504
0,0,0.0446521
0,0,0.0446818
0,0,0.0447519
0,0,0.0448804
0,0,0.0449755
0,0,0.044999
0,0,0.0450723
0,0,0.0450926
0,0,0.0450946
0,0,0.0451231
0,0,0.0453024
0,0,0.0453093
0,0,0.0453269
0,0,0.045329
0,0,0.0453304
0,0,0.045367
0,0,0.0455084
0,0,0.0455911
0,0,0.0456309
0,0,0.0456484
0,0,0.0456703
0,0,0.0456716
0,0,0.045842
0,0,0.0458627
0,0,0.0459668
0,0,0.0459937
0,0,0.0460187
0,0,0.046142
0,0,0.0461496
0,0,0.0462651
0,0,0.0463275
0,0,0.0463525
0,0,0.0463921
0,0,0.0464302
0,0,0.0464645
0,0,0.0464798
0,0,0.04648
0,0,0.0465005
0,0,0.0465304
0,0,0.0467329
0,0,0.0467762
0,0,0.0468392
0,0,0.0469043
0,0,0.0469833
0,0,0.0470177
0,0,0.0470332
0,0,0.0470448
0,0,0.0470461
0,0,0.0472255
0,0,0.0472287
0,0,0.0472449
0,0,0.0472606
0,0,0.0472662
0,0,0.0473119
0,0,0.0474131
0,0,0.0474366
0,0,0.047579
0,0,0.0476648
0,0,0.0477363
0,0,0.0477856
0,0,0.0478045
0,0,0.0478284
0,0,0.0478429
0,0,0.0480725
0,0,0.0480839
0,0,0.0482648
0,0,0.0482992
0,0,0.0483807
0,0,0.0483827
0,0,0.0484519
0,0,0.048506
0,0,0.0485358
0,0,0.0485396
0,0,0.048623
0,0,0.0486404
0,0,0.0486781
0,0,0.0486952
0,0,0.0487177
0,0,0.0488153
0,0,0.0489278
0,0,0.0489839
0,0,0.0490611
0,0,0.0491059
0,0,0.0491351
0,0,0.0492153
0,0,0.0492938
0,0,0.0493219
0,0,0.0493443
0,0,0.0494621
0,0,0.049733
0,0,0.0497724
0,0,0.0498627
0,0,0.0498825
0,0,0.0499255
0,0,0.0499954
0,0,0.0499977
0,0,0.0500285
0,0,0.0500544
0,0,0.0501017
0,0,0.0501121
0,0,0.0501346
0,0,0.050151
0,0,0.0502601
0,0,0.0503754
0,0,0.0504044
0,0,0.0504459
0,0,0.0505274
0,0,0.0506049
0,0,0.0509362
0,0,0.0509601
0,0,0.0509966
0,0,0.0510114
0,0,0.0510563
0,0,0.0511041
0,0,0.0511201
0,0,0.0511765
0,0,0.051179
0,0,0.0512088
0,0,0.0512299
0,0,0.0512613
0,0,0.0512794
0,0,0.0512919
0,0,0.0512924
0,0,0.0513335
0,0,0.0513365
0,0,0.0513595
0,0,0.0514988
0,0,0.0515714
0,0,0.0517121
0,0,0.0517412
0,0,0.0518078
0,0,0.0518286
0,0,0.051885
0,0,0.0521622
0,0,0.0521703
0,0,0.0522676
0,0,0.052365
0,0,0.0523664
0,0,0.0523873
0,0,0.0524033
0,0,0.052473
0,0,0.0524738
0,0,0.0524946
0,0,0.0525272
0,0,0.0525965
0,0,0.0526128
0,0,0.052648
0,0,0.0526983
0,0,0.052749
0,0,0.0527498
0,0,0.0528245
0,0,0.0528871
0,0,0.0528962
0,0,0.053109
0,0,0.0531285
0,0,0.0531658
0,0,0.0531884
0,0,0.0532258
0,0,0.0532488
0,0,0.0532645
0,0,0.0534877
0,0,0.0535163
0,0,0.0537106
0,0,0.0537555
0,0,0.0537556
0,0,0.0540142
0,0,0.0540459
0,0,0.0540836
0,0,0.0541095
0,0,0.0541814
0,0,0.0542554
0,0,0.0542977
0,0,0.0544896
0,0,0.0544907
0,0,0.0545691
0,0,0.0545922
0,0,0.0545954
0,0,0.0547984
0,0,0.0548767
0,0,0.0549237
0,0,0.0549744
0,0,0.0549868
0,0,0.0550491
0,0,0.0550854
0,0,0.0551288
0,0,0.055292
0,0,0.0555193
0,0,0.0555333
0,0,0.0556759
0,0,0.0557139
0,0,0.0558166
0,0,0.0559699
0,0,0.0560403
0,0,0.0561315
0,0,0.0561759
0,0,0.0562172
0,0,0.0562797
0,0,0.0562893
0,0,0.0563468
0,0,0.0563907
0,0,0.0564342
0,0,0.056456
0,0,0.0564983
0,0,0.0565437
0,0,0.0565588
0,0,0.0566263
0,0,0.0567519
0,0,0.0572744
0,0,0.0574339
0,0,0.0574349
0,0,0.0574915
0,0,0.0574969
0,0,0.0576402
0,0,0.0577196
0,0,0.0577593
0,0,0.0578847
0,0,0.0579189
0,0,0.0579251
0,0,0.0582049
0,0,0.0582744
0,0,0.0583509
0,0,0.0583745
0,0,0.0585228
0,0,0.0586237
0,0,0.0586567
0,0,0.0586676
0,0,0.058701
0,0,0.0588415
0,0,0.0588779
0,0,0.0588864
0,0,0.0589128
0,0,0.058984
0,0,0.0590798
0,0,0.0591354
0,0,0.0592112
0,0,0.0592122
0,0,0.0592122
0,0,0.0592988
0,0,0.0593261
0,0,0.0594088
0,0,0.0594761
0,0,0.0595429
0,0,0.0595801
0,0,0.0595978
0,0,0.0596865
0,0,0.0597226
0,0,0.0597841
0,0,0.059822
0,0,0.0598528
0,0,0.0598856
0,0,0.0599107
0,0,0.0599277
0,0,0.0599641
0,0,0.0600252
0,0,0.0601512
0,0,0.0602708
0,0,0.0603604
0,0,0.0603705
0,0,0.0604287
0,0,0.0604509
0,0,0.0605273
0,0,0.0605282
0,0,0.0605615
0,0,0.0605895
0,0,0.0606335
0,0,0.0606689
0,0,0.0607251
0,0,0.060989
0,0,0.0611529
0,0,0.0611541
0,0,0.061222
0,0,0.0612583
0,0,0.0612803
0,0,0.0613979
0,0,0.0614194
0,0,0.0614705
0,0,0.0614711
0,0,0.0614962
0,0,0.0615237
0,0,0.0615624
0,0,0.0615641
0,0,0.0617268
0,0,0.0617562
0,0,0.0617779
0,0,0.0618127
0,0,0.0619085
0,0,0.061991
0,0,0.0620707
0,0,0.0622249
0,0,0.0622532
0,0,0.0623025
0,0,0.0623228
0,0,0.0623303
0,0,0.0623568
0,0,0.0624454
0,0,0.0626401
0,0,0.0627275
0,0,0.0628005
0,0,0.0628032
0,0,0.0629692
0,0,0.0629856
0,0,0.0629896
0,0,0.063213
0,0,0.063356
0,0,0.0634397
0,0,0.0636678
0,0,0.0637576
0,0,0.0637712
0,0,0.0637841
0,0,0.0638064
0,0,0.0640579
0,0,0.0641041
0,0,0.0641212
0,0,0.0641513
0,0,0.0643196
0,0,0.0645486
0,0,0.0645664
0,0,0.0646439
0,0,0.0646799
0,0,0.0647976
0,0,0.0648728
0,0,0.0649269
0,0,0.0651455
0,0,0.0652088
0,0,0.0653201
0,0,0.0654038
0,0,0.0654243
0,0,0.0654361
0,0,0.065461
0,0,0.0655453
0,0,0.0659426
0,0,0.0660552
0,0,0.0660588
0,0,0.0660856
0,0,0.0661706
0,0,0.0661758
0,0,0.0662964
0,0,0.0663158
0,0,0.0664767
0,0,0.0665087
0,0,0.066563
0,0,0.0666071
0,0,0.0666435
0,0,0.0667174
0,0,0.0669005
0,0,0.0669109
0,0,0.0670198
0,0,0.0671085
0,0,0.0671989
0,0,0.0672969
0,0,0.0673086
0,0,0.067515
0,0,0.0675712
0,0,0.0675793
0,0,0.0677093
0,0,0.0677815
0,0,0.0678288
0,0,0.067862
0,0,0.0680171
0,0,0.0680252
0,0,0.0680719
0,0,0.0680927
0,0,0.0682008
0,0,0.068315
0,0,0.0683398
0,0,0.0683419
0,0,0.0685356
0,0,0.0686131
0,0,0.0687994
0,0,0.0688774
0,0,0.0688805
0,0,0.0688871
0,0,0.0689442
0,0,0.0689982
0,0,0.0690413
0,0,0.0690654
0,0,0.0691582
0,0,0.069452
0,0,0.0694611
0,0,0.0695709
0,0,0.0695946
0,0,0.0696546
0,0,0.0696974
0,0,0.0697387
0,0,0.0697974
0,0,0.0698076
0,0,0.0698868
0,0,0.0699077
0,0,0.0699284
0,0,0.0699364
0,0,0.06995
0,0,0.0699624
0,0,0.0699643
0,0,0.0699998
0,0,0.0700189
0,0,0.070036
0,0,0.0701687
0,0,0.0702747
0,0,0.0704515
0,0,0.0704854
0,0,0.0706903
0,0,0.070729
0,0,0.0707422
0,0,0.070824
0,0,0.0708935
0,0,0.0709605
0,0,0.071003
0,0,0.0711837
0,0,0.0713405
0,0,0.0714395
0,0,0.0715353
0,0,0.0715448
0,0,0.0715844
0,0,0.0715916
0,0,0.071636
0,0,0.0717298
0,0,0.071956
0,0,0.0719885
0,0,0.071991
0,0,0.0720028
0,0,0.0720233
0,0,0.072076
0,0,0.072079
0,0,0.0722443
0,0,0.0723414
0,0,0.0723732
0,0,0.0723799
0,0,0.0724335
0,0,0.0724608
0,0,0.0724643
0,0,0.0725804
0,0,0.0726021
0,0,0.0726344
0,0,0.0726943
0,0,0.0726976
0,0,0.0727072
0,0,0.0728265
0,0,0.0728432
0,0,0.0728442
0,0,0.0729029
0,0,0.0730555
0,0,0.07324
0,0,0.0732415
0,0,0.0733574
0,0,0.0735589
0,0,0.0735933
0,0,0.0735967
0,0,0.073633
0,0,0.0736548
0,0,0.0738733
0,0,0.073945
0,0,0.0739502
0,0,0.0742328
0,0,0.0743185
0,0,0.0744533
0,0,0.0748047
0,0,0.0748618
0,0,0.0749398
0,0,0.075048
0,0,0.0751542
0,0,0.0751584
0,0,0.0751716
0,0,0.0751786
0,0,0.0753171
0,0,0.0754154
0,0,0.0754753
0,0,0.0755096
0,0,0.075551
0,0,0.0757941
0,0,0.0759066
0,0,0.0759946
0,0,0.0760125
0,0,0.0762072
0,0,0.0763135
0,0,0.0763486
0,0,0.0764015
0,0,0.0764575
0,0,0.0764939
0,0,0.0766276
0,0,0.0766867
0,0,0.0767101
0,0,0.0767395
0,0,0.0767716
0,0,0.0770675
0,0,0.0770684
0,0,0.0770861
0,0,0.0770905
0,0,0.0770958
0,0,0.0775212
0,0,0.0775658
0,0,0.0776525
0,0,0.0777071
0,0,0.0778544
0,0,0.0779123
0,0,0.0779696
0,0,0.0780326
0,0,0.0780806
0,0,0.0785405
0,0,0.0786252
0,0,0.078711
0,0,0.0787966
0,0,0.0788475
0,0,0.0788484
0,0,0.0788528
0,0,0.0790472
0,0,0.0790736
0,0,0.0791625
0,0,0.0792387
0,0,0.079269
0,0,0.0795374
0,0,0.0796065
0,0,0.0797522
0,0,0.0798053
0,0,0.0798483
0,0,0.0798842
0,0,0.0799313
0,0,0.0799861
0,0,0.0799877
0,0,0.0800653
0,0,0.0801087
0,0,0.0802115
0,0,0.0802148
0,0,0.0803095
0,0,0.0803114
0,0,0.0803771
0,0,0.0804595
0,0,0.0812872
0,0,0.081338
0,0,0.0815257
0,0,0.0817417
0,0,0.081805
0,0,0.081813
0,0,0.0819477
0,0,0.0821425
0,0,0.082174
0,0,0.0822137
0,0,0.0824885
0,0,0.0824965
0,0,0.0827836
0,0,0.0829593
0,0,0.083002
0,0,0.0830997
0,0,0.0832165
0,0,0.0832177
0,0,0.0834104
0,0,0.0834728
0,0,0.083503
0,0,0.0835482
0,0,0.0836065
0,0,0.0837634
0,0,0.0838455
0,0,0.0838673
0,0,0.0838959
0,0,0.0839295
0,0,0.083974
0,0,0.0839981
0,0,0.084051
0,0,0.0841134
0,0,0.0841249
0,0,0.0842258
0,0,0.0842774
0,0,0.0846688
0,0,0.0849274
0,0,0.0849823
0,0,0.0850978
0,0,0.0852264
0,0,0.0853088
0,0,0.0853212
0,0,0.0853504
0,0,0.0854316
0,0,0.0854356
0,0,0.0854444
0,0,0.0855643
0,0,0.0856778
0,0,0.0857221
0,0,0.085732
0,0,0.0857683
0,0,0.0858392
0,0,0.086246
0,0,0.0862529
0,0,0.0863154
0,0,0.0863253
0,0,0.0863472
0,0,0.0863961
0,0,0.0866019
0,0,0.0866129
0,0,0.0866692
0,0,0.0867778
0,0,0.0868051
0,0,0.0868687
0,0,0.0869288
0,0,0.0873469
0,0,0.0874792
0,0,0.0878081
0,0,0.0878344
0,0,0.0878985
0,0,0.0880293
0,0,0.0883856
0,0,0.0885059
0,0,0.0885322
0,0,0.0885423
0,0,0.0886505
0,0,0.0886728
0,0,0.0887372
0,0,0.0887877
0,0,0.0888039
0,0,0.0888083
0,0,0.0888358
0,0,0.0888793
0,0,0.0889084
0,0,0.0891743
0,0,0.0892954
0,0,0.0897045
0,0,0.0899586
0,0,0.0899767
0,0,0.0900057
0,0,0.0900382
0,0,0.0902043
0,0,0.0902518
0,0,0.09028
0,0,0.0903252
0,0,0.0903291
0,0,0.0903462
0,0,0.0904167
0,0,0.090418
0,0,0.0904598
0,0,0.0904925
0,0,0.090617
0,0,0.090708
0,0,0.0908718
0,0,0.0910728
0,0,0.0914362
0,0,0.0914392
0,0,0.0914411
0,0,0.0914671
0,0,0.0915545
0,0,0.0915995
0,0,0.0918893
0,0,0.0919911
0,0,0.092199
0,0,0.0922308
0,0,0.0922731
0,0,0.0922933
0,0,0.0928193
0,0,0.0928755
0,0,0.0929559
0,0,0.0929618
0,0,0.0929772
0,0,0.0930693
0,0,0.0931503
0,0,0.0933781
0,0,0.0934042
0,0,0.0934621
0,0,0.0935368
0,0,0.09367
0,0,0.0939894
0,0,0.0940492
0,0,0.0940772
0,0,0.0941128
0,0,0.094253
0,0,0.0942639
0,0,0.0943488
0,0,0.0944562
0,0,0.0945891
0,0,0.0946826
0,0,0.0947023
0,0,0.0947524
0,0,0.0954856
0,0,0.0959218
0,0,0.0960888
0,0,0.0961841
0,0,0.096207
0,0,0.0963297
0,0,0.096331
0,0,0.0963885
0,0,0.0963898
0,0,0.0964044
0,0,0.09643
0,0,0.0965147
0,0,0.0966694
0,0,0.0966966
0,0,0.0967082
0,0,0.0968342
0,0,0.0968666
0,0,0.0968669
0,0,0.0968909
0,0,0.0969824
0,0,0.097204
0,0,0.0972124
0,0,0.0972795
0,0,0.0974296
0,0,0.0976323
0,0,0.0978665
0,0,0.0979196
0,0,0.0980668
0,0,0.0981662
0,0,0.0981847
0,0,0.0982122
0,0,0.0982181
0,0,0.0982809
0,0,0.0983861
0,0,0.0984242
0,0,0.0985217
0,0,0.0985604
0,0,0.0987826
0,0,0.0988497
0,0,0.0988527
0,0,0.0989482
0,0,0.0990233
0,0,0.0990714
0,0,0.0991763
0,0,0.0994124
0,0,0.0995952
0,0,0.0996183
0,0,0.0996586
0,0,0.0997901
0,0,0.099906
0,0,0.100213
0,0,0.100215
0,0,0.100413
0,0,0.1006
0,0,0.100817
0,0,0.100984
0,0,0.10103
0,0,0.101193
0,0,0.101266
0,0,0.101307
0,0,0.101459
0,0,0.101839
0,0,0.102165
0,0,0.102363
0,0,0.102389
0,0,0.102509
0,0,0.102753
0,0,0.102791
0,0,0.10293
0,0,0.102997
0,0,0.103059
0,0,0.103084
0,0,0.103117
0,0,0.103239
0,0,0.103441
0,0,0.103531
0,0,0.103605
0,0,0.103653
0,0,0.10375
0,0,0.103861
0,0,0.103917
0,0,0.104016
0,0,0.104104
0,0,0.104391
0,0,0.104416
0,0,0.104532
0,0,0.104646
0,0,0.104738
0,0,0.104975
0,0,0.105107
0,0,0.105246
0,0,0.105295
0,0,0.105326
0,0,0.105356
0,0,0.105461
0,0,0.105502
0,0,0.105503
0,0,0.105564
0,0,0.105673
0,0,0.106044
0,0,0.106149
0,0,0.106159
0,0,0.106219
0,0,0.106324
0,0,0.106427
0,0,0.106438
0,0,0.106717
0,0,0.107188
0,0,0.107199
0,0,0.10729
0,0,0.107391
0,0,0.107737
0,0,0.107907
0,0,0.107995
0,0,0.10815
0,0,0.10839
0,0,0.108482
0,0,0.10853
0,0,0.108663
0,0,0.108687
0,0,0.108745
0,0,0.108924
0,0,0.108997
0,0,0.109032
0,0,0.109253
0,0,0.109351
0,0,0.109352
0,0,0.109463
0,0,0.10963
0,0,0.109678
0,0,0.109878
0,0,0.110502
0,0,0.110566
0,0,0.110576
0,0,0.11064
0,0,0.110807
0,0,0.110827
0,0,0.110985
0,0,0.111089
0,0,0.111159
0,0,0.111207
0,0,0.111296
0,0,0.111307
0,0,0.111313
0,0,0.111455
0,0,0.111477
0,0,0.111485
0,0,0.111811
0,0,0.111836
0,0,0.111937
0,0,0.111946
0,0,0.111987
0,0,0.112105
0,0,0.112188
0,0,0.112313
0,0,0.112365
0,0,0.11241
0,0,0.112449
0,0,0.11245
0,0,0.112621
0,0,0.112719
0,0,0.113001
0,0,0.113183
0,0,0.113205
0,0,0.113249
0,0,0.113492
0,0,0.113514
0,0,0.113557
0,0,0.113729
0,0,0.114047
0,0,0.114076
0,0,0.114107
0,0,0.114218
0,0,0.114226
0,0,0.1143
0,0,0.114304
0,0,0.114435
0,0,0.114463
0,0,0.114544
0,0,0.114861
0,0,0.114944
0,0,0.115491
0,0,0.115611
0,0,0.115707
0,0,0.115755
0,0,0.115802
0,0,0.115936
0,0,0.116176
0,0,0.116211
0,0,0.116264
0,0,0.116441
0,0,0.116446
0,0,0.116539
0,0,0.116705
0,0,0.116715
0,0,0.116792
0,0,0.117016
0,0,0.117037
0,0,0.117257
0,0,0.117262
0,0,0.117471
0,0,0.117616
0,0,0.117672
0,0,0.118339
0,0,0.118364
0,0,0.118492
0,0,0.118616
0,0,0.118648
0,0,0.118734
0,0,0.118979
0,0,0.118983
0,0,0.119053
0,0,0.119173
0,0,0.119252
0,0,0.119338
0,0,0.11946
0,0,0.11946
0,0,0.119568
0,0,0.11984
0,0,0.119844
0,0,0.11998
0,0,0.120184
0,0,0.120457
0,0,0.120593
0,0,0.120846
0,0,0.120874
0,0,0.120914
0,0,0.120921
0,0,0.120938
0,0,0.120956
0,0,0.121152
0,0,0.121237
0,0,0.12125
0,0,0.121309
0,0,0.121491
0,0,0.121578
0,0,0.121852
0,0,0.121978
0,0,0.122019
0,0,0.122173
0,0,0.122558
0,0,0.122693
0,0,0.122697
0,0,0.122845
0,0,0.123134
0,0,0.12347
0,0,0.123599
0,0,0.123622
0,0,0.123647
0,0,0.123879
0,0,0.123901
0,0,0.123998
0,0,0.124302
0,0,0.124609
0,0,0.124821
0,0,0.124845
0,0,0.124854
0,0,0.124859
0,0,0.125016
0,0,0.125075
0,0,0.125147
0,0,0.125437
0,0,0.125601
0,0,0.125941
0,0,0.126508
0,0,0.126587
0,0,0.127032
0,0,0.127119
0,0,0.127137
0,0,0.127305
0,0,0.127779
0,0,0.127872
0,0,0.128219
0,0,0.128337
0,0,0.128548
0,0,0.129147
0,0,0.129269
0,0,0.129312
0,0,0.129457
0,0,0.129723
0,0,0.129876
0,0,0.130002
0,0,0.130087
0,0,0.130165
0,0,0.130212
0,0,0.130252
0,0,0.130358
0,0,0.130377
0,0,0.130399
0,0,0.130412
0,0,0.130456
0,0,0.130723
0,0,0.130786
0,0,0.13083
0,0,0.13105
0,0,0.13136
0,0,0.131426
0,0,0.131511
0,0,0.131534
0,0,0.131541
0,0,0.131932
0,0,0.132148
0,0,0.132167
0,0,0.132212
0,0,0.132416
0,0,0.132492
0,0,0.132505
0,0,0.132667
0,0,0.132714
0,0,0.132738
0,0,0.132814
0,0,0.132858
0,0,0.133168
0,0,0.133309
0,0,0.133568
0,0,0.1336
0,0,0.133887
0,0,0.134023
0,0,0.134046
0,0,0.134173
0,0,0.134213
0,0,0.134254
0,0,0.134352
0,0,0.134436
0,0,0.135269
0,0,0.135476
0,0,0.135554
0,0,0.135962
0,0,0.135992
0,0,0.136012
0,0,0.136058
0,0,0.136121
0,0,0.136179
0,0,0.136369
0,0,0.136604
0,0,0.137337
0,0,0.137425
0,0,0.137624
0,0,0.137845
0,0,0.137847
0,0,0.138
0,0,0.138149
0,0,0.138709
0,0,0.138754
0,0,0.138806
0,0,0.139071
0,0,0.139082
0,0,0.139182
0,0,0.139249
0,0,0.139557
0,0,0.139684
0,0,0.13975
0,0,0.13979
0,0,0.139822
0,0,0.140129
0,0,0.140139
0,0,0.140289
0,0,0.140417
0,0,0.140499
0,0,0.141065
0,0,0.141166
0,0,0.141501
0,0,0.141531
0,0,0.141565
0,0,0.14164
0,0,0.141647
0,0,0.141952
0,0,0.142225
0,0,0.14232
0,0,0.142328
0,0,0.142434
0,0,0.14263
0,0,0.142973
0,0,0.143229
0,0,0.14339
0,0,0.143685
0,0,0.143717
0,0,0.143894
0,0,0.143954
0,0,0.144022
0,0,0.144053
0,0,0.144083
0,0,0.14437
0,0,0.144654
0,0,0.144733
0,0,0.144813
0,0,0.145042
0,0,0.146044
0,0,0.1461
0,0,0.146272
0,0,0.146293
0,0,0.146758
0,0,0.14678
0,0,0.146863
0,0,0.147231
0,0,0.147239
0,0,0.147245
0,0,0.147345
0,0,0.147569
0,0,0.147614
0,0,0.147744
0,0,0.147782
0,0,0.147832
0,0,0.148106
0,0,0.148654
0,0,0.148853
0,0,0.148855
0,0,0.149063
0,0,0.149075
0,0,0.149353
0,0,0.149419
0,0,0.149516
0,0,0.149716
0,0,0.149735
0,0,0.149744
0,0,0.149829
0,0,0.149927
0,0,0.150753
0,0,0.150968
0,0,0.150977
0,0,0.151044
0,0,0.151257
0,0,0.151328
0,0,0.151602
0,0,0.151741
0,0,0.151773
0,0,0.152259
0,0,0.152366
0,0,0.152555
0,0,0.152822
0,0,0.152877
0,0,0.153117
0,0,0.153149
0,0,0.153163
0,0,0.153411
0,0,0.153413
0,0,0.153639
0,0,0.153697
0,0,0.153813
0,0,0.154085
0,0,0.154123
0,0,0.154303
0,0,0.15436
0,0,0.154385
0,0,0.154612
0,0,0.154679
0,0,0.154835
0,0,0.155037
0,0,0.155279
0,0,0.155439
0,0,0.1555
0,0,0.155646
0,0,0.15571
0,0,0.155954
0,0,0.155978
0,0,0.156228
0,0,0.156747
0,0,0.156748
0,0,0.156956
0,0,0.157039
0,0,0.15728
0,0,0.1574
0,0,0.157438
0,0,0.15751
0,0,0.157526
0,0,0.157647
0,0,0.157945
0,0,0.158088
0,0,0.158323
0,0,0.158508
0,0,0.158685
0,0,0.158721
0,0,0.158785
0,0,0.158892
0,0,0.158962
0,0,0.158964
0,0,0.158993
0,0,0.159053
0,0,0.159057
0,0,0.15908
0,0,0.159156
0,0,0.159246
0,0,0.159298
0,0,0.159312
0,0,0.159475
0,0,0.159764
0,0,0.159895
0,0,0.159959
0,0,0.160311
0,0,0.160479
0,0,0.160486
0,0,0.160834
0,0,0.161079
0,0,0.161232
0,0,0.161495
0,0,0.161888
0,0,0.161892
0,0,0.162051
0,0,0.162146
0,0,0.162255
0,0,0.162449
0,0,0.16326
0,0,0.163366
0,0,0.163606
0,0,0.163657
0,0,0.163685
0,0,0.163747
0,0,0.163793
0,0,0.163828
0,0,0.164075
0,0,0.164283
0,0,0.164335
0,0,0.164554
0,0,0.164912
0,0,0.165082
0,0,0.165144
0,0,0.165396
0,0,0.165674
0,0,0.165978
0,0,0.165986
0,0,0.166171
0,0,0.16625
0,0,0.166267
0,0,0.16632
0,0,0.16636
0,0,0.166473
0,0,0.166737
0,0,0.167068
0,0,0.167129
0,0,0.167259
0,0,0.167512
0,0,0.167772
0,0,0.167826
0,0,0.167995
0,0,0.16825
0,0,0.168708
0,0,0.168949
0,0,0.169126
0,0,0.16926
0,0,0.169431
0,0,0.169596
0,0,0.170172
0,0,0.170321
0,0,0.170391
0,0,0.170402
0,0,0.170569
0,0,0.170868
0,0,0.171041
0,0,0.171184
0,0,0.171488
0,0,0.171667
0,0,0.171889
0,0,0.173783
0,0,0.173836
0,0,0.174094
0,0,0.174105
0,0,0.174341
0,0,0.174446
0,0,0.174479
0,0,0.174669
0,0,0.17474
0,0,0.174979
0,0,0.174984
0,0,0.175688
0,0,0.176408
0,0,0.17688
0,0,0.176881
0,0,0.177019
0,0,0.177029
0,0,0.1776
0,0,0.177631
0,0,0.178316
0,0,0.178498
0,0,0.179083
0,0,0.179209
0,0,0.179574
0,0,0.179777
0,0,0.179786
0,0,0.179895
0,0,0.180258
0,0,0.180281
0,0,0.180308
0,0,0.180501
0,0,0.181468
0,0,0.181544
0,0,0.181858
0,0,0.181891
0,0,0.181925
0,0,0.18216
0,0,0.182426
0,0,0.182491
0,0,0.182517
0,0,0.183312
0,0,0.183344
0,0,0.183565
0,0,0.183714
0,0,0.183836
0,0,0.184301
0,0,0.184405
0,0,0.184444
0,0,0.184993
0,0,0.185278
0,0,0.185385
0,0,0.185503
0,0,0.18556
0,0,0.185756
0,0,0.1863
0,0,0.186385
0,0,0.186948
0,0,0.186953
0,0,0.187067
0,0,0.187115
0,0,0.187825
0,0,0.188382
0,0,0.188587
0,0,0.188704
0,0,0.18976
0,0,0.19027
0,0,0.190306
0,0,0.190606
0,0,0.190785
0,0,0.190918
0,0,0.190924
0,0,0.191527
0,0,0.191562
0,0,0.191747
0,0,0.191772
0,0,0.191996
0,0,0.192778
0,0,0.19282
0,0,0.19294
0,0,0.1931
0,0,0.193183
0,0,0.193234
0,0,0.193595
0,0,0.193704
0,0,0.193788
0,0,0.194006
0,0,0.194334
0,0,0.194489
0,0,0.195218
0,0,0.195382
0,0,0.195961
0,0,0.196216
0,0,0.19657
0,0,0.196707
0,0,0.196709
0,0,0.196872
0,0,0.197068
0,0,0.19788
0,0,0.198563
0,0,0.198575
0,0,0.199012
0,0,0.199188
0,0,0.199498
0,0,0.199748
0,0,0.19988
0,0,0.199927
0,0,0.199981
0,0,0.199986
0,0,0.200369
0,0,0.200579
0,0,0.200734
0,0,0.200919
0,0,0.201455
0,0,0.202789
0,0,0.202795
0,0,0.202939
0,0,0.203261
0,0,0.204374
0,0,0.204687
0,0,0.204743
0,0,0.205095
0,0,0.205124
0,0,0.205574
0,0,0.20624
0,0,0.206253
0,0,0.206485
0,0,0.206983
0,0,0.207022
0,0,0.207583
0,0,0.208171
0,0,0.208386
0,0,0.208586
0,0,0.208959
0,0,0.209186
0,0,0.209558
0,0,0.20991
0,0,0.210016
0,0,0.210119
0,0,0.210592
0,0,0.210729
0,0,0.21073
0,0,0.210973
0,0,0.211587
0,0,0.211609
0,0,0.21167
0,0,0.21199
0,0,0.212083
0,0,0.21209
0,0,0.212139
0,0,0.212647
0,0,0.212932
0,0,0.214311
0,0,0.215567
0,0,0.215569
0,0,0.215663
0,0,0.215733
0,0,0.216653
0,0,0.217947
0,0,0.218185
0,0,0.218568
0,0,0.218779
0,0,0.21878
0,0,0.218925
0,0,0.219143
0,0,0.219346
0,0,0.219464
0,0,0.21995
0,0,0.220008
0,0,0.220662
0,0,0.221075
0,0,0.222308
0,0,0.222641
0,0,0.222679
0,0,0.222681
0,0,0.223132
0,0,0.223768
0,0,0.225039
0,0,0.226025
0,0,0.226454
0,0,0.227292
0,0,0.228286
0,0,0.228729
0,0,0.228793
0,0,0.230308
0,0,0.230414
0,0,0.231315
0,0,0.231399
0,0,0.231603
0,0,0.231705
0,0,0.2319
0,0,0.231937
0,0,0.232264
0,0,0.232276
0,0,0.233455
0,0,0.233598
0,0,0.234402
0,0,0.234414
0,0,0.23478
0,0,0.235375
0,0,0.235479
0,0,0.235881
0,0,0.236504
0,0,0.236507
0,0,0.237486
0,0,0.237756
0,0,0.23787
0,0,0.238027
0,0,0.238104
0,0,0.238121
0,0,0.238888
0,0,0.238975
0,0,0.239708
0,0,0.239944
0,0,0.241136
0,0,0.24186
0,0,0.241966
0,0,0.24233
0,0,0.242957
0,0,0.244073
0,0,0.24439
0,0,0.244426
0,0,0.245971
0,0,0.246427
0,0,0.247463
0,0,0.247662
0,0,0.248199
0,0,0.248608
0,0,0.249328
0,0,0.24952
0,0,0.251365
0,0,0.251934
0,0,0.252334
0,0,0.254892
0,0,0.255897
0,0,0.256541
0,0,0.256608
0,0,0.257209
0,0,0.257334
0,0,0.25737
0,0,0.258235
0,0,0.258408
0,0,0.258528
0,0,0.258781
0,0,0.259884
0,0,0.261417
0,0,0.262196
0,0,0.262264
0,0,0.262297
0,0,0.262823
0,0,0.263012
0,0,0.263133
0,0,0.263451
0,0,0.264117
0,0,0.265421
0,0,0.265884
0,0,0.266616
0,0,0.267033
0,0,0.267623
0,0,0.26846
0,0,0.270223
0,0,0.270465
0,0,0.271727
0,0,0.271944
0,0,0.272691
0,0,0.27421
0,0,0.276759
0,0,0.277538
0,0,0.278515
0,0,0.278578
0,0,0.278889
0,0,0.280124
0,0,0.280648
0,0,0.280813
0,0,0.281132
0,0,0.281385
0,0,0.28144
0,0,0.281676
0,0,0.282955
0,0,0.283946
0,0,0.285226
0,0,0.285404
0,0,0.287169
0,0,0.289285
0,0,0.291215
0,0,0.291415
0,0,0.291462
0,0,0.291909
0,0,0.292304
0,0,0.292624
0,0,0.293143
0,0,0.293627
0,0,0.29366
0,0,0.293909
0,0,0.294074
0,0,0.294435
0,0,0.294772
0,0,0.29557
0,0,0.295687
0,0,0.296246
0,0,0.297247
0,0,0.297704
0,0,0.29864
0,0,0.299549
0,0,0.300169
0,0,0.300177
0,0,0.300374
0,0,0.301148
0,0,0.302513
0,0,0.303273
0,0,0.30446
0,0,0.304675
0,0,0.305497
0,0,0.305682
0,0,0.3069
0,0,0.307552
0,0,0.307771
0,0,0.309084
0,0,0.310149
0,0,0.312446
0,0,0.313788
0,0,0.314562
0,0,0.315983
0,0,0.316351
0,0,0.317206
0,0,0.317449
0,0,0.317814
0,0,0.319504
0,0,0.320052
0,0,0.320479
0,0,0.320705
0,0,0.320783
0,0,0.321337
0,0,0.32216
0,0,0.322667
0,0,0.324346
0,0,0.330697
0,0,0.333195
0,0,0.334921
0,0,0.335241
0,0,0.336839
0,0,0.337993
0,0,0.339507
0,0,0.339873
0,0,0.340473
0,0,0.34695
0,0,0.347573
0,0,0.348501
0,0,0.349497
0,0,0.350371
0,0,0.350641
0,0,0.35113
0,0,0.351347
0,0,0.354101
0,0,0.354946
0,0,0.355157
0,0,0.355749
0,0,0.35794
0,0,0.357967
0,0,0.363367
0,0,0.364393
0,0,0.365851
0,0,0.366234
0,0,0.36708
0,0,0.367361
0,0,0.369145
0,0,0.374535
0,0,0.37656
0,0,0.377799
0,0,0.379349
0,0,0.379903
0,0,0.381262
0,0,0.381328
0,0,0.385713
0,0,0.390664
0,0,0.390997
0,0,0.39152
0,0,0.396999
0,0,0.397301
0,0,0.404442
0,0,0.405564
0,0,0.40996
0,0,0.412208
0,0,0.415076
0,0,0.415636
0,0,0.423373
0,0,0.424526
0,0,0.430836
0,0,0.431976
0,0,0.432294
0,0,0.43424
0,0,0.437711
0,0,0.439895
0,0,0.442476
0,0,0.449671
0,0,0.449704
0,0,0.452051
0,0,0.452176
0,0,0.455736
0,0,0.459078
0,0,0.461752
0,0,0.462155
0,0,0.464533
0,0,0.479134
0,0,0.484952
0,0,0.485007
0,0,0.486898
0,0,0.490999
0,0,0.509817
0,0,0.51075
0,0,0.512907
0,0,0.516617
0,0,0.517228
0,0,0.539123
0,0,0.540869
0,0,0.566389
0,0,0.573068
0,0,0.578528
0,0,0.583289
0,0,0.615321
0,0,0.616551
0,0,0.618254
0,0,0.619012
0,0,0.632918
0,0,0.635875
0,0,0.66693
0,0,0.668996
0,0,0.693269
0,0,0.70478
0,0,0.757684
0,0,0.785632
0,0,0.785918
0,0,0.990328
0,0,1.0504
0,0,1.05334
0,0,3
1,2.14627,2.14882
1,1.65041,1.66279
1,1.39755,1.40928
1,1.09856,1.19701
1,1.05645,1.21027
1,1.04393,1.15913
1,0.960518,1.06595
1,0.924058,0.991092
1,0.910242,0.913227
1,0.846563,1.06754
1,0.834618,0.862237
1,0.820554,0.824867
1,0.815983,0.995001
1,0.814581,0.826835
1,0.799121,0.819085
1,0.797504,0.923778
1,0.762616,0.87568
1,0.748951,0.799464
1,0.743402,1.09697
1,0.737099,0.768614
1,0.725114,1.15638
1,0.721379,0.925766
1,0.719343,0.799532
1,0.705794,0.723141
1,0.705608,0.962312
1,0.697109,0.723004
1,0.670045,0.704331
1,0.658269,0.729356
1,0.654148,0.680105
1,0.646003,0.900915
1,0.644431,0.725789
1,0.632929,0.701088
1,0.626669,0.671837
1,0.61404,0.676127
1,0.593095,0.685749
1,0.588463,0.662972
1,0.583337,0.690274
1,0.582393,0.599998
1,0.580682,0.850984
1,0.570457,0.573203
1,0.56678,0.917126
1,0.56108,0.56452
1,0.538741,0.721517
1,0.533039,0.574386
1,0.531611,0.562332
1,0.525855,0.641399
1,0.515888,0.540116
1,0.512074,0.577097
1,0.509752,0.744324
1,0.508315,0.521767
1,0.501118,0.575659
1,0.497817,0.561719
1,0.495249,0.513252
1,0.482771,0.530171
1,0.481083,0.492252
1,0.476733,0.722862
1,0.472618,0.48017
1,0.471166,0.490802
1,0.469208,0.531682
1,0.467257,0.517544
1,0.466036,0.901519
1,0.46598,0.661494
1,0.464435,0.466504
1,0.452554,0.544122
1,0.451667,0.510809
1,0.445433,0.528027
1,0.440355,0.527593
1,0.437637,0.496512
1,0.437167,0.496476
1,0.436605,0.488815
1,0.433879,0.490302
1,0.433851,0.528135
1,0.433714,0.434769
1,0.433689,0.574486
1,0.431899,0.556385
1,0.430829,0.442745
1,0.430788,0.448024
1,0.42956,0.466864
1,0.428602,0.703664
1,0.425022,0.512779
1,0.424855,0.454739
1,0.423893,0.471633
1,0.421363,0.445155
1,0.417172,0.473846
1,0.41665,0.452626
1,0.414569,0.430359
1,0.414561,0.421427
1,0.4125,0.454959
1,0.410088,0.76717
1,0.408485,0.60291
1,0.405367,0.413439
1,0.403665,0.442301
1,0.401049,0.541175
1,0.397851,0.72639
1,0.397404,0.402295
1,0.3962,0.396634
1,0.394933,0.617863
1,0.394335,0.468081
1,0.393306,0.422401
1,0.389976,0.394079
1,0.387701,0.437629
1,0.383679,0.390709
1,0.380562,0.481483
1,0.379598,0.390919
1,0.377807,0.425619
1,0.376994,0.421722
1,0.376171,0.40367
1,0.375403,0.42728
1,0.374496,0.384677
1,0.365928,0.386249
1,0.363835,0.417504
1,0.363141,0.388363
1,0.360396,0.374486
1,0.358816,0.495112
1,0.358286,0.472271
1,0.356599,0.39916
1,0.355626,0.381535
1,0.353819,0.468802
1,0.351767,0.409504
1,0.350642,0.367694
1,0.350035,0.368596
1,0.349587,0.513418
1,0.349145,0.350422
1,0.347966,0.350896
1,0.347289,0.357358
1,0.346236,0.378911
1,0.345852,0.413874
1,0.345059,0.414086
1,0.343936,0.375969
1,0.343361,0.392659
1,0.342517,0.498221
1,0.342504,0.346787
1,0.341376,0.341831
1,0.341257,0.402345
1,0.340015,0.347893
1,0.336111,0.354075
1,0.335496,0.499717
1,0.323211,0.34553
1,0.322512,0.342538
1,0.321505,0.358877
1,0.321304,0.43874
1,0.319773,0.325128
1,0.318502,0.34533
1,0.318186,0.389633
1,0.318044,0.320166
1,0.31737,0.504645
1,0.316791,0.37483
1,0.314953,0.372434
1,0.314786,0.401217
1,0.314559,0.397597
1,0.311958,0.328101
1,0.310518,0.334963
1,0.309368,0.356679
1,0.306694,0.367891
1,0.306389,0.438466
1,0.303611,0.442678
1,0.302602,0.620832
1,0.30146,0.336667
1,0.301384,0.319346
1,0.300537,0.559044
1,0.297188,0.33031
1,0.296412,0.29744
1,0.295962,0.313428
1,0.295203,0.328659
1,0.295144,0.32775
1,0.293719,0.367179
1,0.289273,0.302331
1,0.28855,0.353974
1,0.288438,0.382758
1,0.288322,0.358831
1,0.287628,0.316583
1,0.285918,0.337412
1,0.284188,0.285682
1,0.283018,0.286995
1,0.282183,0.291187
1,0.281917,0.295128
1,0.279854,0.290444
1,0.279535,0.317579
1,0.274905,0.310964
1,0.274729,0.28486
1,0.272087,0.291817
1,0.271029,0.290408
1,0.269226,0.283893
1,0.267627,0.302364
1,0.267327,0.294126
1,0.26563,0.270708
1,0.262776,0.270483
1,0.261737,0.316576
1,0.260508,0.270758
1,0.260301,0.269896
1,0.260166,0.30988
1,0.258705,0.262891
1,0.25823,0.33515
1,0.257788,0.329829
1,0.257146,0.323244
1,0.256451,0.324327
1,0.256247,0.269754
1,0.255626,0.263144
1,0.254469,0.269659
1,0.253733,0.323827
1,0.252476,0.289318
1,0.251457,0.315603
1,0.25064,0.328061
1,0.250585,0.291193
1,0.249337,0.303584
1,0.249302,0.290512
1,0.247927,0.271608
1,0.247378,0.247815
1,0.247202,0.279007
1,0.246301,0.251443
1,0.246176,0.295077
1,0.245877,0.275807
1,0.245322,0.268731
1,0.245286,0.273202
1,0.244936,0.318686
1,0.244335,0.33305
1,0.243386,0.302148
1,0.242351,0.271359
1,0.242166,0.287008
1,0.241941,0.296799
1,0.2419,0.288712
1,0.24138,0.253334
1,0.239153,0.357803
1,0.238015,0.295667
1,0.237418,0.277415
1,0.237342,0.240747
1,0.235576,0.292663
1,0.23465,0.400708
1,0.23445,0.25084
1,0.231888,0.249111
1,0.231682,0.451618
1,0.231483,0.251443
1,0.230034,0.234117
1,0.22984,0.230774
1,0.229395,0.268708
1,0.228288,0.248835
1,0.228118,0.230869
1,0.227596,0.246741
1,0.227363,0.344765
1,0.226835,0.278732
1,0.226491,0.276356
1,0.224062,0.239177
1,0.222603,0.272504
1,0.222582,0.238853
1,0.221454,0.252661
1,0.22134,0.24653
1,0.22118,0.229266
1,0.220977,0.277406
1,0.220434,0.242037
1,0.21855,0.225132
1,0.217976,0.245243
1,0.217496,0.270735
1,0.217411,0.274298
1,0.215955,0.262344
1,0.214491,0.223623
1,0.214071,0.244966
1,0.213096,0.232551
1,0.212619,0.252323
1,0.211072,0.29723
1,0.209244,0.212875
1,0.208877,0.219204
1,0.206038,0.226712
1,0.205396,0.32737
1,0.205087,0.248234
1,0.205058,0.217334
1,0.205041,0.208765
1,0.203708,0.218197
1,0.203529,0.239217
1,0.203365,0.212611
1,0.203274,0.205803
1,0.203058,0.22688
1,0.202715,0.266562
1,0.202363,0.205139
1,0.201213,0.205698
1,0.200197,0.205954
1,0.200196,0.202101
1,0.199285,0.346854
1,0.198165,0.289515
1,0.19698,0.267326
1,0.196827,0.268554
1,0.196392,0.280472
1,0.196237,0.241382
1,0.196158,0.239851
1,0.19561,0.202811
1,0.195547,0.254906
1,0.195342,0.258522
1,0.195264,0.236196
1,0.194806,0.206173
1,0.194738,0.250218
1,0.194239,0.224584
1,0.193991,0.206665
1,0.193667,0.199886
1,0.19227,0.195798
1,0.192251,0.234214
1,0.191748,0.192892
1,0.191295,0.192364
1,0.190117,0.241071
1,0.189839,0.320475
1,0.189838,0.192382
1,0.189799,0.242779
1,0.188493,0.21358
1,0.188457,0.208226
1,0.187925,0.228988
1,0.187829,0.190228
1,0.187787,0.214614
1,0.187496,0.194271
1,0.186425,0.210509
1,0.18579,0.197575
1,0.184144,0.252341
1,0.183646,0.355464
1,0.18239,0.21944
1,0.182312,0.2349
1,0.182185,0.231258
1,0.181502,0.194472
1,0.181095,0.200272
1,0.180971,0.269741
1,0.180964,0.200528
1,0.180591,0.202648
1,0.180561,0.262931
1,0.178683,0.199774
1,0.178475,0.227712
1,0.178194,0.183981
1,0.178147,0.179246
1,0.177805,0.182401
1,0.177392,0.228536
1,0.17702,0.200065
1,0.176134,0.183997
1,0.175755,0.181177
1,0.175631,0.242775
1,0.175347,0.221863
1,0.174835,0.271868
1,0.174776,0.175259
1,0.173778,0.21219
1,0.173638,0.175002
1,0.172909,0.192743
1,0.172439,0.203887
1,0.172383,0.175485
1,0.170837,0.183412
1,0.170435,0.1829
1,0.170053,0.233975
1,0.169234,0.176097
1,0.1689,0.2356
1,0.168856,0.196946
1,0.168775,0.185719
1,0.16846,0.190188
1,0.167948,0.179942
1,0.166322,0.172954
1,0.166111,0.186085
1,0.165997,0.207951
1,0.165651,0.202934
1,0.165483,0.171273
1,0.164737,0.220033
1,0.164684,0.226071
1,0.163993,0.278537
1,0.163099,0.172852
1,0.16301,0.16396
1,0.162853,0.199943
1,0.162194,0.232717
1,0.1619,0.167707
1,0.161826,0.182409
1,0.161813,0.163041
1,0.160984,0.170579
1,0.160756,0.185289
1,0.160745,0.28411
1,0.159313,0.163524
1,0.159087,0.16429
1,0.15856,0.187875
1,0.158218,0.166413
1,0.158021,0.16054
1,0.157554,0.178603
1,0.157337,0.167869
1,0.15726,0.200937
1,0.156924,0.172853
1,0.156697,0.209788
1,0.155731,0.159658
1,0.155176,0.238582
1,0.153954,0.214269
1,0.153468,0.227639
1,0.152679,0.15951
1,0.152414,0.154011
1,0.15161,0.172316
1,0.151411,0.214463
1,0.151127,0.195072
1,0.150367,0.156144
1,0.1503,0.166721
1,0.149952,0.189407
1,0.14986,0.159113
1,0.149644,0.163675
1,0.149605,0.149929
1,0.149309,0.153461
1,0.149296,0.183595
1,0.148977,0.160406
1,0.14888,0.179348
1,0.148249,0.163959
1,0.147642,0.189261
1,0.1476,0.169398
1,0.147074,0.153289
1,0.145938,0.175665
1,0.145655,0.152084
1,0.145627,0.166265
1,0.145056,0.163959
1,0.145003,0.168586
1,0.144294,0.16079
1,0.144077,0.169715
1,0.144043,0.15714
1,0.143371,0.156062
1,0.142974,0.172809
1,0.142126,0.143431
1,0.141721,0.147245
1,0.141243,0.145865
1,0.140644,0.14328
1,0.140485,0.145865
1,0.140445,0.15494
1,0.139462,0.143285
1,0.139095,0.162448
1,0.138385,0.1473
1,0.137936,0.162526
1,0.136974,0.162942
1,0.136082,0.169562
1,0.136014,0.157482
1,0.135939,0.170313
1,0.135261,0.187458
1,0.13501,0.141526
1,0.134932,0.160709
1,0.134113,0.149114
1,0.134088,0.137137
1,0.133501,0.210469
1,0.132532,0.136387
1,0.132242,0.220108
1,0.132056,0.144536
1,0.131903,0.133865
1,0.131646,0.142996
1,0.131491,0.208538
1,0.130868,0.132237
1,0.130819,0.156125
1,0.13078,0.141291
1,0.130615,0.15424
1,0.130481,0.133353
1,0.130345,0.147806
1,0.130123,0.136418
1,0.13009,0.148638
1,0.129976,0.179808
1,0.129443,0.147531
1,0.12914,0.131332
1,0.128674,0.135287
1,0.128597,0.141413
1,0.128511,0.134509
1,0.128422,0.153023
1,0.127209,0.141316
1,0.127206,0.13052
1,0.126462,0.171255
1,0.125905,0.141087
1,0.125859,0.158702
1,0.125511,0.130932
1,0.125234,0.14993
1,0.124419,0.144368
1,0.124319,0.195793
1,0.124112,0.136745
1,0.123753,0.14658
1,0.122625,0.1252
1,0.121833,0.157879
1,0.121831,0.130247
1,0.121197,0.124719
1,0.121094,0.155863
1,0.120682,0.120779
1,0.12066,0.128975
1,0.118651,0.135445
1,0.118641,0.143014
1,0.118467,0.136154
1,0.118322,0.137348
1,0.116377,0.117702
1,0.116304,0.127696
1,0.115934,0.122639
1,0.115801,0.118164
1,0.115597,0.118282
1,0.115442,0.126512
1,0.115313,0.116966
1,0.114833,0.144702
1,0.114738,0.116618
1,0.114452,0.120516
1,0.11427,0.15204
1,0.114196,0.120071
1,0.114061,0.121088
1,0.113632,0.127924
1,0.113359,0.125915
1,0.113108,0.130677
1,0.112379,0.141472
1,0.111871,0.136702
1,0.111615,0.11456
1,0.111256,0.114131
1,0.111175,0.111949
1,0.110167,0.110646
1,0.109909,0.11643
1,0.109789,0.125726
1,0.109244,0.137123
1,0.109199,0.119646
1,0.109146,0.119546
1,0.108672,0.15022
1,0.108426,0.117851
1,0.108337,0.137536
1,0.107901,0.115188
1,0.10762,0.133792
1,0.107398,0.113428
1,0.106959,0.109855
1,0.106799,0.122106
1,0.106002,0.11097
1,0.105631,0.108971
1,0.105562,0.108881
1,0.105369,0.115672
1,0.105119,0.130107
1,0.105049,0.138466
1,0.104176,0.115975
1,0.104176,0.112993
1,0.103491,0.134804
1,0.10249,0.129766
1,0.101683,0.1184
1,0.101672,0.105445
1,0.100889,0.112202
1,0.100874,0.104488
1,0.10057,0.116127
1,0.100325,0.102769
1,0.0995827,0.110831
1,0.099212,0.116196
1,0.0991408,0.145288
1,0.098509,0.113508
1,0.0984549,0.101853
1,0.0982944,0.102856
1,0.0981668,0.106289
1,0.0977147,0.103343
1,0.0975816,0.109146
1,0.0973509,0.0976963
1,0.0971435,0.0991768
1,0.0971241,0.114998
1,0.0967151,0.141121
1,0.09602,0.122181
1,0.0957944,0.107711
1,0.0957812,0.123071
1,0.0957671,0.117831
1,0.0957428,0.119835
1,0.0955053,0.102021
1,0.0942844,0.113435
1,0.0937914,0.100962
1,0.0935543,0.10305
1,0.0934444,0.0952572
1,0.0934056,0.0956884
1,0.0931146,0.105715
1,0.0930808,0.10196
1,0.0927327,0.0991902
1,0.0925058,0.0998744
1,0.0924634,0.0965265
1,0.0921759,0.117287
1,0.0921389,0.109783
1,0.0919364,0.116121
1,0.0918419,0.0924871
1,0.0917279,0.1103
1,0.0911888,0.0975035
1,0.0909276,0.100615
1,0.0902388,0.0918475
1,0.0901468,0.0911151
1,0.0900616,0.0922345
1,0.089814,0.0906048
1,0.0897807,0.0936565
1,0.0895203,0.091982
1,0.0894139,0.115184
1,0.0885961,0.119884
1,0.0883578,0.0932139
1,0.0870354,0.0986138
1,0.0864692,0.107319
1,0.0862634,0.0984569
1,0.0861118,0.0896008
1,0.0859515,0.0915457
1,0.085476,0.0915707
1,0.0853642,0.116461
1,0.0853535,0.0879169
1,0.0852825,0.0933052
1,0.0851604,0.113174
1,0.0851538,0.103818
1,0.0850666,0.0911526
1,0.0850309,0.103492
1,0.0850018,0.0918475
1,0.0845413,0.0970749
1,0.0835581,0.10314
1,0.0832031,0.0866259
1,0.0826352,0.10048
1,0.082425,0.0906123
1,0.0822812,0.09197
1,0.0817241,0.110905
1,0.0817015,0.0879169
1,0.0816337,0.0904244
1,0.081418,0.0899104
1,0.0811456,0.0957536
1,0.0807726,0.0921097
1,0.0807065,0.0906976
1,0.0803129,0.0850085
1,0.0800318,0.103842
1,0.0799554,0.105766
1,0.0798287,0.109114
1,0.0798221,0.118499
1,0.079512,0.0898334
1,0.0794592,0.101945
1,0.0788817,0.0967436
1,0.0784769,0.0826314
1,0.078408,0.107573
1,0.0784072,0.0847232
1,0.0781946,0.117496
1,0.0781795,0.0985117
1,0.0780609,0.103713
1,0.0780593,0.0844227
1,0.0780402,0.107394
1,0.0775506,0.104488
1,0.0773147,0.0806423
1,0.0763373,0.0873549
1,0.0760798,0.101087
1,0.0759393,0.0876963
1,0.075846,0.0820674
1,0.0757233,0.0790671
1,0.075431,0.0921919
1,0.0747415,0.0954799
1,0.0736492,0.0912396
1,0.0736229,0.10914
1,0.07298,0.0762373
1,0.0724643,0.0806146
1,0.0717973,0.0878029
1,0.0716771,0.0766987
1,0.0706604,0.0753682
1,0.0695994,0.12055
1,0.0695463,0.0733389
1,0.0694634,0.0814446
1,0.0694447,0.0779272
1,0.0693964,0.0778884
1,0.0691442,0.0706908
1,0.0689869,0.0860783
1,0.0686012,0.0837637
1,0.0680989,0.0735292
1,0.066851,0.0719619
1,0.066752,0.0824369
1,0.0665315,0.0923447
1,0.0665272,0.0699925
1,0.0665134,0.072385
1,0.0663099,0.0731294
1,0.0654827,0.073803
1,0.0653867,0.0686878
1,0.0652825,0.0676337
1,0.0651218,0.0754505
1,0.0650481,0.0715895
1,0.065001,0.066531
1,0.0649094,0.0842982
1,0.0645216,0.0996182
1,0.0641521,0.0707331
1,0.0639246,0.0647722
1,0.062661,0.0706879
1,0.0626521,0.0688145
1,0.0619704,0.074954
1,0.0618495,0.0727508
1,0.0618193,0.0686162
1,0.0617827,0.0697179
1,0.0610604,0.0622756
1,0.0608575,0.0670029
1,0.0608387,0.0712666
1,0.0605574,0.0684071
1,0.0604495,0.0726344
1,0.0603643,0.083993
1,0.0596551,0.071225
1,0.058914,0.0849356
1,0.0586131,0.0713133
1,0.0583452,0.0753292
1,0.0582039,0.0644222
1,0.0581899,0.063825
1,0.0577783,0.0622322
1,0.0577485,0.0699985
1,0.0573311,0.074299
1,0.0572333,0.059151
1,0.0571778,0.0617281
1,0.0570137,0.0637138
1,0.0567952,0.0755245
1,0.0567514,0.064973
1,0.0566321,0.0689339
1,0.0564892,0.058145
1,0.0564443,0.101535
1,0.0563633,0.0599762
1,0.0563371,0.0660926
1,0.0562153,0.0580186
1,0.0560423,0.0573452
1,0.0557036,0.0678849
1,0.0556835,0.098985
1,0.055388,0.0740922
1,0.0549429,0.0609038
1,0.0548115,0.057132
1,0.0547862,0.0800069
1,0.0547589,0.0626685
1,0.054696,0.0645684
1,0.0546642,0.0632171
1,0.0542099,0.0553294
1,0.0538906,0.0560359
1,0.0538055,0.0605893
1,0.0537561,0.0675094
1,0.0536521,0.0837085
1,0.0536418,0.0648528
1,0.0534026,0.0670316
1,0.0529111,0.0633353
1,0.0528003,0.0535721
1,0.052785,0.0686174
1,0.0527209,0.057132
1,0.0526699,0.0695088
1,0.0523605,0.052679
1,0.0522753,0.0576066
1,0.0522688,0.0740922
1,0.0511135,0.0674008
1,0.0510061,0.057537
1,0.0506818,0.0630342
1,0.0506103,0.0626787
1,0.0505181,0.0525008
1,0.050277,0.0610124
1,0.0488486,0.0541291
1,0.0486318,0.06248
1,0.0484037,0.0660128
1,0.0483158,0.0627015
1,0.0474385,0.0575338
1,0.0470723,0.0686371
1,0.0468165,0.0553796
1,0.0454089,0.0568807
1,0.0439746,0.0464775
1,0.0439049,0.04526
1,0.043852,0.0454852
1,0.0428815,0.0462848
1,0.0419994,0.0461594
1,0.0419409,0.0433525
1,0.0410664,0.0413671
1,0.0403243,0.0439696
1,0.0402926,0.0430017
1,0.038958,0.0403668
1,0.0371895,0.0413038
1,0.0236126,0.028499
2,1.16485,1.20421
2,0.755574,0.769181
2,0.730555,0.76615
2,0.708433,0.758081
2,0.67874,0.707463
2,0.609862,0.649025
2,0.607564,0.689319
2,0.594163,0.631255
2,0.579369,0.645235
2,0.554141,0.568918
2,0.542044,0.548572
2,0.532755,0.541314
2,0.520593,0.582111
2,0.499525,0.515046
2,0.491199,0.505692
2,0.469802,0.493757
2,0.468862,0.47395
2,0.464696,0.47048
2,0.451938,0.459417
2,0.446877,0.469724
2,0.446368,0.451815
2,0.445272,0.456201
2,0.444224,0.476353
2,0.443316,0.471872
2,0.437739,0.449636
2,0.431094,0.478277
2,0.41536,0.41997
2,0.398192,0.406222
2,0.377132,0.408177
2,0.365264,0.386554
2,0.364957,0.372392
2,0.362926,0.376283
2,0.360607,0.376448
2,0.35601,0.362101
2,0.333606,0.361467
2,0.33114,0.340975
2,0.330033,0.332829
2,0.329882,0.337153
2,0.319214,0.336785
2,0.309598,0.31536
2,0.308151,0.308894
2,0.304975,0.332192
2,0.3005,0.377808
2,0.299894,0.35453
2,0.293459,0.32217
2,0.290539,0.301343
2,0.290042,0.290356
2,0.284564,0.290589
2,0.275403,0.28895
2,0.274528,0.315141
2,0.271527,0.276198
2,0.266718,0.277503
2,0.26593,0.274719
2,0.264139,0.264584
2,0.263345,0.274422
2,0.262292,0.263624
2,0.26044,0.270599
2,0.25775,0.262971
2,0.257638,0.259629
2,0.255546,0.260516
2,0.240036,0.256153
2,0.238741,0.23948
2,0.237011,0.258466
2,0.23049,0.241564
2,0.225595,0.228805
2,0.218197,0.223709
2,0.201518,0.236895
2,0.199807,0.217829
2,0.196144,0.211951
2,0.187607,0.192785
2,0.177973,0.200587
2,0.175404,0.183773
2,0.172623,0.174997
2,0.170525,0.177544
2,0.170083,0.185905
2,0.169503,0.17726
2,0.159361,0.161344
2,0.154258,0.162629
2,0.145811,0.15434
2,0.138704,0.143116
2,0.136947,0.139046
2,0.131922,0.142452
2,0.131326,0.132685
2,0.129542,0.135708
2,0.129443,0.14243
2,0.125887,0.135587
2,0.125591,0.129175
2,0.125483,0.129284
2,0.121533,0.123548
2,0.121303,0.133546
2,0.120962,0.123415
2,0.120028,0.1251
2,0.119402,0.120502
2,0.119107,0.121821
2,0.117613,0.120912
2,0.116927,0.121587
2,0.115938,0.126333
2,0.114729,0.116997
2,0.111106,0.115041
2,0.109778,0.120906
2,0.109083,0.113246
2,0.10677,0.121072
2,0.105766,0.10938
2,0.105348,0.105732
2,0.105348,0.111325
2,0.104796,0.111933
2,0.103613,0.109504
2,0.100102,0.116157
2,0.0974061,0.111643
2,0.0897856,0.0939251
2,0.0793545,0.0797046
2,0.078264,0.0890016
2,0.0782171,0.0786361
2,0.0771452,0.0878842
2,0.0758767,0.0777076
2,0.0752725,0.0761887
2,0.0746048,0.0797879
2,0.0631583,0.0652612
