point cloud with 1692 points in dimension 3
0,0,0.00254984
0,0,0.00420707
0,0,0.00475194
0,0,0.00516538
0,0,0.00539961
0,0,0.00606257
0,0,0.00611618
0,0,0.00619036
0,0,0.00646916
0,0,0.00682324
0,0,0.00710588
0,0,0.00766576
0,0,0.00774963
0,0,0.0082067
0,0,0.00934612
0,0,0.00947288
0,0,0.00951105
0,0,0.009546
0,0,0.00957103
0,0,0.0097073
0,0,0.00980847
0,0,0.0103862
0,0,0.0106068
0,0,0.0107045
0,0,0.0110726
0,0,0.0111358
0,0,0.0116131
0,0,0.0118932
0,0,0.0119838
0,0,0.0119928
0,0,0.0124872
0,0,0.0128488
0,0,0.0130053
0,0,0.0132964
0,0,0.0138105
0,0,0.013883
0,0,0.0141045
0,0,0.0144673
0,0,0.0145845
0,0,0.01459
0,0,0.0147901
0,0,0.0149015
0,0,0.0149108
0,0,0.0152244
0,0,0.0153687
0,0,0.0154882
0,0,0.0158608
0,0,0.0161223
0,0,0.0161263
0,0,0.0161509
0,0,0.0163908
0,0,0.0164852
0,0,0.0165293
0,0,0.0165408
0,0,0.016588
0,0,0.0166597
0,0,0.0169739
0,0,0.0170684
0,0,0.0171441
0,0,0.0177291
0,0,0.0179572
0,0,0.0179628
0,0,0.0179775
0,0,0.0179851
0,0,0.0182342
0,0,0.0182359
0,0,0.0183922
0,0,0.0186903
0,0,0.0189333
0,0,0.019181
0,0,0.0193017
0,0,0.0193283
0,0,0.0196348
0,0,0.01971
0,0,0.0197322
0,0,0.0198361
0,0,0.0198808
0,0,0.0199446
0,0,0.019987
0,0,0.0200341
0,0,0.0200693
0,0,0.0201575
0,0,0.0202193
0,0,0.0202566
0,0,0.0202956
0,0,0.0204315
0,0,0.0204923
0,0,0.0205272
0,0,0.0205435
0,0,0.0206153
0,0,0.0209172
0,0,0.0210526
0,0,0.0211628
0,0,0.0213571
0,0,0.0213873
0,0,0.0214454
0,0,0.0215392
0,0,0.0215487
0,0,0.0216199
0,0,0.0216933
0,0,0.0219509
0,0,0.0220425
0,0,0.0220862
0,0,0.0221579
0,0,0.0222059
0,0,0.0222084
0,0,0.0222352
0,0,0.022355
0,0,0.0224532
0,0,0.0224873
0,0,0.0224977
0,0,0.0225703
0,0,0.0225729
0,0,0.0225956
0,0,0.0227055
0,0,0.0227164
0,0,0.0228158
0,0,0.0229462
0,0,0.0229567
0,0,0.0231442
0,0,0.0231782
0,0,0.0232028
0,0,0.0232109
0,0,0.0232489
0,0,0.0233187
0,0,0.0236402
0,0,0.023642
0,0,0.0237312
0,0,0.0239838
0,0,0.0239922
0,0,0.0241513
0,0,0.0242303
0,0,0.0243741
0,0,0.0244625
0,0,0.0245915
0,0,0.0247148
0,0,0.0247629
0,0,0.0248734
0,0,0.0252249
0,0,0.0252286
0,0,0.0252518
0,0,0.0253649
0,0,0.0255455
0,0,0.025572
0,0,0.0259275
0,0,0.0259456
0,0,0.0260492
0,0,0.0260599
0,0,0.0260735
0,0,0.0263558
0,0,0.026442
0,0,0.026576
0,0,0.0267037
0,0,0.0267685
0,0,0.0268485
0,0,0.0269466
0,0,0.0276591
0,0,0.0276653
0,0,0.0277016
0,0,0.0277211
0,0,0.0277761
0,0,0.0278991
0,0,0.0279927
0,0,0.0280895
0,0,0.0282942
0,0,0.0285171
0,0,0.0285576
0,0,0.0285676
0,0,0.0287809
0,0,0.0288286
0,0,0.0290143
0,0,0.0290594
0,0,0.0291626
0,0,0.0291876
0,0,0.029358
0,0,0.0294628
0,0,0.0295664
0,0,0.0297073
0,0,0.0297907
0,0,0.0298826
0,0,0.0298885
0,0,0.0299445
0,0,0.0299605
0,0,0.0299698
0,0,0.030248
0,0,0.0303266
0,0,0.0306096
0,0,0.030835
0,0,0.0308952
0,0,0.0310444
0,0,0.0310925
0,0,0.0311305
0,0,0.0311416
0,0,0.0312761
0,0,0.0315402
0,0,0.0316513
0,0,0.0316806
0,0,0.0316816
0,0,0.0317368
0,0,0.0317523
0,0,0.0317933
0,0,0.0319101
0,0,0.0319181
0,0,0.032001
0,0,0.0322524
0,0,0.0323423
0,0,0.0323735
0,0,0.0323752
0,0,0.0323991
0,0,0.032472
0,0,0.0326261
0,0,0.0326687
0,0,0.0327042
0,0,0.0327069
0,0,0.0327206
0,0,0.0327801
0,0,0.0328906
0,0,0.033048
0,0,0.0331079
0,0,0.0332236
0,0,0.0332564
0,0,0.0336377
0,0,0.0337541
0,0,0.0337808
0,0,0.0338494
0,0,0.033901
0,0,0.0339112
0,0,0.0340261
0,0,0.034094
0,0,0.034094
0,0,0.0341836
0,0,0.0342021
0,0,0.0342424
0,0,0.0343745
0,0,0.0343749
0,0,0.0344532
0,0,0.0345768
0,0,0.0350054
0,0,0.0350524
0,0,0.0352037
0,0,0.0352276
0,0,0.0352378
0,0,0.0352711
0,0,0.0352983
0,0,0.0353516
0,0,0.0353556
0,0,0.0354239
0,0,0.0355026
0,0,0.0355068
0,0,0.0355816
0,0,0.0356056
0,0,0.0358292
0,0,0.0358346
0,0,0.0358522
0,0,0.0360155
0,0,0.0360283
0,0,0.0360619
0,0,0.036288
0,0,0.036352
0,0,0.0365639
0,0,0.0366107
0,0,0.0367698
0,0,0.0368229
0,0,0.0368766
0,0,0.0368982
0,0,0.0369906
0,0,0.0370743
0,0,0.0371199
0,0,0.0371303
0,0,0.0373681
0,0,0.0374992
0,0,0.0376075
0,0,0.0376637
0,0,0.0377094
0,0,0.0378591
0,0,0.0379666
0,0,0.0379935
0,0,0.0379971
0,0,0.0380436
0,0,0.0380864
0,0,0.0381533
0,0,0.0383277
0,0,0.0384028
0,0,0.0384388
0,0,0.0385212
0,0,0.0386944
0,0,0.0386988
0,0,0.0387535
0,0,0.0387563
0,0,0.0387575
0,0,0.0387965
0,0,0.0389087
0,0,0.0390658
0,0,0.039104
0,0,0.0391155
0,0,0.0393791
0,0,0.0394993
0,0,0.0395573
0,0,0.0396061
0,0,0.03971
0,0,0.0399056
0,0,0.0399821
0,0,0.0401129
0,0,0.0402204
0,0,0.0403617
0,0,0.0404359
0,0,0.0405369
0,0,0.0405703
0,0,0.0405714
0,0,0.0407667
0,0,0.040939
0,0,0.0414668
0,0,0.0414674
0,0,0.0414915
0,0,0.0415119
0,0,0.0415209
0,0,0.0415674
0,0,0.0416669
0,0,0.041732
0,0,0.0418341
0,0,0.0418521
0,0,0.0419131
0,0,0.0419263
0,0,0.0420343
0,0,0.0420418
0,0,0.0420559
0,0,0.0420765
0,0,0.0421814
0,0,0.0422904
0,0,0.0426032
0,0,0.0426478
0,0,0.0426767
0,0,0.0427275
0,0,0.0428193
0,0,0.0429083
0,0,0.0429678
0,0,0.0430875
0,0,0.0430983
0,0,0.0431838
0,0,0.043185
0,0,0.0433212
0,0,0.0433832
0,0,0.0433973
0,0,0.0433981
0,0,0.0434088
0,0,0.0434111
0,0,0.0434433
0,0,0.0434772
0,0,0.0435043
0,0,0.0436728
0,0,0.0436761
0,0,0.0437168
0,0,0.0438052
0,0,0.043874
0,0,0.0438768
0,0,0.0441376
0,0,0.0441758
0,0,0.0442036
0,0,0.0442792
0,0,0.044338
0,0,0.0443654
0,0,0.04439
0,0,0.0443936
0,0,0.0445233
0,0,0.0445359
0,0,0.0445586
0,0,0.0447616
0,0,0.0447969
0,0,0.0448482
0,0,0.0451328
0,0,0.0451731
0,0,0.0452091
0,0,0.0453165
0,0,0.0453421
0,0,0.0453617
0,0,0.0453933
0,0,0.0454729
0,0,0.0455619
0,0,0.0455625
0,0,0.0455953
0,0,0.0456007
0,0,0.0456012
0,0,0.0456464
0,0,0.0456606
0,0,0.0457779
0,0,0.0458431
0,0,0.0459624
0,0,0.0462198
0,0,0.0463174
0,0,0.0463557
0,0,0.0463916
0,0,0.0464209
0,0,0.0464389
0,0,0.046558
0,0,0.0466034
0,0,0.0466672
0,0,0.0467109
0,0,0.0467463
0,0,0.0467687
0,0,0.0467706
0,0,0.047004
0,0,0.047027
0,0,0.047027
0,0,0.0470848
0,0,0.0471676
0,0,0.0474246
0,0,0.047456
0,0,0.047746
0,0,0.0479707
0,0,0.0479775
0,0,0.04804
0,0,0.0481922
0,0,0.0481925
0,0,0.0483567
0,0,0.0483883
0,0,0.0484593
0,0,0.0484722
0,0,0.0485194
0,0,0.0486603
0,0,0.0486629
0,0,0.0486789
0,0,0.0488109
0,0,0.0488939
0,0,0.0489592
0,0,0.0489846
0,0,0.0490686
0,0,0.0490708
0,0,0.0492769
0,0,0.0495606
0,0,0.0498031
0,0,0.0498629
0,0,0.0498657
0,0,0.0498734
0,0,0.0499055
0,0,0.0499249
0,0,0.0503386
0,0,0.050357
0,0,0.0503885
0,0,0.0504223
0,0,0.0504359
0,0,0.0505166
0,0,0.0505407
0,0,0.0507641
0,0,0.0507786
0,0,0.0509352
0,0,0.0511145
0,0,0.0511495
0,0,0.0513563
0,0,0.051374
0,0,0.0513877
0,0,0.0514054
0,0,0.0516004
0,0,0.0516051
0,0,0.0516306
0,0,0.0516797
0,0,0.0517255
0,0,0.0517618
0,0,0.0517914
0,0,0.0519925
0,0,0.0520964
0,0,0.0521393
0,0,0.052252
0,0,0.0523259
0,0,0.0524281
0,0,0.0524506
0,0,0.0524678
0,0,0.0525129
0,0,0.0525804
0,0,0.0526971
0,0,0.0527705
0,0,0.052875
0,0,0.0530018
0,0,0.0530588
0,0,0.0531353
0,0,0.0531765
0,0,0.0532093
0,0,0.0535695
0,0,0.05357
0,0,0.0536186
0,0,0.0536932
0,0,0.0538098
0,0,0.0539451
0,0,0.0540229
0,0,0.0540301
0,0,0.0540388
0,0,0.0540453
0,0,0.0541294
0,0,0.0541613
0,0,0.0541886
0,0,0.0542417
0,0,0.0543141
0,0,0.0543147
0,0,0.0544769
0,0,0.0545617
0,0,0.0547964
0,0,0.0547981
0,0,0.0551505
0,0,0.055186
0,0,0.0553131
0,0,0.0554908
0,0,0.0556103
0,0,0.0557231
0,0,0.0559179
0,0,0.0561093
0,0,0.056215
0,0,0.0562516
0,0,0.0563263
0,0,0.0563681
0,0,0.0564541
0,0,0.0566127
0,0,0.0566726
0,0,0.0569105
0,0,0.0569105
0,0,0.0569153
0,0,0.0571832
0,0,0.0575063
0,0,0.0575907
0,0,0.0576652
0,0,0.0578064
0,0,0.0578702
0,0,0.057978
0,0,0.0582221
0,0,0.0582881
0,0,0.0584186
0,0,0.0587579
0,0,0.0590207
0,0,0.0590372
0,0,0.0591895
0,0,0.0594646
0,0,0.0595072
0,0,0.0595207
0,0,0.0595511
0,0,0.0595585
0,0,0.0595796
0,0,0.059709
0,0,0.0597504
0,0,0.0598092
0,0,0.0598735
0,0,0.0599952
0,0,0.0601467
0,0,0.0602606
0,0,0.0603053
0,0,0.0608454
0,0,0.0609207
0,0,0.0611109
0,0,0.0611495
0,0,0.061173
0,0,0.0612369
0,0,0.0613362
0,0,0.0613544
0,0,0.0613668
0,0,0.0614294
0,0,0.0616538
0,0,0.0617384
0,0,0.0618246
0,0,0.0619703
0,0,0.0619752
0,0,0.0622051
0,0,0.0623637
0,0,0.0624752
0,0,0.0624996
0,0,0.0625368
0,0,0.0627308
0,0,0.0627676
0,0,0.06296
0,0,0.0630664
0,0,0.0630819
0,0,0.0632565
0,0,0.0633797
0,0,0.0637934
0,0,0.0640036
0,0,0.0640347
0,0,0.0641327
0,0,0.0642584
0,0,0.0644164
0,0,0.0644208
0,0,0.0644664
0,0,0.0646834
0,0,0.0646957
0,0,0.0647492
0,0,0.064787
0,0,0.0648433
0,0,0.0648992
0,0,0.0649033
0,0,0.0649848
0,0,0.0651715
0,0,0.0652554
0,0,0.0653862
0,0,0.0653887
0,0,0.0654581
0,0,0.0654658
0,0,0.0654816
0,0,0.0655014
0,0,0.0657612
0,0,0.0657812
0,0,0.0659243
0,0,0.0660961
0,0,0.066245
0,0,0.0663996
0,0,0.0664737
0,0,0.0666892
0,0,0.0667966
0,0,0.0668299
0,0,0.0668699
0,0,0.0669687
0,0,0.0670729
0,0,0.0671119
0,0,0.0671338
0,0,0.0672443
0,0,0.0674418
0,0,0.0674473
0,0,0.0675284
0,0,0.0676263
0,0,0.0677796
0,0,0.0678157
0,0,0.0678292
0,0,0.0681143
0,0,0.0681518
0,0,0.0681609
0,0,0.0681743
0,0,0.0682884
0,0,0.0683649
0,0,0.0685118
0,0,0.0685241
0,0,0.0685677
0,0,0.0686488
0,0,0.0686663
0,0,0.0687135
0,0,0.0689389
0,0,0.0689624
0,0,0.0690114
0,0,0.0690402
0,0,0.0691797
0,0,0.0691909
0,0,0.0692234
0,0,0.0693896
0,0,0.0694993
0,0,0.0695405
0,0,0.0696236
0,0,0.0696648
0,0,0.0699546
0,0,0.0700098
0,0,0.0701049
0,0,0.0702842
0,0,0.0705664
0,0,0.0708014
0,0,0.0709529
0,0,0.0709716
0,0,0.0709717
0,0,0.0715526
0,0,0.0715686
0,0,0.0716387
0,0,0.0719218
0,0,0.0720934
0,0,0.0721018
0,0,0.0721738
0,0,0.0722657
0,0,0.0722962
0,0,0.0723629
0,0,0.0724473
0,0,0.0724477
0,0,0.0724841
0,0,0.0728162
0,0,0.0728755
0,0,0.0730774
0,0,0.0731663
0,0,0.0734415
0,0,0.0734495
0,0,0.0734587
0,0,0.073518
0,0,0.0735425
0,0,0.0738558
0,0,0.0739089
0,0,0.0739283
0,0,0.0740533
0,0,0.0741772
0,0,0.074315
0,0,0.0743835
0,0,0.0744864
0,0,0.0745469
0,0,0.074583
0,0,0.0748407
0,0,0.0748418
0,0,0.0749357
0,0,0.0749464
0,0,0.0749717
0,0,0.0751531
0,0,0.0755296
0,0,0.0758517
0,0,0.0758997
0,0,0.0762493
0,0,0.0763473
0,0,0.0764107
0,0,0.0767524
0,0,0.0768413
0,0,0.0769168
0,0,0.0771272
0,0,0.077155
0,0,0.0772217
0,0,0.0773579
0,0,0.0773648
0,0,0.0775205
0,0,0.077546
0,0,0.0776407
0,0,0.0777703
0,0,0.0779034
0,0,0.0779713
0,0,0.0782161
0,0,0.0782612
0,0,0.0782979
0,0,0.0783397
0,0,0.078636
0,0,0.0788174
0,0,0.07892
0,0,0.0789349
0,0,0.0789613
0,0,0.0790752
0,0,0.0792755
0,0,0.0792858
0,0,0.079331
0,0,0.0793486
0,0,0.0795026
0,0,0.0796631
0,0,0.0797184
0,0,0.0797755
0,0,0.0799452
0,0,0.0800075
0,0,0.0800673
0,0,0.0800769
0,0,0.0800791
0,0,0.0803211
0,0,0.0804617
0,0,0.0804692
0,0,0.0806618
0,0,0.0809547
0,0,0.0810036
0,0,0.0810452
0,0,0.0812726
0,0,0.0812783
0,0,0.0814066
0,0,0.0815042
0,0,0.0817156
0,0,0.0819367
0,0,0.0822008
0,0,0.0824321
0,0,0.0824595
0,0,0.0825427
0,0,0.0826386
0,0,0.0827053
0,0,0.0827581
0,0,0.0829507
0,0,0.0829845
0,0,0.0831716
0,0,0.0834174
0,0,0.0835088
0,0,0.083589
0,0,0.0835959
0,0,0.0837048
0,0,0.0837139
0,0,0.0842306
0,0,0.0843128
0,0,0.0844015
0,0,0.0844273
0,0,0.0844847
0,0,0.0846325
0,0,0.0846714
0,0,0.084783
0,0,0.0848237
0,0,0.084918
0,0,0.0852526
0,0,0.0853226
0,0,0.0853431
0,0,0.0856562
0,0,0.0859646
0,0,0.0861137
0,0,0.0861656
0,0,0.0861735
0,0,0.0862574
0,0,0.0865435
0,0,0.0871899
0,0,0.0873016
0,0,0.0874673
0,0,0.0878054
0,0,0.0880005
0,0,0.0880716
0,0,0.0881116
0,0,0.0885233
0,0,0.0891513
0,0,0.0893654
0,0,0.0895756
0,0,0.0895959
0,0,0.0897366
0,0,0.0897987
0,0,0.0898153
0,0,0.0899089
0,0,0.0900552
0,0,0.0900601
0,0,0.0901692
0,0,0.0902504
0,0,0.0902585
0,0,0.0903027
0,0,0.0906347
0,0,0.0906482
0,0,0.0909254
0,0,0.0911846
0,0,0.0912507
0,0,0.0913547
0,0,0.091423
0,0,0.0914439
0,0,0.091524
0,0,0.0915425
0,0,0.0917721
0,0,0.0919944
0,0,0.0920892
0,0,0.092178
0,0,0.0922513
0,0,0.092417
0,0,0.0924337
0,0,0.0926389
0,0,0.0927884
0,0,0.0927998
0,0,0.0930981
0,0,0.0933202
0,0,0.0937243
0,0,0.093845
0,0,0.0938461
0,0,0.0938513
0,0,0.0938941
0,0,0.0941042
0,0,0.0944664
0,0,0.0946579
0,0,0.0946837
0,0,0.0948207
0,0,0.0948881
0,0,0.0949003
0,0,0.0950932
0,0,0.0952642
0,0,0.0955713
0,0,0.0956871
0,0,0.0957557
0,0,0.0957783
0,0,0.0957931
0,0,0.0959778
0,0,0.0960744
0,0,0.0961297
0,0,0.0965441
0,0,0.096826
0,0,0.0968887
0,0,0.0969489
0,0,0.0969642
0,0,0.0970521
0,0,0.0970869
0,0,0.0973524
0,0,0.0974946
0,0,0.097617
0,0,0.0976364
0,0,0.0977803
0,0,0.0978418
0,0,0.0979263
0,0,0.0980141
0,0,0.0980779
0,0,0.0981247
0,0,0.0983754
0,0,0.0987286
0,0,0.098751
0,0,0.0987739
0,0,0.0988142
0,0,0.0989734
0,0,0.0989804
0,0,0.0990539
0,0,0.0990604
0,0,0.0990813
0,0,0.0992519
0,0,0.099528
0,0,0.0995581
0,0,0.0997263
0,0,0.0997983
0,0,0.099882
0,0,0.0998968
0,0,0.100106
0,0,0.100228
0,0,0.100271
0,0,0.100576
0,0,0.100683
0,0,0.100881
0,0,0.101057
0,0,0.101321
0,0,0.101345
0,0,0.101628
0,0,0.101628
0,0,0.101707
0,0,0.101833
0,0,0.101906
0,0,0.102042
0,0,0.102089
0,0,0.102189
0,0,0.102306
0,0,0.102347
0,0,0.102481
0,0,0.102626
0,0,0.102949
0,0,0.102955
0,0,0.102965
0,0,0.103083
0,0,0.103395
0,0,0.10343
0,0,0.103485
0,0,0.103971
0,0,0.104172
0,0,0.104353
0,0,0.104421
0,0,0.104502
0,0,0.10464
0,0,0.104746
0,0,0.104891
0,0,0.104998
0,0,0.105034
0,0,0.105538
0,0,0.105963
0,0,0.106117
0,0,0.106284
0,0,0.106488
0,0,0.10658
0,0,0.106594
0,0,0.107008
0,0,0.107049
0,0,0.107125
0,0,0.10721
0,0,0.107216
0,0,0.107238
0,0,0.107338
0,0,0.107429
0,0,0.107663
0,0,0.107783
0,0,0.107818
0,0,0.108076
0,0,0.108198
0,0,0.108251
0,0,0.108416
0,0,0.108593
0,0,0.108785
0,0,0.108898
0,0,0.109078
0,0,0.109358
0,0,0.109452
0,0,0.109462
0,0,0.109476
0,0,0.109507
0,0,0.10976
0,0,0.109877
0,0,0.110503
0,0,0.110531
0,0,0.110593
0,0,0.110645
0,0,0.110688
0,0,0.1108
0,0,0.110924
0,0,0.110975
0,0,0.111006
0,0,0.111133
0,0,0.11136
0,0,0.111462
0,0,0.112256
0,0,0.112346
0,0,0.112355
0,0,0.112574
0,0,0.112769
0,0,0.112838
0,0,0.112918
0,0,0.113746
0,0,0.113971
0,0,0.114016
0,0,0.114065
0,0,0.114929
0,0,0.115104
0,0,0.115242
0,0,0.115397
0,0,0.115422
0,0,0.11578
0,0,0.115787
0,0,0.115896
0,0,0.116096
0,0,0.116417
0,0,0.116537
0,0,0.116879
0,0,0.117041
0,0,0.117307
0,0,0.117308
0,0,0.117355
0,0,0.117487
0,0,0.117524
0,0,0.117899
0,0,0.118213
0,0,0.118344
0,0,0.118598
0,0,0.118749
0,0,0.119143
0,0,0.119185
0,0,0.119284
0,0,0.119412
0,0,0.119614
0,0,0.12034
0,0,0.120406
0,0,0.120503
0,0,0.120651
0,0,0.120677
0,0,0.120904
0,0,0.12097
0,0,0.121556
0,0,0.121693
0,0,0.121961
0,0,0.122269
0,0,0.122476
0,0,0.122638
0,0,0.122669
0,0,0.122968
0,0,0.122989
0,0,0.123052
0,0,0.123479
0,0,0.123496
0,0,0.123541
0,0,0.124554
0,0,0.12471
0,0,0.124733
0,0,0.125417
0,0,0.125515
0,0,0.125657
0,0,0.125766
0,0,0.125781
0,0,0.126147
0,0,0.126372
0,0,0.126553
0,0,0.126556
0,0,0.126898
0,0,0.127028
0,0,0.127034
0,0,0.127448
0,0,0.127642
0,0,0.127671
0,0,0.127726
0,0,0.127817
0,0,0.127921
0,0,0.128207
0,0,0.128351
0,0,0.128416
0,0,0.128475
0,0,0.128694
0,0,0.128781
0,0,0.128962
0,0,0.129051
0,0,0.129086
0,0,0.129632
0,0,0.129733
0,0,0.129867
0,0,0.129889
0,0,0.130079
0,0,0.130476
0,0,0.130602
0,0,0.130635
0,0,0.130706
0,0,0.130887
0,0,0.131366
0,0,0.131771
0,0,0.132453
0,0,0.132463
0,0,0.132694
0,0,0.132918
0,0,0.132978
0,0,0.133066
0,0,0.13341
0,0,0.133524
0,0,0.13363
0,0,0.133676
0,0,0.134027
0,0,0.134235
0,0,0.134503
0,0,0.134612
0,0,0.1347
0,0,0.134704
0,0,0.134793
0,0,0.134878
0,0,0.135078
0,0,0.135211
0,0,0.135404
0,0,0.135479
0,0,0.135482
0,0,0.135536
0,0,0.135547
0,0,0.135708
0,0,0.135798
0,0,0.136039
0,0,0.136043
0,0,0.136476
0,0,0.13651
0,0,0.136603
0,0,0.13735
0,0,0.137529
0,0,0.137896
0,0,0.138002
0,0,0.138495
0,0,0.13858
0,0,0.138597
0,0,0.13876
0,0,0.139049
0,0,0.139614
0,0,0.139622
0,0,0.140242
0,0,0.140527
0,0,0.140668
0,0,0.140784
0,0,0.141005
0,0,0.141237
0,0,0.141487
0,0,0.141584
0,0,0.141626
0,0,0.141682
0,0,0.14182
0,0,0.141987
0,0,0.142091
0,0,0.142266
0,0,0.142671
0,0,0.142965
0,0,0.143213
0,0,0.14351
0,0,0.143523
0,0,0.143969
0,0,0.144844
0,0,0.145326
0,0,0.145551
0,0,0.145711
0,0,0.145845
0,0,0.14634
0,0,0.146421
0,0,0.146683
0,0,0.146838
0,0,0.146907
0,0,0.147275
0,0,0.147335
0,0,0.148329
0,0,0.148441
0,0,0.148443
0,0,0.148483
0,0,0.148705
0,0,0.148799
0,0,0.148847
0,0,0.148868
0,0,0.150148
0,0,0.150218
0,0,0.15031
0,0,0.150374
0,0,0.15183
0,0,0.151893
0,0,0.152468
0,0,0.15278
0,0,0.152985
0,0,0.15304
0,0,0.153048
0,0,0.153059
0,0,0.15402
0,0,0.154111
0,0,0.154233
0,0,0.154648
0,0,0.15492
0,0,0.155178
0,0,0.155741
0,0,0.156244
0,0,0.156319
0,0,0.15655
0,0,0.157351
0,0,0.157428
0,0,0.157621
0,0,0.157648
0,0,0.157862
0,0,0.158009
0,0,0.158207
0,0,0.158249
0,0,0.158392
0,0,0.158884
0,0,0.158909
0,0,0.158913
0,0,0.159001
0,0,0.159134
0,0,0.159327
0,0,0.159466
0,0,0.159812
0,0,0.160048
0,0,0.160669
0,0,0.161058
0,0,0.16117
0,0,0.161775
0,0,0.161809
0,0,0.162039
0,0,0.16206
0,0,0.162391
0,0,0.162472
0,0,0.162782
0,0,0.162873
0,0,0.162919
0,0,0.163043
0,0,0.163224
0,0,0.163424
0,0,0.163918
0,0,0.163999
0,0,0.165165
0,0,0.165197
0,0,0.165291
0,0,0.165519
0,0,0.16567
0,0,0.166416
0,0,0.166969
0,0,0.168092
0,0,0.168848
0,0,0.16892
0,0,0.168923
0,0,0.169035
0,0,0.169175
0,0,0.169706
0,0,0.170318
0,0,0.17034
0,0,0.170608
0,0,0.17081
0,0,0.170878
0,0,0.171391
0,0,0.171404
0,0,0.171811
0,0,0.172388
0,0,0.173306
0,0,0.174427
0,0,0.17469
0,0,0.174854
0,0,0.175036
0,0,0.176754
0,0,0.177658
0,0,0.177868
0,0,0.177986
0,0,0.179038
0,0,0.179472
0,0,0.179598
0,0,0.180154
0,0,0.180248
0,0,0.180262
0,0,0.180431
0,0,0.180485
0,0,0.180494
0,0,0.180634
0,0,0.180678
0,0,0.180809
0,0,0.180994
0,0,0.18114
0,0,0.181292
0,0,0.181507
0,0,0.181631
0,0,0.181784
0,0,0.181825
0,0,0.181973
0,0,0.181992
0,0,0.182462
0,0,0.18251
0,0,0.182639
0,0,0.182838
0,0,0.182874
0,0,0.183317
0,0,0.183593
0,0,0.183664
0,0,0.184466
0,0,0.184574
0,0,0.184681
0,0,0.185528
0,0,0.18561
0,0,0.185999
0,0,0.186161
0,0,0.186296
0,0,0.186574
0,0,0.186626
0,0,0.186766
0,0,0.186897
0,0,0.187522
0,0,0.18823
0,0,0.188249
0,0,0.18829
0,0,0.188355
0,0,0.188516
0,0,0.189084
0,0,0.190003
0,0,0.190195
0,0,0.190992
0,0,0.191163
0,0,0.191491
0,0,0.191567
0,0,0.191818
0,0,0.192285
0,0,0.192422
0,0,0.192528
0,0,0.193127
0,0,0.193247
0,0,0.193408
0,0,0.193446
0,0,0.193473
0,0,0.194086
0,0,0.194158
0,0,0.194185
0,0,0.194843
0,0,0.196493
0,0,0.196636
0,0,0.196652
0,0,0.196657
0,0,0.196839
0,0,0.197321
0,0,0.197357
0,0,0.197619
0,0,0.197752
0,0,0.197925
0,0,0.197986
0,0,0.198064
0,0,0.198583
0,0,0.198925
0,0,0.198976
0,0,0.199024
0,0,0.200105
0,0,0.200362
0,0,0.201014
0,0,0.201093
0,0,0.201403
0,0,0.201631
0,0,0.202293
0,0,0.202293
0,0,0.202304
0,0,0.202382
0,0,0.203037
0,0,0.203063
0,0,0.203231
0,0,0.20342
0,0,0.203633
0,0,0.203636
0,0,0.203797
0,0,0.203864
0,0,0.204348
0,0,0.204478
0,0,0.204493
0,0,0.204503
0,0,0.204835
0,0,0.204892
0,0,0.204903
0,0,0.205301
0,0,0.205601
0,0,0.205701
0,0,0.205759
0,0,0.205769
0,0,0.206104
0,0,0.206714
0,0,0.206936
0,0,0.207408
0,0,0.207578
0,0,0.208031
0,0,0.208555
0,0,0.208685
0,0,0.209118
0,0,0.210492
0,0,0.210745
0,0,0.211003
0,0,0.211116
0,0,0.211382
0,0,0.211594
0,0,0.211799
0,0,0.211827
0,0,0.212674
0,0,0.212814
0,0,0.21292
0,0,0.213353
0,0,0.2141
0,0,0.214144
0,0,0.215125
0,0,0.21789
0,0,0.218477
0,0,0.218551
0,0,0.219344
0,0,0.219476
0,0,0.219628
0,0,0.219888
0,0,0.220064
0,0,0.220113
0,0,0.22016
0,0,0.220877
0,0,0.221873
0,0,0.22205
0,0,0.222451
0,0,0.222466
0,0,0.22255
0,0,0.222852
0,0,0.223094
0,0,0.224031
0,0,0.224131
0,0,0.224415
0,0,0.225525
0,0,0.226001
0,0,0.226948
0,0,0.227132
0,0,0.227137
0,0,0.22725
0,0,0.227878
0,0,0.22794
0,0,0.228305
0,0,0.228431
0,0,0.228945
0,0,0.229437
0,0,0.229444
0,0,0.229523
0,0,0.230182
0,0,0.230277
0,0,0.231413
0,0,0.231733
0,0,0.231928
0,0,0.231974
0,0,0.232923
0,0,0.233217
0,0,0.23391
0,0,0.234774
0,0,0.23497
0,0,0.234972
0,0,0.235704
0,0,0.236281
0,0,0.236336
0,0,0.236741
0,0,0.237036
0,0,0.237711
0,0,0.238168
0,0,0.239598
0,0,0.240621
0,0,0.240712
0,0,0.240808
0,0,0.240888
0,0,0.240908
0,0,0.241193
0,0,0.241923
0,0,0.243954
0,0,0.244037
0,0,0.244396
0,0,0.244409
0,0,0.244801
0,0,0.246243
0,0,0.246895
0,0,0.247412
0,0,0.247697
0,0,0.247996
0,0,0.248123
0,0,0.248387
0,0,0.248651
0,0,0.248834
0,0,0.249085
0,0,0.249827
0,0,0.250502
0,0,0.250931
0,0,0.251037
0,0,0.251397
0,0,0.25247
0,0,0.252698
0,0,0.252785
0,0,0.252921
0,0,0.253249
0,0,0.253307
0,0,0.253941
0,0,0.25623
0,0,0.256445
0,0,0.257124
0,0,0.257279
0,0,0.257856
0,0,0.25844
0,0,0.258616
0,0,0.259772
0,0,0.259808
0,0,0.260532
0,0,0.260837
0,0,0.261312
0,0,0.261436
0,0,0.262357
0,0,0.263148
0,0,0.263435
0,0,0.264672
0,0,0.265052
0,0,0.265215
0,0,0.265357
0,0,0.265604
0,0,0.265769
0,0,0.266051
0,0,0.26627
0,0,0.26738
0,0,0.268359
0,0,0.269284
0,0,0.270059
0,0,0.270157
0,0,0.270179
0,0,0.270434
0,0,0.27213
0,0,0.273091
0,0,0.273557
0,0,0.274365
0,0,0.274443
0,0,0.274603
0,0,0.277114
0,0,0.277377
0,0,0.277759
0,0,0.279151
0,0,0.280631
0,0,0.283523
0,0,0.284089
0,0,0.285551
0,0,0.286281
0,0,0.287312
0,0,0.287978
0,0,0.288171
0,0,0.289143
0,0,0.289419
0,0,0.289475
0,0,0.289648
0,0,0.290356
0,0,0.291672
0,0,0.291734
0,0,0.292425
0,0,0.292447
0,0,0.292556
0,0,0.292686
0,0,0.293166
0,0,0.294381
0,0,0.294753
0,0,0.297109
0,0,0.298623
0,0,0.298707
0,0,0.299261
0,0,0.299301
0,0,0.299542
0,0,0.29978
0,0,0.299794
0,0,0.299925
0,0,0.30132
0,0,0.301601
0,0,0.301828
0,0,0.303111
0,0,0.303137
0,0,0.303173
0,0,0.303304
0,0,0.303536
0,0,0.305273
0,0,0.306015
0,0,0.306307
0,0,0.307697
0,0,0.308777
0,0,0.311622
0,0,0.312885
0,0,0.313244
0,0,0.313494
0,0,0.316196
0,0,0.31646
0,0,0.31691
0,0,0.317393
0,0,0.3175
0,0,0.317895
0,0,0.318211
0,0,0.318467
0,0,0.318748
0,0,0.318756
0,0,0.320379
0,0,0.320771
0,0,0.321681
0,0,0.321978
0,0,0.322169
0,0,0.322964
0,0,0.323538
0,0,0.324529
0,0,0.325072
0,0,0.325167
0,0,0.326493
0,0,0.330298
0,0,0.331041
0,0,0.332298
0,0,0.33346
0,0,0.333492
0,0,0.333697
0,0,0.334561
0,0,0.336338
0,0,0.336611
0,0,0.337375
0,0,0.33803
0,0,0.338088
0,0,0.338107
0,0,0.338737
0,0,0.343197
0,0,0.343363
0,0,0.344378
0,0,0.344616
0,0,0.346035
0,0,0.346546
0,0,0.347507
0,0,0.350143
0,0,0.356655
0,0,0.356747
0,0,0.35784
0,0,0.359144
0,0,0.362417
0,0,0.362589
0,0,0.363396
0,0,0.367084
0,0,0.371195
0,0,0.373454
0,0,0.374067
0,0,0.374973
0,0,0.375273
0,0,0.378617
0,0,0.380047
0,0,0.380201
0,0,0.380276
0,0,0.382382
0,0,0.382649
0,0,0.383606
0,0,0.385465
0,0,0.387263
0,0,0.387648
0,0,0.389411
0,0,0.391859
0,0,0.393906
0,0,0.397125
0,0,0.397376
0,0,0.397972
0,0,0.402018
0,0,0.403923
0,0,0.404408
0,0,0.40653
0,0,0.407479
0,0,0.411622
0,0,0.412216
0,0,0.415477
0,0,0.415526
0,0,0.416102
0,0,0.417418
0,0,0.421196
0,0,0.421457
0,0,0.422284
0,0,0.429293
0,0,0.435596
0,0,0.439217
0,0,0.440154
0,0,0.44637
0,0,0.450315
0,0,0.451661
0,0,0.452411
0,0,0.455065
0,0,0.459175
0,0,0.459802
0,0,0.462591
0,0,0.464681
0,0,0.472116
0,0,0.474109
0,0,0.478348
0,0,0.482786
0,0,0.484421
0,0,0.484616
0,0,0.485071
0,0,0.489837
0,0,0.518245
0,0,0.521152
0,0,0.526649
0,0,0.536247
0,0,0.54843
0,0,0.548593
0,0,0.552899
0,0,0.561562
0,0,0.562827
0,0,0.563817
0,0,0.567703
0,0,0.575674
0,0,0.580203
0,0,0.585244
0,0,0.585278
0,0,0.601369
0,0,0.605248
0,0,0.619932
0,0,0.630629
0,0,0.639695
0,0,0.639921
0,0,0.659385
0,0,0.675638
0,0,0.681701
0,0,0.689468
0,0,0.724652
0,0,0.748702
0,0,0.806349
0,0,0.82937
0,0,0.864284
0,0,0.928372
0,0,0.950768
0,0,0.969593
0,0,1.11555
0,0,3
1,1.39345,1.43394
1,1.32821,1.33168
1,1.2578,1.44444
1,1.21321,1.26186
1,1.12244,1.38408
1,1.11659,1.32404
1,1.07537,1.26616
1,1.06693,1.64256
1,1.02247,1.05897
1,0.969898,1.06713
1,0.964422,1.00272
1,0.90261,0.9815
1,0.894131,1.13501
1,0.838776,0.940172
1,0.806429,1.05148
1,0.802232,0.846186
1,0.779984,0.979887
1,0.769559,0.97062
1,0.765367,0.958414
1,0.753384,0.811379
1,0.753016,1.13957
1,0.749468,1.00865
1,0.746939,0.810084
1,0.73793,0.792355
1,0.735518,1.12195
1,0.706972,0.869089
1,0.703498,0.704741
1,0.6982,0.993846
1,0.673156,0.791291
1,0.672484,0.698119
1,0.666712,0.700901
1,0.645594,0.767557
1,0.638948,0.806071
1,0.637267,0.78171
1,0.635841,0.664033
1,0.629699,0.676056
1,0.62633,0.658321
1,0.623129,0.766744
1,0.619471,0.821291
1,0.60921,0.627017
1,0.60538,0.616548
1,0.605023,0.614401
1,0.603744,0.633823
1,0.603287,0.758863
1,0.597532,0.637375
1,0.593729,0.650971
1,0.590228,0.807034
1,0.588867,0.6659
1,0.581672,0.674285
1,0.569393,0.616925
1,0.567229,0.616091
1,0.565076,0.60616
1,0.564553,0.581354
1,0.558637,0.565285
1,0.558124,0.644211
1,0.550651,0.773844
1,0.550463,0.577421
1,0.54844,0.567274
1,0.547951,0.585635
1,0.545469,0.548979
1,0.544796,0.578718
1,0.539165,0.624177
1,0.533024,0.551121
1,0.525944,0.702599
1,0.523495,0.67206
1,0.518257,0.525972
1,0.512041,0.578818
1,0.510107,0.606113
1,0.506113,0.551943
1,0.499755,0.847709
1,0.497493,0.556916
1,0.490549,0.57824
1,0.488674,0.491971
1,0.481703,0.632559
1,0.479604,0.479728
1,0.47198,0.481222
1,0.466248,0.485441
1,0.46245,0.537896
1,0.459207,0.481973
1,0.455532,0.71078
1,0.453366,0.486287
1,0.451547,0.591348
1,0.450949,0.457542
1,0.441037,0.444731
1,0.440153,0.547466
1,0.439411,0.61778
1,0.437768,0.518151
1,0.437601,0.448501
1,0.432565,0.531823
1,0.432536,0.449895
1,0.431894,0.478287
1,0.431438,0.44623
1,0.429718,0.475794
1,0.429247,0.628802
1,0.42758,0.444481
1,0.425422,0.518941
1,0.425361,0.430784
1,0.423047,0.451915
1,0.421028,0.470127
1,0.414535,0.462442
1,0.411064,0.421118
1,0.408813,0.455798
1,0.406464,0.475984
1,0.403576,0.443108
1,0.402558,0.540004
1,0.401499,0.417379
1,0.40122,0.419781
1,0.398554,0.448982
1,0.395766,0.427576
1,0.39353,0.452495
1,0.393473,0.398586
1,0.39243,0.471417
1,0.389868,0.400063
1,0.386759,0.46928
1,0.386525,0.436858
1,0.383725,0.390292
1,0.383506,0.47491
1,0.381942,0.495597
1,0.379511,0.458434
1,0.379216,0.450902
1,0.378786,0.458498
1,0.378083,0.483203
1,0.375358,0.432307
1,0.375005,0.417493
1,0.371554,0.543748
1,0.369175,0.379113
1,0.368681,0.395944
1,0.367253,0.568023
1,0.365013,0.395759
1,0.363902,0.534224
1,0.363717,0.473885
1,0.36344,0.375993
1,0.36323,0.667504
1,0.360289,0.534064
1,0.358993,0.489046
1,0.358264,0.414316
1,0.357899,0.408854
1,0.355175,0.447493
1,0.355157,0.401582
1,0.354553,0.370846
1,0.351118,0.407533
1,0.349571,0.476781
1,0.348854,0.39822
1,0.347685,0.382509
1,0.347542,0.467374
1,0.347438,0.404613
1,0.346256,0.41222
1,0.34625,0.459914
1,0.345377,0.378439
1,0.344374,0.353414
1,0.344206,0.349232
1,0.343851,0.347725
1,0.342114,0.435072
1,0.341922,0.421667
1,0.34181,0.487894
1,0.341037,0.547773
1,0.340762,0.427118
1,0.339772,0.479664
1,0.339477,0.348966
1,0.339237,0.35731
1,0.338775,0.385052
1,0.338625,0.379505
1,0.338062,0.424785
1,0.336826,0.363655
1,0.33649,0.375129
1,0.335901,0.382119
1,0.335658,0.40886
1,0.335266,0.467799
1,0.335071,0.463221
1,0.333191,0.337134
1,0.332411,0.349797
1,0.331792,0.347166
1,0.330564,0.362741
1,0.330058,0.333658
1,0.324105,0.443722
1,0.322302,0.388468
1,0.321076,0.329034
1,0.319865,0.413694
1,0.319099,0.42424
1,0.317487,0.322626
1,0.316574,0.38448
1,0.316528,0.372308
1,0.316102,0.316128
1,0.31543,0.549002
1,0.314577,0.334408
1,0.31369,0.321414
1,0.313006,0.393589
1,0.312211,0.360611
1,0.311354,0.315691
1,0.310445,0.393058
1,0.30726,0.349453
1,0.304568,0.536235
1,0.304415,0.345272
1,0.30402,0.330146
1,0.303904,0.408416
1,0.303715,0.314422
1,0.303413,0.305918
1,0.30297,0.373231
1,0.302917,0.333372
1,0.301014,0.43531
1,0.296612,0.325179
1,0.295867,0.304018
1,0.294266,0.31748
1,0.293021,0.481112
1,0.292763,0.30786
1,0.290637,0.459544
1,0.290391,0.30246
1,0.288379,0.37275
1,0.286594,0.34899
1,0.282649,0.282979
1,0.278836,0.280033
1,0.278226,0.318501
1,0.277951,0.295313
1,0.273854,0.379688
1,0.273529,0.296641
1,0.27149,0.28908
1,0.268964,0.286894
1,0.267075,0.268858
1,0.266083,0.268876
1,0.265741,0.268515
1,0.26508,0.26571
1,0.264281,0.296485
1,0.263856,0.264057
1,0.263151,0.314115
1,0.262382,0.294539
1,0.261963,0.275783
1,0.261932,0.289976
1,0.260848,0.341415
1,0.259785,0.265317
1,0.256561,0.303074
1,0.255465,0.315672
1,0.253671,0.27199
1,0.253173,0.257721
1,0.253112,0.265936
1,0.251608,0.306214
1,0.245585,0.269334
1,0.245458,0.357517
1,0.24525,0.268378
1,0.244892,0.307771
1,0.244764,0.432491
1,0.243633,0.277544
1,0.242999,0.252986
1,0.242585,0.282121
1,0.242515,0.24297
1,0.242262,0.24738
1,0.240111,0.243506
1,0.239476,0.308079
1,0.239293,0.347166
1,0.236953,0.247584
1,0.23503,0.26221
1,0.234977,0.269132
1,0.234416,0.271376
1,0.23411,0.329518
1,0.23411,0.260513
1,0.232913,0.247449
1,0.231895,0.249825
1,0.230887,0.241666
1,0.230384,0.230822
1,0.230012,0.250531
1,0.229115,0.229708
1,0.227392,0.233588
1,0.226743,0.228458
1,0.225443,0.261799
1,0.224804,0.280466
1,0.22467,0.226504
1,0.223758,0.230507
1,0.223407,0.223808
1,0.222618,0.223389
1,0.221913,0.270831
1,0.221422,0.222933
1,0.220508,0.228519
1,0.220432,0.270381
1,0.219833,0.244267
1,0.216278,0.221055
1,0.212906,0.236885
1,0.21289,0.239001
1,0.211955,0.230454
1,0.211859,0.21296
1,0.211701,0.22946
1,0.211273,0.216676
1,0.209729,0.22814
1,0.208824,0.240807
1,0.208583,0.230039
1,0.208489,0.265923
1,0.20818,0.229336
1,0.207941,0.228235
1,0.205125,0.230159
1,0.204191,0.20595
1,0.203673,0.250586
1,0.203288,0.226032
1,0.202509,0.243338
1,0.202479,0.228964
1,0.201665,0.228433
1,0.200434,0.213922
1,0.19807,0.238152
1,0.197302,0.201707
1,0.193853,0.205496
1,0.193177,0.219075
1,0.192571,0.214042
1,0.191261,0.191459
1,0.18977,0.200007
1,0.188639,0.275423
1,0.186319,0.191378
1,0.186302,0.233469
1,0.18454,0.201242
1,0.183414,0.200619
1,0.182646,0.205948
1,0.181695,0.23894
1,0.181348,0.183795
1,0.180437,0.185929
1,0.178027,0.205513
1,0.176484,0.23895
1,0.175863,0.182542
1,0.175474,0.179414
1,0.173634,0.178217
1,0.172365,0.182465
1,0.172222,0.17303
1,0.170785,0.228829
1,0.16959,0.173894
1,0.167648,0.206972
1,0.16447,0.218335
1,0.164021,0.173778
1,0.163932,0.209158
1,0.160329,0.196276
1,0.160046,0.184605
1,0.159592,0.161071
1,0.158236,0.170336
1,0.158224,0.168961
1,0.157526,0.169796
1,0.155903,0.157209
1,0.155529,0.168839
1,0.154967,0.163963
1,0.154255,0.17063
1,0.153891,0.209987
1,0.153323,0.199279
1,0.152368,0.156408
1,0.151639,0.155634
1,0.150516,0.1835
1,0.15004,0.164976
1,0.149537,0.159825
1,0.148237,0.151677
1,0.148163,0.193643
1,0.147957,0.156792
1,0.147713,0.227529
1,0.147055,0.16702
1,0.146943,0.164275
1,0.146693,0.157489
1,0.14606,0.185671
1,0.145582,0.218368
1,0.144175,0.190928
1,0.142483,0.152027
1,0.141932,0.165684
1,0.140722,0.158076
1,0.140134,0.258821
1,0.139756,0.176115
1,0.139513,0.169872
1,0.138602,0.154544
1,0.138424,0.139679
1,0.137864,0.146255
1,0.136406,0.141302
1,0.135743,0.148714
1,0.135547,0.151337
1,0.135166,0.14464
1,0.134525,0.151593
1,0.133232,0.133485
1,0.130808,0.163139
1,0.130304,0.137673
1,0.129994,0.145689
1,0.129013,0.149525
1,0.127877,0.136625
1,0.127456,0.128836
1,0.126823,0.157948
1,0.125536,0.139935
1,0.125367,0.133344
1,0.125332,0.128494
1,0.124699,0.133783
1,0.124269,0.133396
1,0.124154,0.156627
1,0.124074,0.155348
1,0.123205,0.196131
1,0.122182,0.13702
1,0.122114,0.14581
1,0.121452,0.13079
1,0.121302,0.130711
1,0.12071,0.121621
1,0.120475,0.145175
1,0.120438,0.122993
1,0.120112,0.152646
1,0.119756,0.128254
1,0.119469,0.160167
1,0.118649,0.12325
1,0.118293,0.154725
1,0.117823,0.118112
1,0.117612,0.127499
1,0.11627,0.11724
1,0.115928,0.161615
1,0.115769,0.13865
1,0.115628,0.151566
1,0.115065,0.133526
1,0.114869,0.133107
1,0.114636,0.122303
1,0.114307,0.117809
1,0.113361,0.118821
1,0.113108,0.114058
1,0.112405,0.148594
1,0.111521,0.162496
1,0.110411,0.125247
1,0.109703,0.127052
1,0.108687,0.113302
1,0.108299,0.133085
1,0.108023,0.10894
1,0.107926,0.10871
1,0.107638,0.113419
1,0.107609,0.116833
1,0.107484,0.119085
1,0.107266,0.10995
1,0.106441,0.135711
1,0.106093,0.142523
1,0.105401,0.130199
1,0.104563,0.107567
1,0.104142,0.107444
1,0.104067,0.106347
1,0.10395,0.107509
1,0.103436,0.126419
1,0.103216,0.108933
1,0.102855,0.147686
1,0.101937,0.128553
1,0.101523,0.147865
1,0.100971,0.12649
1,0.100907,0.101592
1,0.100752,0.122045
1,0.100465,0.106698
1,0.100053,0.107289
1,0.0998309,0.103674
1,0.0994212,0.101638
1,0.099023,0.105465
1,0.0987835,0.104348
1,0.0986594,0.106979
1,0.0986501,0.130958
1,0.0983291,0.101174
1,0.0980206,0.0986683
1,0.0973724,0.103856
1,0.0969886,0.117273
1,0.0963146,0.113829
1,0.0962811,0.139082
1,0.0960328,0.10614
1,0.0957697,0.103834
1,0.0950717,0.115431
1,0.0947283,0.115167
1,0.0947095,0.101956
1,0.0928412,0.098768
1,0.0926353,0.106877
1,0.0917322,0.108583
1,0.091594,0.104447
1,0.0915339,0.114589
1,0.0901912,0.114506
1,0.0897809,0.0915478
1,0.0897421,0.0980069
1,0.0892684,0.0930997
1,0.087591,0.0883237
1,0.0869865,0.101298
1,0.0860098,0.0875629
1,0.085518,0.086761
1,0.0849056,0.105948
1,0.0844843,0.0894909
1,0.0843627,0.0948871
1,0.0833832,0.0844969
1,0.0831647,0.0900878
1,0.083054,0.0979008
1,0.0827326,0.102348
1,0.0824329,0.0939363
1,0.0819423,0.111628
1,0.0815743,0.0983346
1,0.0809586,0.0865508
1,0.0806821,0.0872945
1,0.0805983,0.0934796
1,0.0801567,0.0958983
1,0.0799109,0.0874933
1,0.0792622,0.0833639
1,0.0788807,0.0834082
1,0.0780898,0.0796631
1,0.0779332,0.0784802
1,0.0772881,0.080224
1,0.0757979,0.0811543
1,0.0757751,0.0886514
1,0.0754359,0.0986991
1,0.0750718,0.087172
1,0.0750481,0.0863083
1,0.0750436,0.0898989
1,0.0748921,0.0908109
1,0.0744305,0.0778142
1,0.0742954,0.0883237
1,0.0740907,0.0757202
1,0.0733779,0.0767628
1,0.0730074,0.0759745
1,0.0729811,0.110611
1,0.072911,0.0842372
1,0.0729044,0.0802314
1,0.0726777,0.0789603
1,0.0718125,0.0733527
1,0.0717223,0.071932
1,0.0717203,0.100436
1,0.071469,0.07895
1,0.0713189,0.0758246
1,0.0709824,0.0992118
1,0.0706799,0.0807172
1,0.0703555,0.0713739
1,0.0691026,0.0767364
1,0.0689692,0.0754248
1,0.068655,0.0691837
1,0.0685003,0.0851715
1,0.06809,0.0762474
1,0.0674286,0.098135
1,0.0674192,0.0712077
1,0.0672843,0.0717011
1,0.0668945,0.0849795
1,0.0666616,0.0746992
1,0.0666604,0.0703817
1,0.0665721,0.0875035
1,0.0664756,0.0707064
1,0.0653395,0.0896794
1,0.0649733,0.0691749
1,0.0648601,0.0696808
1,0.0645554,0.0660145
1,0.0643688,0.0738936
1,0.0640963,0.0926916
1,0.0636973,0.0740515
1,0.0624526,0.0645637
1,0.0620203,0.068236
1,0.0618118,0.0665
1,0.0617112,0.0719252
1,0.0616711,0.0865959
1,0.0616533,0.0648614
1,0.0615901,0.0906942
1,0.0610806,0.0654184
1,0.060504,0.0613071
1,0.0602142,0.0627711
1,0.0601724,0.0614655
1,0.0600004,0.0617549
1,0.059027,0.0741587
1,0.058754,0.0599929
1,0.0579444,0.0630559
1,0.0578105,0.0632532
1,0.0572574,0.058685
1,0.0572034,0.0967949
1,0.0571696,0.0599452
1,0.0569279,0.0631805
1,0.0562952,0.0589089
1,0.0561458,0.0659881
1,0.0561027,0.0649754
1,0.0560061,0.0620325
1,0.0558285,0.0669987
1,0.0556949,0.066404
1,0.0556444,0.0583477
1,0.0552085,0.0720697
1,0.0537366,0.0794841
1,0.053651,0.056809
1,0.0535547,0.0563854
1,0.0529953,0.0553247
1,0.0524725,0.0699691
1,0.0524477,0.0588979
1,0.0501381,0.0548556
1,0.0494336,0.0536738
1,0.0492023,0.0543066
1,0.048887,0.0492628
1,0.0487267,0.0657398
1,0.0459887,0.0461066
1,0.0450302,0.0524204
1,0.0392366,0.0434049
1,0.037476,0.045326
1,0.0352947,0.0359593
2,1.58231,1.63735
2,1.41165,1.44589
2,0.997873,1.02142
2,0.852002,0.931749
2,0.849085,0.918462
2,0.838949,0.935077
2,0.827984,0.853085
2,0.82544,0.828417
2,0.704749,0.756456
2,0.649894,0.679964
2,0.646271,0.773698
2,0.635341,0.712877
2,0.634439,0.658134
2,0.61892,0.632167
2,0.610046,0.628159
2,0.608273,0.619454
2,0.603117,0.618203
2,0.582195,0.625178
2,0.54459,0.565742
2,0.535733,0.586501
2,0.530821,0.571812
2,0.528832,0.531501
2,0.500575,0.51782
2,0.499155,0.502596
2,0.496732,0.503674
2,0.488582,0.529469
2,0.472032,0.475721
2,0.453396,0.462572
2,0.421066,0.432756
2,0.417983,0.429715
2,0.412275,0.439191
2,0.408188,0.409076
2,0.405901,0.46033
2,0.401033,0.409384
2,0.37037,0.40543
2,0.358106,0.38285
2,0.349718,0.351572
2,0.320486,0.322495
2,0.28392,0.284822
2,0.281855,0.300447
2,0.278877,0.280232
2,0.275423,0.277246
2,0.262549,0.26841
2,0.259829,0.262418
2,0.24659,0.258191
2,0.243873,0.256981
2,0.234469,0.238974
2,0.23276,0.236067
2,0.231828,0.251956
2,0.230015,0.23714
2,0.225219,0.236471
2,0.214746,0.219195
2,0.203484,0.212674
2,0.197122,0.211864
2,0.194754,0.201282
2,0.189069,0.205575
2,0.177753,0.202244
2,0.175539,0.187946
2,0.171511,0.177665
2,0.169835,0.181767
2,0.154795,0.161563
2,0.149868,0.155783
2,0.136674,0.14019
2,0.134308,0.141225
2,0.132416,0.132588
2,0.129344,0.129905
2,0.12533,0.129086
2,0.120572,0.129531
2,0.118926,0.124952
2,0.11625,0.118589
2,0.112975,0.113567
2,0.109145,0.125867
2,0.108012,0.120893
2,0.106427,0.112511
2,0.102976,0.106369
2,0.101139,0.107208
2,0.0939134,0.104048
2,0.0869925,0.0917806
2,0.0825188,0.0888678
2,0.0752608,0.077884
