point cloud with 1157 points in dimension 3
0,0,0.004877
0,0,0.00492632
0,0,0.00722582
0,0,0.00733793
0,0,0.00764836
0,0,0.00773743
0,0,0.00799715
0,0,0.00814833
0,0,0.00821915
0,0,0.00838415
0,0,0.00893966
0,0,0.00918721
0,0,0.00969773
0,0,0.0108188
0,0,0.0110811
0,0,0.0119453
0,0,0.0129545
0,0,0.0131949
0,0,0.0138905
0,0,0.0143477
0,0,0.0143491
0,0,0.0143679
0,0,0.0150014
0,0,0.0151663
0,0,0.0152774
0,0,0.0154618
0,0,0.0158496
0,0,0.0159719
0,0,0.0161648
0,0,0.0163276
0,0,0.0164473
0,0,0.0165263
0,0,0.0169292
0,0,0.0170064
0,0,0.0172569
0,0,0.0173293
0,0,0.0174582
0,0,0.0176639
0,0,0.018849
0,0,0.0189545
0,0,0.0191668
0,0,0.0191705
0,0,0.0193624
0,0,0.0198729
0,0,0.02023
0,0,0.0208868
0,0,0.021388
0,0,0.0214076
0,0,0.0214515
0,0,0.0218382
0,0,0.0219327
0,0,0.0224522
0,0,0.022702
0,0,0.0227632
0,0,0.0229792
0,0,0.0231294
0,0,0.0233289
0,0,0.0236293
0,0,0.0238262
0,0,0.0239333
0,0,0.0241734
0,0,0.0243355
0,0,0.024638
0,0,0.0247588
0,0,0.0249797
0,0,0.0250445
0,0,0.0258844
0,0,0.0262258
0,0,0.0264826
0,0,0.026574
0,0,0.0265908
0,0,0.0269937
0,0,0.027447
0,0,0.027567
0,0,0.0276018
0,0,0.0278104
0,0,0.0285389
0,0,0.0287249
0,0,0.0288545
0,0,0.0288824
0,0,0.0288947
0,0,0.0292958
0,0,0.0293193
0,0,0.0293884
0,0,0.0296651
0,0,0.0298127
0,0,0.0300881
0,0,0.0301159
0,0,0.0304292
0,0,0.03046
0,0,0.0305021
0,0,0.0305562
0,0,0.0306917
0,0,0.0310444
0,0,0.0311867
0,0,0.0313966
0,0,0.0314551
0,0,0.0318732
0,0,0.0318963
0,0,0.0319647
0,0,0.0321543
0,0,0.0323129
0,0,0.0323725
0,0,0.0324325
0,0,0.0325824
0,0,0.0326997
0,0,0.0329503
0,0,0.0332967
0,0,0.033315
0,0,0.0334261
0,0,0.0334958
0,0,0.0336508
0,0,0.0337416
0,0,0.0343681
0,0,0.0343717
0,0,0.0346208
0,0,0.0347101
0,0,0.0347342
0,0,0.0349449
0,0,0.0350496
0,0,0.0352671
0,0,0.0353815
0,0,0.0354405
0,0,0.0354706
0,0,0.0355731
0,0,0.0357658
0,0,0.0359395
0,0,0.0359543
0,0,0.0360161
0,0,0.0361744
0,0,0.0366874
0,0,0.0367593
0,0,0.0369702
0,0,0.0370129
0,0,0.0371551
0,0,0.0371855
0,0,0.0377887
0,0,0.0383272
0,0,0.0383467
0,0,0.0383702
0,0,0.0387985
0,0,0.0389362
0,0,0.0390899
0,0,0.0391407
0,0,0.0398354
0,0,0.0402308
0,0,0.0404166
0,0,0.0404252
0,0,0.0404657
0,0,0.0407296
0,0,0.0409267
0,0,0.0409758
0,0,0.0412408
0,0,0.0414308
0,0,0.0416669
0,0,0.0419376
0,0,0.042049
0,0,0.0422221
0,0,0.0423304
0,0,0.0424792
0,0,0.0432698
0,0,0.0434361
0,0,0.0436149
0,0,0.0437058
0,0,0.0438263
0,0,0.0439068
0,0,0.0440042
0,0,0.0440834
0,0,0.0443759
0,0,0.0444969
0,0,0.0446721
0,0,0.044992
0,0,0.0454792
0,0,0.0455653
0,0,0.0456344
0,0,0.0460669
0,0,0.0462557
0,0,0.0462649
0,0,0.0464932
0,0,0.0467324
0,0,0.0469383
0,0,0.0470603
0,0,0.0472072
0,0,0.0472265
0,0,0.0473402
0,0,0.0474985
0,0,0.0480216
0,0,0.0480248
0,0,0.0481975
0,0,0.0482478
0,0,0.048358
0,0,0.0484508
0,0,0.0484518
0,0,0.0487336
0,0,0.048805
0,0,0.0491815
0,0,0.0492711
0,0,0.0500026
0,0,0.050251
0,0,0.0503473
0,0,0.0504091
0,0,0.050542
0,0,0.0507153
0,0,0.0507408
0,0,0.0509059
0,0,0.0509543
0,0,0.0509686
0,0,0.051032
0,0,0.0510952
0,0,0.0512946
0,0,0.0520265
0,0,0.0520361
0,0,0.0520826
0,0,0.0524747
0,0,0.0526203
0,0,0.052749
0,0,0.0536177
0,0,0.0536314
0,0,0.0537795
0,0,0.0544173
0,0,0.0546046
0,0,0.0546164
0,0,0.0547479
0,0,0.0548952
0,0,0.0550076
0,0,0.0550868
0,0,0.0550964
0,0,0.0551253
0,0,0.0553067
0,0,0.0553593
0,0,0.0553707
0,0,0.0562808
0,0,0.0566334
0,0,0.0567545
0,0,0.0569585
0,0,0.0570679
0,0,0.057149
0,0,0.0572296
0,0,0.0575582
0,0,0.0577575
0,0,0.0579933
0,0,0.058306
0,0,0.058321
0,0,0.0584692
0,0,0.0592315
0,0,0.0592677
0,0,0.0594083
0,0,0.0594256
0,0,0.0595081
0,0,0.0600113
0,0,0.0602013
0,0,0.06036
0,0,0.060461
0,0,0.0607254
0,0,0.0608196
0,0,0.0610288
0,0,0.0610345
0,0,0.0613244
0,0,0.0614113
0,0,0.0618971
0,0,0.0620692
0,0,0.0621845
0,0,0.0622955
0,0,0.062329
0,0,0.0624493
0,0,0.062686
0,0,0.0632669
0,0,0.0632768
0,0,0.0635329
0,0,0.0635825
0,0,0.0636533
0,0,0.0641727
0,0,0.0642338
0,0,0.0643498
0,0,0.0646544
0,0,0.064699
0,0,0.0652016
0,0,0.0652227
0,0,0.0653419
0,0,0.065596
0,0,0.0656835
0,0,0.0661004
0,0,0.0661585
0,0,0.0666471
0,0,0.0667589
0,0,0.0667688
0,0,0.0669826
0,0,0.0673135
0,0,0.0673734
0,0,0.0676201
0,0,0.0677119
0,0,0.0679446
0,0,0.0679996
0,0,0.0686278
0,0,0.0689279
0,0,0.0697472
0,0,0.0698675
0,0,0.0702701
0,0,0.0705303
0,0,0.070585
0,0,0.070661
0,0,0.0708734
0,0,0.0708959
0,0,0.0711442
0,0,0.0714796
0,0,0.0714855
0,0,0.0715707
0,0,0.0715852
0,0,0.071601
0,0,0.0717342
0,0,0.0719556
0,0,0.0719703
0,0,0.0720189
0,0,0.0723858
0,0,0.0726197
0,0,0.072659
0,0,0.0726802
0,0,0.072814
0,0,0.0728399
0,0,0.0732475
0,0,0.0733091
0,0,0.0733544
0,0,0.0742208
0,0,0.0742343
0,0,0.0742696
0,0,0.0745488
0,0,0.0748433
0,0,0.0749391
0,0,0.0749641
0,0,0.0749902
0,0,0.0753391
0,0,0.0754807
0,0,0.0754839
0,0,0.0757409
0,0,0.0759155
0,0,0.0760082
0,0,0.0764406
0,0,0.0764859
0,0,0.0765303
0,0,0.0766796
0,0,0.0773054
0,0,0.0773866
0,0,0.0777374
0,0,0.0780549
0,0,0.0780827
0,0,0.0783682
0,0,0.0787369
0,0,0.0788221
0,0,0.0795962
0,0,0.0797679
0,0,0.080319
0,0,0.0804253
0,0,0.0808186
0,0,0.0810021
0,0,0.0810339
0,0,0.0817143
0,0,0.0819812
0,0,0.0820648
0,0,0.0821145
0,0,0.0821779
0,0,0.0822826
0,0,0.0825604
0,0,0.0828936
0,0,0.0830663
0,0,0.0831207
0,0,0.0834252
0,0,0.0834913
0,0,0.0835417
0,0,0.0838364
0,0,0.0845375
0,0,0.0852731
0,0,0.0861364
0,0,0.086393
0,0,0.0864276
0,0,0.0864614
0,0,0.0866717
0,0,0.0870567
0,0,0.0876576
0,0,0.0878882
0,0,0.0882311
0,0,0.0885306
0,0,0.0890395
0,0,0.090198
0,0,0.0902351
0,0,0.0902772
0,0,0.0906215
0,0,0.0910082
0,0,0.0910566
0,0,0.0919102
0,0,0.0920278
0,0,0.0926325
0,0,0.0928233
0,0,0.0931074
0,0,0.0934758
0,0,0.0935928
0,0,0.0936123
0,0,0.0938069
0,0,0.093831
0,0,0.0938992
0,0,0.0939438
0,0,0.0941263
0,0,0.0942333
0,0,0.0943182
0,0,0.0946455
0,0,0.0947029
0,0,0.0948522
0,0,0.0950089
0,0,0.0950554
0,0,0.0955126
0,0,0.0956182
0,0,0.0958783
0,0,0.09599
0,0,0.0961855
0,0,0.0962742
0,0,0.0962757
0,0,0.0964395
0,0,0.09647
0,0,0.0964745
0,0,0.0965415
0,0,0.0972085
0,0,0.0973401
0,0,0.0975623
0,0,0.0979117
0,0,0.0983923
0,0,0.0984622
0,0,0.0985466
0,0,0.0986603
0,0,0.0996461
0,0,0.101066
0,0,0.101071
0,0,0.10141
0,0,0.101643
0,0,0.102098
0,0,0.10231
0,0,0.102874
0,0,0.102937
0,0,0.103088
0,0,0.103151
0,0,0.103362
0,0,0.103381
0,0,0.103421
0,0,0.103593
0,0,0.103749
0,0,0.103888
0,0,0.104177
0,0,0.104339
0,0,0.104352
0,0,0.10483
0,0,0.104912
0,0,0.105014
0,0,0.105109
0,0,0.105513
0,0,0.106004
0,0,0.106068
0,0,0.106182
0,0,0.106298
0,0,0.10673
0,0,0.106892
0,0,0.107175
0,0,0.107231
0,0,0.109312
0,0,0.109367
0,0,0.10939
0,0,0.109633
0,0,0.109757
0,0,0.109965
0,0,0.110513
0,0,0.111016
0,0,0.111309
0,0,0.111325
0,0,0.111348
0,0,0.111487
0,0,0.111612
0,0,0.111744
0,0,0.11208
0,0,0.112215
0,0,0.112501
0,0,0.112524
0,0,0.112695
0,0,0.112839
0,0,0.112978
0,0,0.113263
0,0,0.113414
0,0,0.114093
0,0,0.114898
0,0,0.115703
0,0,0.11572
0,0,0.115955
0,0,0.115957
0,0,0.116187
0,0,0.116226
0,0,0.116475
0,0,0.116783
0,0,0.117658
0,0,0.117743
0,0,0.118108
0,0,0.118224
0,0,0.11857
0,0,0.118813
0,0,0.119185
0,0,0.119277
0,0,0.119688
0,0,0.120091
0,0,0.120169
0,0,0.12043
0,0,0.120471
0,0,0.120755
0,0,0.121529
0,0,0.121844
0,0,0.121923
0,0,0.12196
0,0,0.12215
0,0,0.122263
0,0,0.122532
0,0,0.122699
0,0,0.122759
0,0,0.122892
0,0,0.12303
0,0,0.123442
0,0,0.123507
0,0,0.123717
0,0,0.123916
0,0,0.125028
0,0,0.125214
0,0,0.125408
0,0,0.126064
0,0,0.126219
0,0,0.126604
0,0,0.12675
0,0,0.12679
0,0,0.126931
0,0,0.126977
0,0,0.127135
0,0,0.127251
0,0,0.127454
0,0,0.127851
0,0,0.128193
0,0,0.128293
0,0,0.128508
0,0,0.128544
0,0,0.128635
0,0,0.129122
0,0,0.129204
0,0,0.129705
0,0,0.130329
0,0,0.130619
0,0,0.13121
0,0,0.131495
0,0,0.131596
0,0,0.131646
0,0,0.131743
0,0,0.131918
0,0,0.132501
0,0,0.13251
0,0,0.132816
0,0,0.132869
0,0,0.132978
0,0,0.133157
0,0,0.133308
0,0,0.133444
0,0,0.133481
0,0,0.133528
0,0,0.133746
0,0,0.134122
0,0,0.134247
0,0,0.134254
0,0,0.134393
0,0,0.134603
0,0,0.134639
0,0,0.135213
0,0,0.135257
0,0,0.135471
0,0,0.13551
0,0,0.13556
0,0,0.135928
0,0,0.135956
0,0,0.136018
0,0,0.136366
0,0,0.136582
0,0,0.136798
0,0,0.136861
0,0,0.137153
0,0,0.137562
0,0,0.137614
0,0,0.138125
0,0,0.138521
0,0,0.138525
0,0,0.138602
0,0,0.138856
0,0,0.139228
0,0,0.139532
0,0,0.140078
0,0,0.140218
0,0,0.140412
0,0,0.14052
0,0,0.1407
0,0,0.14098
0,0,0.141123
0,0,0.141341
0,0,0.141581
0,0,0.14176
0,0,0.142641
0,0,0.142839
0,0,0.143578
0,0,0.143905
0,0,0.144065
0,0,0.144624
0,0,0.144795
0,0,0.145098
0,0,0.145246
0,0,0.145299
0,0,0.145417
0,0,0.146671
0,0,0.146708
0,0,0.146886
0,0,0.146907
0,0,0.147007
0,0,0.147244
0,0,0.14744
0,0,0.147574
0,0,0.148287
0,0,0.148617
0,0,0.149098
0,0,0.149143
0,0,0.14963
0,0,0.150081
0,0,0.150262
0,0,0.15073
0,0,0.15104
0,0,0.151305
0,0,0.151654
0,0,0.151673
0,0,0.151761
0,0,0.151978
0,0,0.152026
0,0,0.152355
0,0,0.152414
0,0,0.152422
0,0,0.152739
0,0,0.15293
0,0,0.153064
0,0,0.153087
0,0,0.153187
0,0,0.153497
0,0,0.153888
0,0,0.154681
0,0,0.154928
0,0,0.155247
0,0,0.155339
0,0,0.155351
0,0,0.155628
0,0,0.155703
0,0,0.155747
0,0,0.155822
0,0,0.156413
0,0,0.157063
0,0,0.157583
0,0,0.157592
0,0,0.1581
0,0,0.158185
0,0,0.158194
0,0,0.15821
0,0,0.158507
0,0,0.158591
0,0,0.158784
0,0,0.158902
0,0,0.159285
0,0,0.159344
0,0,0.160505
0,0,0.160608
0,0,0.160974
0,0,0.161572
0,0,0.161799
0,0,0.161809
0,0,0.161875
0,0,0.162305
0,0,0.162576
0,0,0.162681
0,0,0.162882
0,0,0.1629
0,0,0.163374
0,0,0.163415
0,0,0.163521
0,0,0.163644
0,0,0.164107
0,0,0.164514
0,0,0.164724
0,0,0.164984
0,0,0.165171
0,0,0.16549
0,0,0.165672
0,0,0.166015
0,0,0.16608
0,0,0.166372
0,0,0.167103
0,0,0.167678
0,0,0.168247
0,0,0.169048
0,0,0.169492
0,0,0.170001
0,0,0.170333
0,0,0.171055
0,0,0.171272
0,0,0.171277
0,0,0.17138
0,0,0.171711
0,0,0.172497
0,0,0.172794
0,0,0.172985
0,0,0.173036
0,0,0.173367
0,0,0.173422
0,0,0.173721
0,0,0.173892
0,0,0.175543
0,0,0.175861
0,0,0.175933
0,0,0.17649
0,0,0.176985
0,0,0.177202
0,0,0.177296
0,0,0.177699
0,0,0.17861
0,0,0.178889
0,0,0.17926
0,0,0.179295
0,0,0.179494
0,0,0.179659
0,0,0.179749
0,0,0.179794
0,0,0.180405
0,0,0.180485
0,0,0.180808
0,0,0.180909
0,0,0.181728
0,0,0.182055
0,0,0.18291
0,0,0.183107
0,0,0.18444
0,0,0.184934
0,0,0.184943
0,0,0.184982
0,0,0.185015
0,0,0.185187
0,0,0.185636
0,0,0.185711
0,0,0.186258
0,0,0.186318
0,0,0.186603
0,0,0.18869
0,0,0.188985
0,0,0.189428
0,0,0.18967
0,0,0.18996
0,0,0.191966
0,0,0.192076
0,0,0.193326
0,0,0.193457
0,0,0.193538
0,0,0.194675
0,0,0.195064
0,0,0.195314
0,0,0.195549
0,0,0.195699
0,0,0.195784
0,0,0.196017
0,0,0.196202
0,0,0.1965
0,0,0.196712
0,0,0.197042
0,0,0.197114
0,0,0.197453
0,0,0.198088
0,0,0.199869
0,0,0.200004
0,0,0.200244
0,0,0.200494
0,0,0.201014
0,0,0.201108
0,0,0.2012
0,0,0.20131
0,0,0.201405
0,0,0.201538
0,0,0.20202
0,0,0.202034
0,0,0.202564
0,0,0.202658
0,0,0.202781
0,0,0.203357
0,0,0.204293
0,0,0.205018
0,0,0.205617
0,0,0.206012
0,0,0.206224
0,0,0.206946
0,0,0.207264
0,0,0.207333
0,0,0.20746
0,0,0.207717
0,0,0.207757
0,0,0.20783
0,0,0.207981
0,0,0.209051
0,0,0.209062
0,0,0.209196
0,0,0.209722
0,0,0.209831
0,0,0.209857
0,0,0.210809
0,0,0.211117
0,0,0.21121
0,0,0.211215
0,0,0.211576
0,0,0.211612
0,0,0.211873
0,0,0.211889
0,0,0.212021
0,0,0.213067
0,0,0.213085
0,0,0.213945
0,0,0.214012
0,0,0.2145
0,0,0.214905
0,0,0.215873
0,0,0.215966
0,0,0.216091
0,0,0.216215
0,0,0.216266
0,0,0.216378
0,0,0.216707
0,0,0.216774
0,0,0.217411
0,0,0.217559
0,0,0.21834
0,0,0.218501
0,0,0.218753
0,0,0.218903
0,0,0.220433
0,0,0.220908
0,0,0.22123
0,0,0.221492
0,0,0.221706
0,0,0.221896
0,0,0.221919
0,0,0.222728
0,0,0.223175
0,0,0.223337
0,0,0.224014
0,0,0.224844
0,0,0.225619
0,0,0.225734
0,0,0.225934
0,0,0.226183
0,0,0.227495
0,0,0.228112
0,0,0.228356
0,0,0.228673
0,0,0.22898
0,0,0.229521
0,0,0.231054
0,0,0.232185
0,0,0.232245
0,0,0.232542
0,0,0.232637
0,0,0.232706
0,0,0.232977
0,0,0.233051
0,0,0.234717
0,0,0.235113
0,0,0.23539
0,0,0.235655
0,0,0.235712
0,0,0.235759
0,0,0.235804
0,0,0.235937
0,0,0.236054
0,0,0.236085
0,0,0.236175
0,0,0.23623
0,0,0.236412
0,0,0.23673
0,0,0.236778
0,0,0.237036
0,0,0.237153
0,0,0.237218
0,0,0.237227
0,0,0.237767
0,0,0.237982
0,0,0.238285
0,0,0.238617
0,0,0.240307
0,0,0.240417
0,0,0.240479
0,0,0.24065
0,0,0.240691
0,0,0.240824
0,0,0.241151
0,0,0.242409
0,0,0.242584
0,0,0.24274
0,0,0.243114
0,0,0.243671
0,0,0.244276
0,0,0.244667
0,0,0.244759
0,0,0.245314
0,0,0.245983
0,0,0.247559
0,0,0.24779
0,0,0.247886
0,0,0.248045
0,0,0.248544
0,0,0.249546
0,0,0.250219
0,0,0.250736
0,0,0.250739
0,0,0.251011
0,0,0.251075
0,0,0.251655
0,0,0.251746
0,0,0.253288
0,0,0.253468
0,0,0.254647
0,0,0.255209
0,0,0.256904
0,0,0.257055
0,0,0.257505
0,0,0.257665
0,0,0.258588
0,0,0.258667
0,0,0.258985
0,0,0.259646
0,0,0.260647
0,0,0.260772
0,0,0.262575
0,0,0.262853
0,0,0.262934
0,0,0.263586
0,0,0.264435
0,0,0.264694
0,0,0.265705
0,0,0.265965
0,0,0.2663
0,0,0.266614
0,0,0.266714
0,0,0.267521
0,0,0.269117
0,0,0.270305
0,0,0.270922
0,0,0.271138
0,0,0.271416
0,0,0.271796
0,0,0.271835
0,0,0.272641
0,0,0.273029
0,0,0.273948
0,0,0.274009
0,0,0.274249
0,0,0.274515
0,0,0.274758
0,0,0.276713
0,0,0.277762
0,0,0.278155
0,0,0.278347
0,0,0.27942
0,0,0.281635
0,0,0.281666
0,0,0.282472
0,0,0.282548
0,0,0.282733
0,0,0.282853
0,0,0.283718
0,0,0.284196
0,0,0.284357
0,0,0.284534
0,0,0.284622
0,0,0.284751
0,0,0.2852
0,0,0.28536
0,0,0.285671
0,0,0.286154
0,0,0.286215
0,0,0.287289
0,0,0.288468
0,0,0.289673
0,0,0.289753
0,0,0.290522
0,0,0.291421
0,0,0.292816
0,0,0.294003
0,0,0.295813
0,0,0.295944
0,0,0.296018
0,0,0.297917
0,0,0.297997
0,0,0.298123
0,0,0.299465
0,0,0.299476
0,0,0.299951
0,0,0.301476
0,0,0.301656
0,0,0.301684
0,0,0.302105
0,0,0.302552
0,0,0.302718
0,0,0.303546
0,0,0.303696
0,0,0.303847
0,0,0.304475
0,0,0.307787
0,0,0.308631
0,0,0.309443
0,0,0.31053
0,0,0.310556
0,0,0.310641
0,0,0.311215
0,0,0.313494
0,0,0.313706
0,0,0.314693
0,0,0.315237
0,0,0.316143
0,0,0.316246
0,0,0.318239
0,0,0.319008
0,0,0.319925
0,0,0.32237
0,0,0.322518
0,0,0.323086
0,0,0.323629
0,0,0.323691
0,0,0.323962
0,0,0.324069
0,0,0.327974
0,0,0.329438
0,0,0.32956
0,0,0.330904
0,0,0.331629
0,0,0.331905
0,0,0.332408
0,0,0.333187
0,0,0.333669
0,0,0.334406
0,0,0.334868
0,0,0.335457
0,0,0.335575
0,0,0.337355
0,0,0.337365
0,0,0.338312
0,0,0.339585
0,0,0.339619
0,0,0.340274
0,0,0.340387
0,0,0.341538
0,0,0.341659
0,0,0.345514
0,0,0.349037
0,0,0.35165
0,0,0.352128
0,0,0.35214
0,0,0.352258
0,0,0.353102
0,0,0.355815
0,0,0.360313
0,0,0.361161
0,0,0.361962
0,0,0.362253
0,0,0.363092
0,0,0.363211
0,0,0.365314
0,0,0.366133
0,0,0.37077
0,0,0.373325
0,0,0.373417
0,0,0.373913
0,0,0.374931
0,0,0.38065
0,0,0.382529
0,0,0.382643
0,0,0.383102
0,0,0.383166
0,0,0.384633
0,0,0.385192
0,0,0.385687
0,0,0.385877
0,0,0.387398
0,0,0.388285
0,0,0.390624
0,0,0.394045
0,0,0.395893
0,0,0.396162
0,0,0.39844
0,0,0.399118
0,0,0.399721
0,0,0.403982
0,0,0.405849
0,0,0.40676
0,0,0.411381
0,0,0.411594
0,0,0.411666
0,0,0.412197
0,0,0.421754
0,0,0.422773
0,0,0.426993
0,0,0.428165
0,0,0.430831
0,0,0.433402
0,0,0.434498
0,0,0.435121
0,0,0.435264
0,0,0.437836
0,0,0.445198
0,0,0.447036
0,0,0.449944
0,0,0.452517
0,0,0.456369
0,0,0.45781
0,0,0.458685
0,0,0.462186
0,0,0.465979
0,0,0.466781
0,0,0.47114
0,0,0.473318
0,0,0.476548
0,0,0.476775
0,0,0.481103
0,0,0.483995
0,0,0.492258
0,0,0.494893
0,0,0.496114
0,0,0.496314
0,0,0.498328
0,0,0.518498
0,0,0.522547
0,0,0.528697
0,0,0.53025
0,0,0.530262
0,0,0.531656
0,0,0.533827
0,0,0.536863
0,0,0.544061
0,0,0.582837
0,0,0.582972
0,0,0.58841
0,0,0.603758
0,0,0.608326
0,0,0.610624
0,0,0.635991
0,0,0.646475
0,0,0.660227
0,0,0.681785
0,0,0.722224
0,0,0.816644
0,0,0.942722
0,0,1.34696
0,0,1.48307
0,0,1.51234
0,0,3
1,1.7499,1.78518
1,1.64898,1.85237
1,1.3593,1.39079
1,1.06919,1.08209
1,0.928783,0.998012
1,0.923148,0.97678
1,0.902833,0.914495
1,0.877212,1.06323
1,0.800632,0.810498
1,0.746249,0.86566
1,0.745526,0.755094
1,0.744475,1.64542
1,0.73467,0.79847
1,0.728412,0.757738
1,0.727734,0.937819
1,0.727349,0.844753
1,0.721387,0.747704
1,0.713514,0.806899
1,0.702685,0.804417
1,0.697138,0.699538
1,0.683586,0.757435
1,0.683301,0.714992
1,0.681165,0.769748
1,0.667553,0.854557
1,0.658792,0.710695
1,0.655552,0.676766
1,0.648041,0.68032
1,0.641879,1.25156
1,0.641332,0.869769
1,0.640241,0.778474
1,0.6395,0.649422
1,0.63057,0.695975
1,0.628632,0.714986
1,0.619563,0.726797
1,0.612925,0.801254
1,0.612823,0.724966
1,0.611736,0.704373
1,0.603837,0.683034
1,0.601612,0.666874
1,0.5974,0.886222
1,0.596358,0.743331
1,0.59406,0.813958
1,0.594054,0.650703
1,0.593661,0.716714
1,0.590259,0.666498
1,0.58926,0.619826
1,0.584682,0.617764
1,0.581093,0.735692
1,0.577469,0.595408
1,0.576035,0.586235
1,0.572542,0.915866
1,0.566482,0.614356
1,0.562761,0.73478
1,0.55857,0.606236
1,0.550207,0.589724
1,0.549029,0.550158
1,0.54535,0.578905
1,0.545311,0.587122
1,0.542621,0.55327
1,0.541319,0.565698
1,0.53591,0.632499
1,0.534727,0.600461
1,0.533813,0.535306
1,0.532345,0.614392
1,0.531949,0.684243
1,0.530915,0.570796
1,0.528883,0.6239
1,0.526497,0.545167
1,0.525125,0.528596
1,0.520708,0.876799
1,0.516625,0.546888
1,0.51272,0.581679
1,0.511268,0.565698
1,0.505112,0.516652
1,0.503526,0.566737
1,0.503345,0.638731
1,0.501801,0.508181
1,0.500217,0.533472
1,0.499753,0.586352
1,0.498981,0.531993
1,0.497737,0.505244
1,0.490925,0.491716
1,0.485001,0.506643
1,0.484692,0.51423
1,0.482243,0.492662
1,0.481302,0.495164
1,0.480401,0.636785
1,0.479652,0.491107
1,0.475556,0.620012
1,0.475182,0.501271
1,0.474871,0.493225
1,0.472718,0.541922
1,0.472575,0.805054
1,0.469213,0.545624
1,0.466911,0.482909
1,0.46535,0.496999
1,0.464657,0.613968
1,0.460204,0.585404
1,0.460187,0.52762
1,0.458732,0.486423
1,0.458355,0.555277
1,0.456425,0.555198
1,0.455486,0.469752
1,0.455279,0.562608
1,0.453815,0.608155
1,0.45214,0.55375
1,0.451391,0.524289
1,0.445371,0.597655
1,0.444965,0.488489
1,0.44376,0.452598
1,0.442173,0.636485
1,0.44194,0.588423
1,0.44047,0.496999
1,0.440235,0.597018
1,0.439509,0.589295
1,0.435329,0.460669
1,0.431387,0.452085
1,0.430326,0.434103
1,0.4277,0.441984
1,0.425574,0.471502
1,0.425382,0.760327
1,0.425341,0.705464
1,0.422806,0.624006
1,0.421282,0.528792
1,0.421215,0.488489
1,0.419691,0.430598
1,0.416976,0.651071
1,0.414833,0.485514
1,0.411493,0.415749
1,0.411227,0.525234
1,0.407637,0.416723
1,0.407401,0.426792
1,0.405703,0.942889
1,0.405155,0.669934
1,0.404873,0.418299
1,0.401426,0.405402
1,0.399591,0.408958
1,0.399083,0.652113
1,0.39743,0.478823
1,0.39707,0.663992
1,0.395298,0.451248
1,0.394636,0.453721
1,0.394227,0.434185
1,0.391824,0.415724
1,0.39167,0.489307
1,0.391566,0.465161
1,0.38405,0.397193
1,0.383581,0.414757
1,0.380828,0.679344
1,0.380775,0.440775
1,0.376816,0.418105
1,0.373064,0.374323
1,0.371051,0.47685
1,0.370017,0.382397
1,0.369968,0.397649
1,0.368391,0.391762
1,0.365387,0.378753
1,0.365017,0.371371
1,0.363178,0.445013
1,0.359974,0.525608
1,0.358619,0.472451
1,0.355895,0.369908
1,0.35428,0.38795
1,0.352575,0.427186
1,0.350876,0.381903
1,0.348299,0.3685
1,0.347213,0.429979
1,0.344112,0.433565
1,0.34311,0.43129
1,0.341587,0.41193
1,0.341186,0.428502
1,0.338892,0.344963
1,0.334232,0.342279
1,0.331497,0.378258
1,0.330864,0.371379
1,0.329591,0.400285
1,0.329288,0.491393
1,0.328782,0.4697
1,0.328379,0.346296
1,0.327582,0.364983
1,0.324748,0.346377
1,0.323067,0.559397
1,0.322977,0.388869
1,0.32184,0.338838
1,0.321127,0.331453
1,0.319159,0.328511
1,0.317461,0.361448
1,0.317366,0.326681
1,0.315532,0.356891
1,0.315149,0.363702
1,0.313436,0.34382
1,0.307912,0.358895
1,0.306025,0.457586
1,0.30523,0.329979
1,0.302748,0.327149
1,0.302006,0.349796
1,0.300308,0.316821
1,0.299763,0.304185
1,0.299496,0.305529
1,0.298897,0.310391
1,0.298717,0.343698
1,0.297438,0.318968
1,0.296601,0.300031
1,0.295677,0.403853
1,0.292884,0.396341
1,0.292054,0.396067
1,0.290204,0.318873
1,0.286979,0.38859
1,0.286792,0.506048
1,0.286769,0.29316
1,0.28646,0.342603
1,0.285938,0.387927
1,0.284539,0.323445
1,0.283227,0.29216
1,0.278558,0.281579
1,0.277798,0.310327
1,0.277137,0.36585
1,0.275514,0.344255
1,0.274492,0.29468
1,0.27178,0.313516
1,0.26804,0.278149
1,0.267193,0.27792
1,0.267019,0.271074
1,0.266148,0.272087
1,0.264021,0.278674
1,0.261943,0.267196
1,0.261428,0.282551
1,0.260818,0.272976
1,0.26004,0.281713
1,0.256781,0.31481
1,0.256138,0.32755
1,0.254132,0.334572
1,0.248513,0.260525
1,0.247197,0.250463
1,0.24615,0.250735
1,0.245208,0.270247
1,0.243103,0.319037
1,0.239482,0.269884
1,0.239306,0.258649
1,0.238159,0.250463
1,0.231315,0.239977
1,0.22892,0.247628
1,0.22828,0.233592
1,0.226986,0.298784
1,0.226541,0.251707
1,0.226121,0.23394
1,0.225271,0.234886
1,0.217753,0.233876
1,0.214664,0.218578
1,0.209262,0.24837
1,0.209081,0.250119
1,0.206894,0.265192
1,0.20541,0.223659
1,0.202992,0.256421
1,0.201664,0.229654
1,0.198506,0.219376
1,0.198092,0.214178
1,0.19722,0.262406
1,0.196289,0.213154
1,0.196123,0.220897
1,0.19454,0.204529
1,0.186478,0.195004
1,0.18578,0.200916
1,0.185545,0.193478
1,0.180555,0.193847
1,0.179765,0.215201
1,0.178951,0.216435
1,0.176459,0.193413
1,0.173842,0.249317
1,0.171027,0.192848
1,0.170578,0.189794
1,0.170564,0.236614
1,0.168198,0.180097
1,0.167964,0.1796
1,0.167423,0.183112
1,0.167337,0.173739
1,0.167309,0.19491
1,0.165966,0.167156
1,0.165052,0.172782
1,0.161556,0.198114
1,0.159053,0.15963
1,0.155842,0.175368
1,0.155684,0.191108
1,0.152106,0.154714
1,0.152031,0.153557
1,0.151762,0.19438
1,0.151604,0.156493
1,0.149113,0.159728
1,0.149012,0.162827
1,0.147839,0.153205
1,0.144546,0.159289
1,0.143724,0.149917
1,0.143258,0.145112
1,0.14204,0.158744
1,0.139824,0.14211
1,0.139415,0.175217
1,0.137427,0.147149
1,0.135056,0.141039
1,0.131697,0.132896
1,0.131431,0.15716
1,0.13118,0.17871
1,0.129876,0.141901
1,0.129789,0.130226
1,0.129408,0.145531
1,0.126706,0.152017
1,0.125761,0.14916
1,0.123464,0.1521
1,0.121642,0.12397
1,0.118708,0.122124
1,0.118661,0.122002
1,0.116824,0.124683
1,0.115347,0.129607
1,0.112429,0.144823
1,0.104666,0.121881
1,0.102553,0.13015
1,0.100905,0.117518
1,0.0944516,0.104297
1,0.092442,0.105815
1,0.0911828,0.12332
1,0.0899831,0.0905756
1,0.089642,0.0953346
1,0.0872073,0.102381
1,0.0867018,0.0955983
1,0.0863317,0.0955637
1,0.0858755,0.0939267
1,0.0826648,0.0860559
1,0.0807038,0.0983991
1,0.0805961,0.116426
1,0.0794588,0.0859654
1,0.0771043,0.0957859
1,0.0764673,0.083171
1,0.0740111,0.0798951
1,0.0714495,0.0981271
1,0.0712477,0.092148
1,0.0706322,0.071269
1,0.0697209,0.0788324
1,0.068506,0.0719836
1,0.0668625,0.070623
1,0.0653533,0.067837
1,0.0647194,0.0788539
1,0.05792,0.0619717
1,0.0574936,0.0598769
1,0.0541702,0.0560028
1,0.0533577,0.0593095
1,0.0485436,0.052172
1,0.0372675,0.0428012
1,0.0354623,0.0375011
2,1.81654,1.83378
2,1.05365,1.07546
2,1.03015,1.0614
2,0.999244,1.0916
2,0.974597,0.975842
2,0.96957,0.974278
2,0.960081,1.02599
2,0.94768,1.11781
2,0.940952,0.951176
2,0.900876,0.929972
2,0.896189,0.903855
2,0.858462,0.95582
2,0.818365,0.841182
2,0.81519,0.870028
2,0.806899,0.824351
2,0.804876,0.856873
2,0.780784,0.783536
2,0.772719,0.869969
2,0.770319,0.902073
2,0.765055,0.773698
2,0.757324,0.782544
2,0.737259,0.777722
2,0.706575,0.743677
2,0.70628,0.766082
2,0.693018,0.704999
2,0.639287,0.67486
2,0.629748,0.634218
2,0.601779,0.643058
2,0.584956,0.615153
2,0.577966,0.579542
2,0.553902,0.568079
2,0.548042,0.551715
2,0.491889,0.500525
2,0.471487,0.491235
2,0.462046,0.464964
2,0.456193,0.494104
2,0.416301,0.419367
2,0.352085,0.353388
2,0.333501,0.347955
2,0.28299,0.297233
2,0.269024,0.270825
2,0.208987,0.211927
2,0.186996,0.190269
2,0.166277,0.175538
2,0.163626,0.168194
2,0.157712,0.160427
2,0.154915,0.156521
2,0.143913,0.144881
2,0.13364,0.13692
2,0.101952,0.102454
2,0.0995212,0.107039
2,0.0938364,0.104905
