point cloud with 2373 points in dimension 3
0,0,0.00301992
0,0,0.00357007
0,0,0.00600529
0,0,0.00626039
0,0,0.00640592
0,0,0.00671478
0,0,0.0072083
0,0,0.0075222
0,0,0.00766384
0,0,0.00769856
0,0,0.00778712
0,0,0.0078154
0,0,0.00839883
0,0,0.00865541
0,0,0.0086711
0,0,0.00932754
0,0,0.00978578
0,0,0.0102025
0,0,0.0102512
0,0,0.010407
0,0,0.0104434
0,0,0.0104609
0,0,0.0105827
0,0,0.0107184
0,0,0.0108669
0,0,0.0109849
0,0,0.0115017
0,0,0.0121553
0,0,0.0122668
0,0,0.0122985
0,0,0.0123558
0,0,0.0124413
0,0,0.0128803
0,0,0.0129157
0,0,0.0131722
0,0,0.0131907
0,0,0.0132365
0,0,0.0135083
0,0,0.0135114
0,0,0.0136826
0,0,0.0136846
0,0,0.0137751
0,0,0.0137765
0,0,0.0138776
0,0,0.013887
0,0,0.0139187
0,0,0.0140072
0,0,0.0140517
0,0,0.0141352
0,0,0.0141449
0,0,0.0142332
0,0,0.0143258
0,0,0.0143309
0,0,0.0148824
0,0,0.0148928
0,0,0.0150119
0,0,0.0150475
0,0,0.0151822
0,0,0.0151878
0,0,0.0152476
0,0,0.0155144
0,0,0.0155303
0,0,0.0156871
0,0,0.0157337
0,0,0.016034
0,0,0.0160774
0,0,0.0161107
0,0,0.0161155
0,0,0.0161155
0,0,0.016226
0,0,0.0162676
0,0,0.0163432
0,0,0.016347
0,0,0.0164733
0,0,0.0164873
0,0,0.0164942
0,0,0.0166912
0,0,0.0167714
0,0,0.0167852
0,0,0.0169295
0,0,0.0169835
0,0,0.0169933
0,0,0.0173019
0,0,0.0173195
0,0,0.0173688
0,0,0.0174664
0,0,0.0175446
0,0,0.0175592
0,0,0.0176076
0,0,0.0177546
0,0,0.0177824
0,0,0.0179513
0,0,0.0179573
0,0,0.0181275
0,0,0.0184666
0,0,0.0185157
0,0,0.018548
0,0,0.0185564
0,0,0.018785
0,0,0.0189162
0,0,0.0190498
0,0,0.0191325
0,0,0.0191838
0,0,0.0194648
0,0,0.0195013
0,0,0.0195146
0,0,0.0195211
0,0,0.0195331
0,0,0.0195948
0,0,0.0195956
0,0,0.0196371
0,0,0.0198729
0,0,0.0199142
0,0,0.0201015
0,0,0.0201712
0,0,0.0202147
0,0,0.0202645
0,0,0.0203006
0,0,0.0203672
0,0,0.0203923
0,0,0.0205355
0,0,0.020579
0,0,0.020581
0,0,0.0208336
0,0,0.0209941
0,0,0.0210285
0,0,0.0210582
0,0,0.0210669
0,0,0.0210989
0,0,0.0211873
0,0,0.0212114
0,0,0.0212519
0,0,0.0213197
0,0,0.0214162
0,0,0.0214254
0,0,0.0214372
0,0,0.0215091
0,0,0.0217667
0,0,0.021874
0,0,0.0218835
0,0,0.0219273
0,0,0.0219691
0,0,0.0219841
0,0,0.0219974
0,0,0.0220143
0,0,0.0220226
0,0,0.0221837
0,0,0.0223503
0,0,0.0223598
0,0,0.022372
0,0,0.0224286
0,0,0.0224362
0,0,0.0224364
0,0,0.0225588
0,0,0.0225693
0,0,0.0225726
0,0,0.0226354
0,0,0.022639
0,0,0.0227054
0,0,0.0230194
0,0,0.0230294
0,0,0.023115
0,0,0.0231475
0,0,0.0231683
0,0,0.0231709
0,0,0.0231727
0,0,0.023201
0,0,0.0232702
0,0,0.023326
0,0,0.0233289
0,0,0.0233942
0,0,0.0236271
0,0,0.0236453
0,0,0.023695
0,0,0.0238833
0,0,0.0240022
0,0,0.0241099
0,0,0.0241118
0,0,0.0242393
0,0,0.0242509
0,0,0.0242644
0,0,0.0242878
0,0,0.0242879
0,0,0.0243079
0,0,0.0243853
0,0,0.0244051
0,0,0.0244146
0,0,0.0244285
0,0,0.0246838
0,0,0.0247256
0,0,0.0247535
0,0,0.0247725
0,0,0.0248121
0,0,0.0248913
0,0,0.0249103
0,0,0.0249715
0,0,0.0251179
0,0,0.025227
0,0,0.0252355
0,0,0.0252471
0,0,0.0252582
0,0,0.0253548
0,0,0.0253694
0,0,0.0253768
0,0,0.0254233
0,0,0.0254565
0,0,0.0254957
0,0,0.0255338
0,0,0.0255905
0,0,0.0257352
0,0,0.0257677
0,0,0.0257795
0,0,0.0257952
0,0,0.0258329
0,0,0.0258461
0,0,0.0258502
0,0,0.02589
0,0,0.0259807
0,0,0.0262771
0,0,0.0263065
0,0,0.0263281
0,0,0.0263335
0,0,0.0263519
0,0,0.0263558
0,0,0.0264067
0,0,0.0264207
0,0,0.0264637
0,0,0.0264801
0,0,0.0265384
0,0,0.0265728
0,0,0.0265959
0,0,0.0267536
0,0,0.0267615
0,0,0.0268303
0,0,0.026928
0,0,0.0270814
0,0,0.0271504
0,0,0.0272405
0,0,0.0272639
0,0,0.0273694
0,0,0.0274316
0,0,0.0274346
0,0,0.0274994
0,0,0.0277767
0,0,0.0278132
0,0,0.0278711
0,0,0.0278921
0,0,0.0279134
0,0,0.0280104
0,0,0.0280936
0,0,0.0281745
0,0,0.0282074
0,0,0.0285928
0,0,0.028606
0,0,0.0287079
0,0,0.0287313
0,0,0.0287417
0,0,0.0287849
0,0,0.0288627
0,0,0.0289448
0,0,0.0289716
0,0,0.0289825
0,0,0.0290435
0,0,0.0291399
0,0,0.0291943
0,0,0.0292019
0,0,0.0292644
0,0,0.0292701
0,0,0.0293364
0,0,0.0293751
0,0,0.0294086
0,0,0.0294164
0,0,0.0294763
0,0,0.0295306
0,0,0.0295649
0,0,0.0295746
0,0,0.0296456
0,0,0.0297059
0,0,0.029707
0,0,0.0297358
0,0,0.0298451
0,0,0.0298852
0,0,0.0299
0,0,0.0301554
0,0,0.0301656
0,0,0.0301955
0,0,0.0303052
0,0,0.0303199
0,0,0.0303266
0,0,0.0303405
0,0,0.0303654
0,0,0.0304444
0,0,0.0304708
0,0,0.0304968
0,0,0.0305204
0,0,0.0305581
0,0,0.0305925
0,0,0.0306548
0,0,0.0306948
0,0,0.0307388
0,0,0.0307989
0,0,0.0309323
0,0,0.0309351
0,0,0.0309517
0,0,0.0310103
0,0,0.0310146
0,0,0.0310164
0,0,0.0310914
0,0,0.0310929
0,0,0.0311699
0,0,0.0311803
0,0,0.0312092
0,0,0.0312316
0,0,0.0312489
0,0,0.031372
0,0,0.0314633
0,0,0.0314648
0,0,0.0315485
0,0,0.0315539
0,0,0.0316476
0,0,0.0318124
0,0,0.0318437
0,0,0.032004
0,0,0.0320684
0,0,0.0320709
0,0,0.032182
0,0,0.0322032
0,0,0.0322143
0,0,0.0322397
0,0,0.0322762
0,0,0.0323635
0,0,0.0323676
0,0,0.0323979
0,0,0.0324146
0,0,0.032458
0,0,0.0324963
0,0,0.0325772
0,0,0.0325833
0,0,0.0326167
0,0,0.0326269
0,0,0.0327407
0,0,0.0327509
0,0,0.0327583
0,0,0.0327741
0,0,0.0328115
0,0,0.033083
0,0,0.0330937
0,0,0.033144
0,0,0.0331463
0,0,0.033158
0,0,0.0331827
0,0,0.0331836
0,0,0.0331984
0,0,0.0332291
0,0,0.0332457
0,0,0.0333591
0,0,0.0333679
0,0,0.033393
0,0,0.0334012
0,0,0.0334185
0,0,0.0334205
0,0,0.0334682
0,0,0.0334768
0,0,0.0335019
0,0,0.0335066
0,0,0.0335067
0,0,0.0335141
0,0,0.0335714
0,0,0.0335787
0,0,0.033586
0,0,0.0338198
0,0,0.0338819
0,0,0.0340119
0,0,0.0340264
0,0,0.0340345
0,0,0.0340638
0,0,0.0340961
0,0,0.0341447
0,0,0.0341614
0,0,0.0341682
0,0,0.0342037
0,0,0.0342324
0,0,0.0342721
0,0,0.0343248
0,0,0.034405
0,0,0.0344784
0,0,0.034508
0,0,0.0345423
0,0,0.0345465
0,0,0.0345791
0,0,0.0345929
0,0,0.0345968
0,0,0.034608
0,0,0.0346309
0,0,0.0346769
0,0,0.0347123
0,0,0.0347504
0,0,0.0347989
0,0,0.0348078
0,0,0.0348712
0,0,0.0349237
0,0,0.0349607
0,0,0.0350013
0,0,0.0350119
0,0,0.0350137
0,0,0.0350647
0,0,0.035086
0,0,0.0350886
0,0,0.0350894
0,0,0.0350949
0,0,0.0351276
0,0,0.0351759
0,0,0.0351825
0,0,0.0352771
0,0,0.0352789
0,0,0.0353296
0,0,0.0354047
0,0,0.0354344
0,0,0.0354888
0,0,0.0355211
0,0,0.0356293
0,0,0.0357192
0,0,0.0357281
0,0,0.035757
0,0,0.0358258
0,0,0.0358474
0,0,0.0358477
0,0,0.0359028
0,0,0.0359079
0,0,0.035933
0,0,0.0359425
0,0,0.0359737
0,0,0.0360103
0,0,0.0361235
0,0,0.0361495
0,0,0.0361666
0,0,0.0362053
0,0,0.0362727
0,0,0.0363173
0,0,0.0363244
0,0,0.0363806
0,0,0.0364197
0,0,0.0364494
0,0,0.0364609
0,0,0.0364612
0,0,0.036572
0,0,0.0366145
0,0,0.0366536
0,0,0.0367218
0,0,0.0367707
0,0,0.0368049
0,0,0.0368503
0,0,0.036866
0,0,0.0369005
0,0,0.0369086
0,0,0.0370169
0,0,0.0370458
0,0,0.0371465
0,0,0.0372054
0,0,0.0372554
0,0,0.0373888
0,0,0.0373909
0,0,0.0374159
0,0,0.0374184
0,0,0.0374729
0,0,0.0374731
0,0,0.0375019
0,0,0.037554
0,0,0.0375884
0,0,0.0376323
0,0,0.0376695
0,0,0.0377336
0,0,0.0377619
0,0,0.0377857
0,0,0.037804
0,0,0.0379132
0,0,0.0379215
0,0,0.0379358
0,0,0.0379686
0,0,0.0380697
0,0,0.0381059
0,0,0.038169
0,0,0.0381769
0,0,0.0382154
0,0,0.0382556
0,0,0.0382678
0,0,0.0382752
0,0,0.0382928
0,0,0.0383451
0,0,0.0383721
0,0,0.0384012
0,0,0.0384326
0,0,0.0384542
0,0,0.0384786
0,0,0.0384881
0,0,0.0384889
0,0,0.0384936
0,0,0.0386274
0,0,0.0386504
0,0,0.0387123
0,0,0.0387351
0,0,0.0387454
0,0,0.0388103
0,0,0.038881
0,0,0.0388852
0,0,0.0390586
0,0,0.0390725
0,0,0.039076
0,0,0.0390961
0,0,0.039104
0,0,0.0391348
0,0,0.0391973
0,0,0.0392549
0,0,0.039265
0,0,0.0392894
0,0,0.0393257
0,0,0.0393305
0,0,0.0393495
0,0,0.0393617
0,0,0.0393994
0,0,0.0394579
0,0,0.0394705
0,0,0.0394995
0,0,0.0395049
0,0,0.0395113
0,0,0.0395249
0,0,0.0395352
0,0,0.0395723
0,0,0.0395871
0,0,0.0396242
0,0,0.0396468
0,0,0.0397207
0,0,0.039759
0,0,0.0398294
0,0,0.0398551
0,0,0.0399117
0,0,0.0400093
0,0,0.0400446
0,0,0.0401439
0,0,0.0401873
0,0,0.040231
0,0,0.0404797
0,0,0.0405401
0,0,0.0406354
0,0,0.0406478
0,0,0.040683
0,0,0.0407096
0,0,0.0407272
0,0,0.0407311
0,0,0.0407336
0,0,0.0407777
0,0,0.0407799
0,0,0.0407849
0,0,0.0407881
0,0,0.0408934
0,0,0.0409479
0,0,0.0410092
0,0,0.0410899
0,0,0.0410947
0,0,0.0412022
0,0,0.041439
0,0,0.0414494
0,0,0.0414622
0,0,0.0415151
0,0,0.0415889
0,0,0.041601
0,0,0.0416028
0,0,0.0418147
0,0,0.0418598
0,0,0.0418959
0,0,0.0419399
0,0,0.0420077
0,0,0.0422106
0,0,0.0422219
0,0,0.0422829
0,0,0.0424376
0,0,0.0424882
0,0,0.0424923
0,0,0.0426524
0,0,0.0426742
0,0,0.0427359
0,0,0.0428348
0,0,0.0428855
0,0,0.042924
0,0,0.0429904
0,0,0.0430165
0,0,0.043049
0,0,0.0430597
0,0,0.0431828
0,0,0.0432213
0,0,0.0432549
0,0,0.0432667
0,0,0.0433741
0,0,0.0434122
0,0,0.0434307
0,0,0.0434852
0,0,0.0435446
0,0,0.043564
0,0,0.0435759
0,0,0.0435759
0,0,0.0435794
0,0,0.0437194
0,0,0.0437497
0,0,0.0438382
0,0,0.0438892
0,0,0.0439628
0,0,0.0439652
0,0,0.0440882
0,0,0.0441567
0,0,0.0441873
0,0,0.044192
0,0,0.0441952
0,0,0.0442445
0,0,0.0442474
0,0,0.0442483
0,0,0.044315
0,0,0.0443877
0,0,0.0444211
0,0,0.0444884
0,0,0.0444981
0,0,0.0445249
0,0,0.0445528
0,0,0.0445948
0,0,0.0446042
0,0,0.0446066
0,0,0.0446968
0,0,0.0447293
0,0,0.0447319
0,0,0.0447607
0,0,0.0448196
0,0,0.0448234
0,0,0.0448419
0,0,0.0448523
0,0,0.0448631
0,0,0.0448768
0,0,0.0448775
0,0,0.0448943
0,0,0.0449233
0,0,0.0449332
0,0,0.0449516
0,0,0.0450867
0,0,0.0451666
0,0,0.0452324
0,0,0.0452348
0,0,0.0452672
0,0,0.0452686
0,0,0.0453616
0,0,0.0455379
0,0,0.0455481
0,0,0.0455547
0,0,0.0455946
0,0,0.0456155
0,0,0.0456377
0,0,0.0456485
0,0,0.0457087
0,0,0.0457363
0,0,0.0457489
0,0,0.0457679
0,0,0.0458249
0,0,0.0458367
0,0,0.045849
0,0,0.0459116
0,0,0.0459444
0,0,0.0459986
0,0,0.046079
0,0,0.0461853
0,0,0.0461915
0,0,0.0462193
0,0,0.0462339
0,0,0.0462458
0,0,0.0462769
0,0,0.046282
0,0,0.0463104
0,0,0.0463178
0,0,0.0463373
0,0,0.0463395
0,0,0.0464005
0,0,0.0464209
0,0,0.0464932
0,0,0.0465073
0,0,0.0465477
0,0,0.046614
0,0,0.0466285
0,0,0.0466607
0,0,0.0466664
0,0,0.0467203
0,0,0.0467726
0,0,0.0468133
0,0,0.0468613
0,0,0.046938
0,0,0.0470736
0,0,0.0470966
0,0,0.0471183
0,0,0.0471195
0,0,0.0471372
0,0,0.0471705
0,0,0.0472844
0,0,0.0473306
0,0,0.0474018
0,0,0.0474414
0,0,0.0474498
0,0,0.0474656
0,0,0.0474673
0,0,0.0475861
0,0,0.047626
0,0,0.0476429
0,0,0.0477468
0,0,0.0478285
0,0,0.0478433
0,0,0.0479085
0,0,0.0479401
0,0,0.0479807
0,0,0.0480169
0,0,0.0480893
0,0,0.0480959
0,0,0.0481633
0,0,0.0482637
0,0,0.0482687
0,0,0.0483677
0,0,0.0483815
0,0,0.0484477
0,0,0.0484572
0,0,0.0484946
0,0,0.0485008
0,0,0.0485253
0,0,0.0485687
0,0,0.0486143
0,0,0.048752
0,0,0.048759
0,0,0.0487943
0,0,0.0488104
0,0,0.0488391
0,0,0.0488982
0,0,0.048973
0,0,0.0490191
0,0,0.0490631
0,0,0.0491793
0,0,0.049235
0,0,0.0492874
0,0,0.0492882
0,0,0.0493218
0,0,0.0493577
0,0,0.0493669
0,0,0.0494006
0,0,0.0494207
0,0,0.049613
0,0,0.0496133
0,0,0.0496193
0,0,0.0496369
0,0,0.0496661
0,0,0.0496768
0,0,0.0497935
0,0,0.049801
0,0,0.0498349
0,0,0.0498448
0,0,0.0498616
0,0,0.0498934
0,0,0.0500795
0,0,0.050178
0,0,0.0502533
0,0,0.0502852
0,0,0.0503035
0,0,0.0503904
0,0,0.0504418
0,0,0.0504482
0,0,0.0504775
0,0,0.0504928
0,0,0.0505328
0,0,0.0505391
0,0,0.0506824
0,0,0.0510878
0,0,0.0511111
0,0,0.0511278
0,0,0.0512442
0,0,0.0513157
0,0,0.0513167
0,0,0.0514169
0,0,0.0515365
0,0,0.0515417
0,0,0.0515667
0,0,0.0515715
0,0,0.0516921
0,0,0.0516932
0,0,0.0516968
0,0,0.051708
0,0,0.0517291
0,0,0.0517317
0,0,0.0517501
0,0,0.0517562
0,0,0.0517593
0,0,0.0518096
0,0,0.0518266
0,0,0.0518285
0,0,0.0518549
0,0,0.0519492
0,0,0.0521133
0,0,0.0522659
0,0,0.0522807
0,0,0.0524878
0,0,0.0525833
0,0,0.0525881
0,0,0.0526995
0,0,0.0527154
0,0,0.0527222
0,0,0.0527353
0,0,0.0527469
0,0,0.0527768
0,0,0.0527918
0,0,0.0528178
0,0,0.0528402
0,0,0.0528544
0,0,0.0529004
0,0,0.0529146
0,0,0.0529199
0,0,0.0530588
0,0,0.0530665
0,0,0.0532112
0,0,0.0532245
0,0,0.053284
0,0,0.0533106
0,0,0.0533176
0,0,0.0534695
0,0,0.0535006
0,0,0.0536848
0,0,0.0537497
0,0,0.0538065
0,0,0.0538119
0,0,0.0539936
0,0,0.0540528
0,0,0.0540741
0,0,0.0541631
0,0,0.0541999
0,0,0.0544427
0,0,0.0545365
0,0,0.054577
0,0,0.0545848
0,0,0.0546002
0,0,0.0546595
0,0,0.0546619
0,0,0.0546709
0,0,0.0547446
0,0,0.054873
0,0,0.0549053
0,0,0.055034
0,0,0.0551214
0,0,0.055151
0,0,0.0551743
0,0,0.0552196
0,0,0.0552337
0,0,0.0552361
0,0,0.0552469
0,0,0.0552478
0,0,0.0553303
0,0,0.0553695
0,0,0.0554009
0,0,0.0554164
0,0,0.0554451
0,0,0.0554693
0,0,0.0554724
0,0,0.0555006
0,0,0.0555611
0,0,0.0556028
0,0,0.0556071
0,0,0.0556553
0,0,0.0556576
0,0,0.0557773
0,0,0.0557997
0,0,0.0558092
0,0,0.0558265
0,0,0.0558483
0,0,0.0558874
0,0,0.0559386
0,0,0.0560538
0,0,0.0560541
0,0,0.0561333
0,0,0.0561604
0,0,0.0562081
0,0,0.0562219
0,0,0.0562808
0,0,0.05639
0,0,0.0564106
0,0,0.0564492
0,0,0.0564655
0,0,0.0564815
0,0,0.0565716
0,0,0.0565773
0,0,0.0566486
0,0,0.0568013
0,0,0.0568026
0,0,0.0568525
0,0,0.0568706
0,0,0.0569331
0,0,0.0569797
0,0,0.0569821
0,0,0.0571867
0,0,0.0572637
0,0,0.0572667
0,0,0.0573726
0,0,0.0574383
0,0,0.0574976
0,0,0.0575133
0,0,0.0575374
0,0,0.0575438
0,0,0.0575757
0,0,0.0576454
0,0,0.0576737
0,0,0.0577183
0,0,0.0577283
0,0,0.0577301
0,0,0.057752
0,0,0.057773
0,0,0.0578081
0,0,0.0578196
0,0,0.0579407
0,0,0.0580699
0,0,0.0580719
0,0,0.0581178
0,0,0.058244
0,0,0.0583756
0,0,0.058406
0,0,0.0584107
0,0,0.0584617
0,0,0.0584659
0,0,0.0584694
0,0,0.0584788
0,0,0.0585008
0,0,0.0585265
0,0,0.0586067
0,0,0.0586386
0,0,0.0586454
0,0,0.0586911
0,0,0.0587271
0,0,0.0587337
0,0,0.0588088
0,0,0.0589106
0,0,0.0589441
0,0,0.0589909
0,0,0.0590345
0,0,0.0590974
0,0,0.0591603
0,0,0.0592008
0,0,0.0592559
0,0,0.0592822
0,0,0.0593031
0,0,0.0593102
0,0,0.0593275
0,0,0.0594002
0,0,0.059447
0,0,0.0594488
0,0,0.05948
0,0,0.0595782
0,0,0.0595788
0,0,0.0595996
0,0,0.0596176
0,0,0.0596203
0,0,0.0597528
0,0,0.0597717
0,0,0.0598222
0,0,0.05995
0,0,0.0600208
0,0,0.0602449
0,0,0.0602919
0,0,0.0603418
0,0,0.0603613
0,0,0.0605212
0,0,0.0607027
0,0,0.0607311
0,0,0.0608033
0,0,0.0608891
0,0,0.0609555
0,0,0.0609924
0,0,0.0610264
0,0,0.061051
0,0,0.0610893
0,0,0.0611345
0,0,0.0611678
0,0,0.0611954
0,0,0.061224
0,0,0.0614722
0,0,0.0615442
0,0,0.0617236
0,0,0.0620312
0,0,0.0621413
0,0,0.0621432
0,0,0.0623983
0,0,0.0624607
0,0,0.062486
0,0,0.0625209
0,0,0.0625896
0,0,0.0625952
0,0,0.0626244
0,0,0.0626458
0,0,0.0626568
0,0,0.06269
0,0,0.0627382
0,0,0.0627984
0,0,0.062892
0,0,0.0630458
0,0,0.0630704
0,0,0.0631608
0,0,0.0632675
0,0,0.0634322
0,0,0.0635258
0,0,0.0635715
0,0,0.0635918
0,0,0.0637176
0,0,0.0637757
0,0,0.0637766
0,0,0.0638639
0,0,0.0639266
0,0,0.0639321
0,0,0.0639632
0,0,0.0639693
0,0,0.0639841
0,0,0.0640399
0,0,0.0640588
0,0,0.0640795
0,0,0.0641157
0,0,0.0641834
0,0,0.0641915
0,0,0.0642118
0,0,0.0642246
0,0,0.0642507
0,0,0.0642797
0,0,0.0644597
0,0,0.0645126
0,0,0.0645585
0,0,0.0648222
0,0,0.0648702
0,0,0.0648958
0,0,0.0649463
0,0,0.0649981
0,0,0.0650058
0,0,0.0650865
0,0,0.0651315
0,0,0.0651601
0,0,0.0653174
0,0,0.0654244
0,0,0.0654505
0,0,0.0654983
0,0,0.0655553
0,0,0.0659722
0,0,0.0660688
0,0,0.0660827
0,0,0.0661465
0,0,0.0663288
0,0,0.066387
0,0,0.0664651
0,0,0.0666912
0,0,0.0667273
0,0,0.0667973
0,0,0.0668039
0,0,0.0668847
0,0,0.066894
0,0,0.0669431
0,0,0.0672307
0,0,0.0673133
0,0,0.0673753
0,0,0.067545
0,0,0.067585
0,0,0.0676012
0,0,0.0676041
0,0,0.0676443
0,0,0.0678575
0,0,0.0679995
0,0,0.0680889
0,0,0.0681824
0,0,0.0681976
0,0,0.0683912
0,0,0.0684612
0,0,0.0684941
0,0,0.0684954
0,0,0.0687479
0,0,0.0689615
0,0,0.0691765
0,0,0.0692749
0,0,0.069298
0,0,0.0693306
0,0,0.0693365
0,0,0.0693519
0,0,0.0694403
0,0,0.0694601
0,0,0.0694688
0,0,0.0695611
0,0,0.0696032
0,0,0.0698206
0,0,0.06984
0,0,0.0699101
0,0,0.069933
0,0,0.0701455
0,0,0.0701967
0,0,0.0702185
0,0,0.0702364
0,0,0.0702765
0,0,0.0702898
0,0,0.0702907
0,0,0.0703646
0,0,0.0704586
0,0,0.0704899
0,0,0.0705936
0,0,0.0706013
0,0,0.0706499
0,0,0.0706765
0,0,0.0707048
0,0,0.0707049
0,0,0.0707666
0,0,0.070792
0,0,0.0708095
0,0,0.0709677
0,0,0.0709784
0,0,0.0710407
0,0,0.0710747
0,0,0.0710799
0,0,0.071213
0,0,0.0713126
0,0,0.0713509
0,0,0.0713656
0,0,0.071394
0,0,0.0714241
0,0,0.0715029
0,0,0.0715585
0,0,0.0716528
0,0,0.0717163
0,0,0.0717568
0,0,0.0718879
0,0,0.0719273
0,0,0.072106
0,0,0.0723078
0,0,0.0723263
0,0,0.0725819
0,0,0.0725992
0,0,0.0728733
0,0,0.0728783
0,0,0.0728853
0,0,0.0729007
0,0,0.0729023
0,0,0.0729141
0,0,0.0730194
0,0,0.07306
0,0,0.0731088
0,0,0.0731281
0,0,0.0732934
0,0,0.0733808
0,0,0.0734742
0,0,0.0736458
0,0,0.0736533
0,0,0.0736565
0,0,0.0737136
0,0,0.0737883
0,0,0.0739524
0,0,0.0741538
0,0,0.0742337
0,0,0.0742363
0,0,0.0742856
0,0,0.0743618
0,0,0.0744339
0,0,0.0744779
0,0,0.0745062
0,0,0.0745242
0,0,0.0745525
0,0,0.0748057
0,0,0.0748206
0,0,0.0748251
0,0,0.0748282
0,0,0.0748976
0,0,0.0749237
0,0,0.0749265
0,0,0.075001
0,0,0.0750784
0,0,0.0751665
0,0,0.0752409
0,0,0.0752469
0,0,0.0752473
0,0,0.0752588
0,0,0.0752876
0,0,0.0752954
0,0,0.0753221
0,0,0.0753231
0,0,0.0753616
0,0,0.0754208
0,0,0.0754452
0,0,0.075451
0,0,0.0754839
0,0,0.0755399
0,0,0.0755798
0,0,0.0755882
0,0,0.0756339
0,0,0.0757861
0,0,0.0758907
0,0,0.0760029
0,0,0.0760148
0,0,0.0760208
0,0,0.0760905
0,0,0.0762699
0,0,0.0763039
0,0,0.0763371
0,0,0.0763482
0,0,0.0763525
0,0,0.0764202
0,0,0.0766085
0,0,0.0766107
0,0,0.0767556
0,0,0.0767601
0,0,0.0768165
0,0,0.0768573
0,0,0.0769131
0,0,0.0769208
0,0,0.0770001
0,0,0.0770039
0,0,0.0771628
0,0,0.0771862
0,0,0.0772635
0,0,0.0774232
0,0,0.0776242
0,0,0.0776549
0,0,0.0776609
0,0,0.0776983
0,0,0.0778325
0,0,0.0778446
0,0,0.0779382
0,0,0.0781521
0,0,0.0781614
0,0,0.0782681
0,0,0.0783427
0,0,0.078398
0,0,0.078503
0,0,0.0785193
0,0,0.0786127
0,0,0.078666
0,0,0.0786693
0,0,0.0787821
0,0,0.0788981
0,0,0.0789398
0,0,0.0793179
0,0,0.0795047
0,0,0.0797101
0,0,0.0798654
0,0,0.0798989
0,0,0.0799082
0,0,0.0800041
0,0,0.0801646
0,0,0.080165
0,0,0.0805361
0,0,0.0806049
0,0,0.0807406
0,0,0.0808459
0,0,0.0812424
0,0,0.0815385
0,0,0.0816165
0,0,0.0816442
0,0,0.0816494
0,0,0.0817985
0,0,0.0818893
0,0,0.0819182
0,0,0.0819239
0,0,0.0819683
0,0,0.0819819
0,0,0.0819917
0,0,0.0821033
0,0,0.0821177
0,0,0.0825388
0,0,0.082582
0,0,0.0826295
0,0,0.0827685
0,0,0.0828079
0,0,0.0828103
0,0,0.082899
0,0,0.0830611
0,0,0.0832054
0,0,0.0833433
0,0,0.0834196
0,0,0.0835173
0,0,0.0835962
0,0,0.083646
0,0,0.0836894
0,0,0.0836952
0,0,0.0837244
0,0,0.0837435
0,0,0.0838279
0,0,0.0838885
0,0,0.0840204
0,0,0.084088
0,0,0.0842637
0,0,0.084351
0,0,0.0843815
0,0,0.0844303
0,0,0.0844983
0,0,0.084596
0,0,0.0846164
0,0,0.0846205
0,0,0.0850535
0,0,0.0850765
0,0,0.0850913
0,0,0.0852668
0,0,0.0852905
0,0,0.0855433
0,0,0.0855938
0,0,0.0856084
0,0,0.0859914
0,0,0.0860357
0,0,0.0862937
0,0,0.0863352
0,0,0.0864362
0,0,0.0868394
0,0,0.0870429
0,0,0.087053
0,0,0.0871865
0,0,0.0872585
0,0,0.0873007
0,0,0.087453
0,0,0.0878424
0,0,0.0879127
0,0,0.0879276
0,0,0.0879446
0,0,0.0879823
0,0,0.0882811
0,0,0.0884659
0,0,0.0885394
0,0,0.0885765
0,0,0.0886512
0,0,0.0887734
0,0,0.0887783
0,0,0.0888527
0,0,0.0888703
0,0,0.0888814
0,0,0.0889285
0,0,0.0889689
0,0,0.0890886
0,0,0.0892251
0,0,0.0892936
0,0,0.089491
0,0,0.0897318
0,0,0.0899037
0,0,0.08996
0,0,0.0901539
0,0,0.0903744
0,0,0.0905244
0,0,0.0905607
0,0,0.0905897
0,0,0.0906195
0,0,0.0907934
0,0,0.0908173
0,0,0.0909175
0,0,0.0914656
0,0,0.0915686
0,0,0.0917464
0,0,0.091971
0,0,0.0921352
0,0,0.0923483
0,0,0.0925506
0,0,0.0925874
0,0,0.0927036
0,0,0.0927064
0,0,0.0927514
0,0,0.0928139
0,0,0.0928678
0,0,0.0929075
0,0,0.0930682
0,0,0.0931416
0,0,0.0931838
0,0,0.0933551
0,0,0.0937184
0,0,0.0937738
0,0,0.0937999
0,0,0.0938247
0,0,0.0938734
0,0,0.0939358
0,0,0.0940281
0,0,0.0943046
0,0,0.0943064
0,0,0.0943069
0,0,0.0946124
0,0,0.0947994
0,0,0.0948062
0,0,0.0949601
0,0,0.0953108
0,0,0.095435
0,0,0.0955066
0,0,0.0955798
0,0,0.0955801
0,0,0.095615
0,0,0.0956565
0,0,0.0957193
0,0,0.095953
0,0,0.0959967
0,0,0.0960623
0,0,0.0965735
0,0,0.0967414
0,0,0.0971942
0,0,0.0972179
0,0,0.0972719
0,0,0.0973127
0,0,0.0973543
0,0,0.0973984
0,0,0.0974037
0,0,0.0974163
0,0,0.0974879
0,0,0.097488
0,0,0.0974908
0,0,0.0976324
0,0,0.0976506
0,0,0.0976599
0,0,0.0977312
0,0,0.0977474
0,0,0.0977962
0,0,0.0981521
0,0,0.098207
0,0,0.0982347
0,0,0.0982692
0,0,0.0983779
0,0,0.0984105
0,0,0.0985198
0,0,0.0987281
0,0,0.0987376
0,0,0.0987633
0,0,0.0989209
0,0,0.0989831
0,0,0.0990762
0,0,0.0992464
0,0,0.0993462
0,0,0.0993686
0,0,0.0995139
0,0,0.0995769
0,0,0.0996769
0,0,0.0997323
0,0,0.0999319
0,0,0.0999676
0,0,0.100524
0,0,0.100558
0,0,0.100799
0,0,0.100858
0,0,0.100885
0,0,0.10117
0,0,0.101299
0,0,0.101318
0,0,0.101496
0,0,0.101512
0,0,0.10178
0,0,0.101799
0,0,0.10188
0,0,0.102033
0,0,0.10206
0,0,0.102061
0,0,0.102318
0,0,0.102554
0,0,0.102577
0,0,0.102607
0,0,0.102627
0,0,0.102667
0,0,0.102809
0,0,0.102823
0,0,0.102908
0,0,0.103161
0,0,0.103235
0,0,0.103389
0,0,0.103475
0,0,0.103796
0,0,0.10381
0,0,0.104017
0,0,0.104305
0,0,0.104327
0,0,0.104457
0,0,0.1048
0,0,0.105173
0,0,0.105285
0,0,0.105359
0,0,0.105382
0,0,0.105409
0,0,0.105443
0,0,0.105699
0,0,0.105748
0,0,0.10578
0,0,0.105883
0,0,0.10597
0,0,0.106075
0,0,0.106293
0,0,0.106411
0,0,0.106529
0,0,0.10672
0,0,0.106725
0,0,0.106777
0,0,0.10693
0,0,0.106954
0,0,0.106986
0,0,0.107012
0,0,0.107481
0,0,0.107513
0,0,0.107626
0,0,0.107969
0,0,0.107993
0,0,0.10819
0,0,0.10836
0,0,0.108364
0,0,0.108441
0,0,0.108592
0,0,0.108647
0,0,0.108902
0,0,0.108926
0,0,0.108987
0,0,0.109091
0,0,0.109147
0,0,0.109162
0,0,0.109229
0,0,0.109318
0,0,0.109359
0,0,0.10943
0,0,0.109443
0,0,0.109466
0,0,0.109513
0,0,0.109812
0,0,0.110384
0,0,0.110427
0,0,0.110449
0,0,0.110487
0,0,0.110541
0,0,0.110795
0,0,0.11106
0,0,0.111148
0,0,0.111225
0,0,0.111355
0,0,0.111362
0,0,0.111475
0,0,0.111567
0,0,0.111815
0,0,0.111831
0,0,0.111974
0,0,0.111994
0,0,0.11214
0,0,0.112642
0,0,0.112669
0,0,0.112829
0,0,0.112942
0,0,0.113131
0,0,0.113195
0,0,0.113204
0,0,0.113335
0,0,0.113505
0,0,0.113581
0,0,0.113765
0,0,0.113768
0,0,0.113992
0,0,0.114113
0,0,0.114197
0,0,0.114279
0,0,0.114521
0,0,0.114589
0,0,0.114687
0,0,0.114889
0,0,0.114899
0,0,0.11496
0,0,0.115427
0,0,0.115645
0,0,0.115804
0,0,0.116049
0,0,0.116252
0,0,0.116431
0,0,0.116455
0,0,0.116838
0,0,0.116858
0,0,0.116904
0,0,0.116989
0,0,0.117164
0,0,0.11722
0,0,0.117257
0,0,0.117265
0,0,0.117271
0,0,0.117608
0,0,0.117629
0,0,0.11768
0,0,0.117723
0,0,0.117729
0,0,0.117872
0,0,0.118062
0,0,0.118109
0,0,0.118158
0,0,0.118363
0,0,0.11859
0,0,0.1192
0,0,0.119238
0,0,0.119337
0,0,0.119358
0,0,0.119409
0,0,0.119444
0,0,0.119907
0,0,0.119998
0,0,0.120231
0,0,0.120314
0,0,0.120714
0,0,0.120896
0,0,0.120929
0,0,0.121012
0,0,0.121117
0,0,0.121143
0,0,0.121662
0,0,0.12174
0,0,0.122118
0,0,0.122177
0,0,0.122444
0,0,0.122618
0,0,0.122686
0,0,0.122989
0,0,0.123036
0,0,0.12329
0,0,0.123376
0,0,0.124172
0,0,0.124236
0,0,0.12448
0,0,0.124598
0,0,0.125021
0,0,0.12521
0,0,0.125342
0,0,0.125479
0,0,0.125507
0,0,0.125526
0,0,0.125599
0,0,0.125748
0,0,0.125764
0,0,0.125998
0,0,0.126223
0,0,0.126405
0,0,0.126427
0,0,0.126444
0,0,0.126682
0,0,0.12672
0,0,0.127109
0,0,0.127178
0,0,0.127299
0,0,0.127834
0,0,0.1279
0,0,0.127972
0,0,0.128124
0,0,0.128145
0,0,0.128278
0,0,0.12842
0,0,0.128606
0,0,0.128803
0,0,0.128914
0,0,0.129017
0,0,0.129031
0,0,0.129121
0,0,0.129459
0,0,0.129479
0,0,0.129799
0,0,0.129799
0,0,0.130788
0,0,0.130804
0,0,0.130813
0,0,0.131241
0,0,0.131267
0,0,0.131323
0,0,0.131451
0,0,0.131455
0,0,0.131783
0,0,0.131822
0,0,0.13192
0,0,0.132003
0,0,0.132011
0,0,0.132349
0,0,0.132457
0,0,0.132531
0,0,0.132587
0,0,0.132677
0,0,0.132689
0,0,0.132809
0,0,0.132857
0,0,0.132971
0,0,0.133136
0,0,0.13322
0,0,0.133436
0,0,0.133609
0,0,0.133669
0,0,0.133897
0,0,0.133925
0,0,0.134293
0,0,0.134368
0,0,0.134624
0,0,0.135728
0,0,0.135803
0,0,0.135907
0,0,0.135976
0,0,0.136904
0,0,0.136982
0,0,0.137211
0,0,0.137331
0,0,0.137372
0,0,0.137381
0,0,0.137543
0,0,0.137566
0,0,0.137605
0,0,0.137678
0,0,0.137704
0,0,0.137768
0,0,0.137887
0,0,0.137989
0,0,0.138287
0,0,0.138306
0,0,0.138338
0,0,0.138412
0,0,0.138415
0,0,0.138715
0,0,0.138773
0,0,0.138797
0,0,0.138957
0,0,0.139067
0,0,0.139082
0,0,0.139434
0,0,0.139789
0,0,0.139791
0,0,0.139823
0,0,0.140759
0,0,0.140909
0,0,0.141033
0,0,0.141073
0,0,0.141092
0,0,0.14163
0,0,0.141859
0,0,0.142117
0,0,0.142462
0,0,0.142625
0,0,0.142857
0,0,0.142858
0,0,0.143061
0,0,0.143077
0,0,0.143117
0,0,0.143232
0,0,0.143262
0,0,0.143302
0,0,0.14346
0,0,0.143627
0,0,0.143778
0,0,0.14398
0,0,0.144013
0,0,0.14421
0,0,0.144405
0,0,0.144645
0,0,0.144733
0,0,0.144908
0,0,0.144946
0,0,0.145011
0,0,0.145122
0,0,0.145729
0,0,0.145938
0,0,0.146115
0,0,0.146217
0,0,0.146245
0,0,0.146324
0,0,0.146331
0,0,0.146398
0,0,0.146776
0,0,0.146819
0,0,0.146975
0,0,0.147405
0,0,0.147429
0,0,0.147923
0,0,0.148151
0,0,0.148371
0,0,0.148408
0,0,0.148529
0,0,0.148685
0,0,0.149224
0,0,0.149256
0,0,0.149823
0,0,0.149863
0,0,0.150407
0,0,0.150573
0,0,0.150846
0,0,0.151023
0,0,0.15119
0,0,0.151262
0,0,0.151356
0,0,0.151449
0,0,0.151458
0,0,0.151562
0,0,0.151646
0,0,0.151791
0,0,0.151837
0,0,0.152297
0,0,0.152433
0,0,0.152499
0,0,0.153824
0,0,0.153896
0,0,0.154334
0,0,0.154492
0,0,0.154722
0,0,0.155028
0,0,0.155111
0,0,0.15519
0,0,0.15543
0,0,0.155483
0,0,0.155529
0,0,0.15576
0,0,0.155763
0,0,0.155816
0,0,0.156148
0,0,0.156171
0,0,0.156185
0,0,0.156268
0,0,0.15687
0,0,0.157708
0,0,0.158218
0,0,0.158524
0,0,0.158665
0,0,0.159239
0,0,0.159446
0,0,0.159809
0,0,0.15986
0,0,0.160061
0,0,0.160236
0,0,0.160373
0,0,0.160383
0,0,0.16041
0,0,0.160602
0,0,0.161024
0,0,0.161391
0,0,0.161856
0,0,0.162102
0,0,0.162356
0,0,0.162576
0,0,0.162685
0,0,0.16304
0,0,0.163094
0,0,0.16313
0,0,0.163441
0,0,0.163779
0,0,0.16428
0,0,0.164432
0,0,0.164458
0,0,0.164597
0,0,0.164888
0,0,0.165013
0,0,0.165219
0,0,0.165321
0,0,0.165775
0,0,0.165826
0,0,0.165937
0,0,0.166047
0,0,0.166317
0,0,0.166985
0,0,0.167071
0,0,0.167121
0,0,0.167244
0,0,0.167289
0,0,0.167306
0,0,0.167382
0,0,0.167603
0,0,0.167688
0,0,0.167813
0,0,0.167944
0,0,0.168184
0,0,0.168186
0,0,0.168192
0,0,0.168444
0,0,0.168536
0,0,0.168645
0,0,0.168701
0,0,0.168759
0,0,0.16893
0,0,0.169072
0,0,0.169773
0,0,0.169892
0,0,0.169917
0,0,0.170145
0,0,0.170199
0,0,0.170324
0,0,0.170545
0,0,0.170703
0,0,0.170915
0,0,0.1713
0,0,0.171374
0,0,0.17173
0,0,0.171801
0,0,0.172071
0,0,0.172382
0,0,0.172702
0,0,0.172885
0,0,0.172963
0,0,0.173808
0,0,0.174054
0,0,0.174057
0,0,0.174382
0,0,0.17466
0,0,0.174717
0,0,0.175531
0,0,0.175728
0,0,0.176155
0,0,0.17617
0,0,0.1763
0,0,0.177121
0,0,0.177672
0,0,0.177858
0,0,0.17814
0,0,0.178408
0,0,0.178512
0,0,0.178978
0,0,0.179005
0,0,0.179076
0,0,0.179511
0,0,0.179517
0,0,0.179628
0,0,0.179892
0,0,0.179989
0,0,0.180179
0,0,0.180202
0,0,0.18021
0,0,0.18068
0,0,0.180958
0,0,0.18102
0,0,0.181219
0,0,0.181379
0,0,0.181533
0,0,0.181535
0,0,0.181893
0,0,0.182343
0,0,0.182517
0,0,0.183103
0,0,0.183431
0,0,0.183582
0,0,0.183894
0,0,0.184447
0,0,0.184653
0,0,0.185217
0,0,0.18668
0,0,0.186738
0,0,0.187904
0,0,0.187946
0,0,0.188154
0,0,0.188211
0,0,0.188353
0,0,0.188512
0,0,0.188986
0,0,0.189233
0,0,0.189333
0,0,0.189338
0,0,0.189451
0,0,0.190119
0,0,0.191113
0,0,0.191294
0,0,0.193267
0,0,0.19436
0,0,0.194384
0,0,0.194678
0,0,0.194961
0,0,0.195279
0,0,0.195335
0,0,0.196153
0,0,0.1962
0,0,0.196226
0,0,0.19647
0,0,0.196706
0,0,0.196707
0,0,0.19718
0,0,0.197612
0,0,0.198384
0,0,0.198577
0,0,0.198813
0,0,0.200059
0,0,0.200414
0,0,0.200871
0,0,0.200976
0,0,0.201369
0,0,0.201855
0,0,0.202345
0,0,0.202369
0,0,0.202443
0,0,0.202623
0,0,0.203461
0,0,0.203626
0,0,0.204012
0,0,0.204574
0,0,0.205005
0,0,0.205767
0,0,0.206647
0,0,0.206812
0,0,0.207382
0,0,0.207436
0,0,0.207943
0,0,0.208119
0,0,0.208335
0,0,0.208573
0,0,0.20897
0,0,0.209523
0,0,0.209902
0,0,0.210797
0,0,0.210921
0,0,0.211084
0,0,0.212204
0,0,0.212846
0,0,0.213328
0,0,0.213478
0,0,0.21381
0,0,0.21385
0,0,0.214062
0,0,0.214162
0,0,0.215244
0,0,0.215342
0,0,0.215651
0,0,0.216183
0,0,0.216541
0,0,0.216965
0,0,0.217427
0,0,0.217625
0,0,0.218683
0,0,0.218712
0,0,0.218713
0,0,0.219443
0,0,0.219788
0,0,0.219936
0,0,0.22052
0,0,0.22081
0,0,0.221369
0,0,0.221517
0,0,0.221776
0,0,0.221848
0,0,0.221983
0,0,0.222571
0,0,0.222581
0,0,0.222828
0,0,0.223083
0,0,0.223472
0,0,0.223583
0,0,0.223623
0,0,0.223631
0,0,0.224239
0,0,0.224884
0,0,0.22537
0,0,0.225813
0,0,0.226241
0,0,0.226678
0,0,0.227992
0,0,0.228178
0,0,0.228466
0,0,0.228516
0,0,0.228788
0,0,0.228838
0,0,0.229271
0,0,0.230028
0,0,0.230542
0,0,0.231627
0,0,0.231768
0,0,0.232045
0,0,0.232144
0,0,0.23271
0,0,0.232938
0,0,0.233496
0,0,0.234707
0,0,0.234973
0,0,0.23502
0,0,0.235036
0,0,0.235265
0,0,0.235528
0,0,0.235874
0,0,0.236338
0,0,0.236409
0,0,0.23655
0,0,0.236578
0,0,0.236777
0,0,0.237075
0,0,0.237417
0,0,0.237629
0,0,0.237891
0,0,0.238001
0,0,0.238066
0,0,0.239512
0,0,0.239999
0,0,0.240119
0,0,0.240376
0,0,0.241684
0,0,0.241772
0,0,0.241853
0,0,0.241908
0,0,0.242148
0,0,0.242736
0,0,0.242751
0,0,0.242988
0,0,0.243063
0,0,0.243297
0,0,0.243417
0,0,0.243487
0,0,0.243698
0,0,0.243705
0,0,0.244017
0,0,0.244194
0,0,0.244497
0,0,0.24521
0,0,0.245836
0,0,0.245917
0,0,0.245954
0,0,0.245987
0,0,0.246137
0,0,0.246399
0,0,0.246847
0,0,0.246862
0,0,0.247531
0,0,0.249285
0,0,0.249556
0,0,0.25014
0,0,0.250436
0,0,0.250596
0,0,0.250881
0,0,0.251408
0,0,0.253002
0,0,0.253538
0,0,0.253722
0,0,0.253803
0,0,0.254191
0,0,0.254869
0,0,0.254952
0,0,0.255711
0,0,0.255716
0,0,0.256518
0,0,0.257561
0,0,0.258158
0,0,0.258901
0,0,0.258974
0,0,0.259401
0,0,0.259644
0,0,0.259737
0,0,0.259902
0,0,0.260878
0,0,0.261316
0,0,0.261327
0,0,0.261952
0,0,0.262415
0,0,0.262844
0,0,0.262966
0,0,0.263356
0,0,0.263555
0,0,0.263726
0,0,0.264804
0,0,0.265728
0,0,0.266677
0,0,0.266826
0,0,0.267653
0,0,0.268067
0,0,0.268974
0,0,0.269573
0,0,0.26974
0,0,0.269841
0,0,0.270082
0,0,0.270179
0,0,0.27106
0,0,0.271346
0,0,0.271821
0,0,0.27216
0,0,0.272236
0,0,0.272354
0,0,0.272734
0,0,0.273371
0,0,0.273989
0,0,0.274434
0,0,0.27445
0,0,0.274703
0,0,0.275079
0,0,0.275745
0,0,0.275776
0,0,0.275947
0,0,0.276647
0,0,0.277525
0,0,0.278284
0,0,0.278498
0,0,0.27854
0,0,0.278669
0,0,0.279879
0,0,0.280514
0,0,0.281155
0,0,0.281587
0,0,0.281598
0,0,0.281708
0,0,0.283548
0,0,0.284118
0,0,0.286577
0,0,0.286733
0,0,0.287047
0,0,0.287573
0,0,0.28877
0,0,0.288831
0,0,0.289003
0,0,0.289863
0,0,0.289943
0,0,0.29014
0,0,0.290331
0,0,0.290987
0,0,0.291263
0,0,0.291268
0,0,0.293314
0,0,0.293416
0,0,0.293724
0,0,0.295018
0,0,0.295639
0,0,0.296228
0,0,0.297015
0,0,0.297057
0,0,0.297106
0,0,0.297702
0,0,0.297782
0,0,0.298484
0,0,0.299422
0,0,0.299539
0,0,0.299909
0,0,0.29993
0,0,0.300713
0,0,0.300817
0,0,0.301081
0,0,0.301612
0,0,0.30287
0,0,0.303254
0,0,0.303655
0,0,0.30505
0,0,0.308791
0,0,0.308867
0,0,0.308982
0,0,0.309058
0,0,0.311327
0,0,0.312294
0,0,0.312606
0,0,0.312692
0,0,0.312766
0,0,0.313033
0,0,0.313308
0,0,0.31336
0,0,0.313801
0,0,0.314204
0,0,0.314759
0,0,0.315462
0,0,0.316395
0,0,0.318944
0,0,0.319478
0,0,0.320657
0,0,0.320714
0,0,0.320766
0,0,0.322021
0,0,0.322884
0,0,0.326014
0,0,0.328814
0,0,0.329466
0,0,0.329824
0,0,0.332341
0,0,0.332382
0,0,0.332737
0,0,0.333437
0,0,0.334012
0,0,0.334168
0,0,0.334561
0,0,0.33676
0,0,0.337602
0,0,0.337625
0,0,0.339498
0,0,0.339681
0,0,0.341379
0,0,0.34241
0,0,0.343275
0,0,0.344419
0,0,0.346191
0,0,0.34686
0,0,0.347094
0,0,0.347141
0,0,0.349607
0,0,0.351491
0,0,0.352716
0,0,0.353279
0,0,0.353786
0,0,0.354925
0,0,0.35683
0,0,0.357698
0,0,0.358017
0,0,0.360577
0,0,0.360648
0,0,0.361156
0,0,0.362534
0,0,0.36335
0,0,0.365055
0,0,0.366073
0,0,0.366535
0,0,0.368132
0,0,0.369363
0,0,0.369708
0,0,0.370331
0,0,0.371296
0,0,0.372681
0,0,0.375432
0,0,0.375767
0,0,0.376444
0,0,0.376765
0,0,0.382223
0,0,0.382314
0,0,0.382412
0,0,0.383152
0,0,0.384388
0,0,0.38514
0,0,0.385758
0,0,0.385771
0,0,0.386223
0,0,0.388152
0,0,0.389572
0,0,0.392755
0,0,0.393713
0,0,0.396095
0,0,0.397226
0,0,0.398258
0,0,0.398277
0,0,0.398714
0,0,0.400356
0,0,0.40076
0,0,0.402908
0,0,0.409614
0,0,0.41059
0,0,0.410943
0,0,0.411724
0,0,0.412255
0,0,0.414153
0,0,0.414429
0,0,0.414683
0,0,0.417602
0,0,0.417908
0,0,0.42235
0,0,0.423159
0,0,0.423167
0,0,0.424852
0,0,0.425682
0,0,0.426329
0,0,0.428195
0,0,0.42954
0,0,0.429853
0,0,0.429865
0,0,0.439477
0,0,0.442078
0,0,0.443846
0,0,0.444458
0,0,0.445977
0,0,0.447744
0,0,0.450286
0,0,0.456874
0,0,0.460877
0,0,0.462062
0,0,0.473695
0,0,0.47714
0,0,0.483607
0,0,0.485298
0,0,0.490862
0,0,0.495007
0,0,0.500603
0,0,0.501214
0,0,0.504562
0,0,0.509589
0,0,0.51065
0,0,0.526463
0,0,0.528221
0,0,0.531397
0,0,0.537805
0,0,0.538072
0,0,0.539045
0,0,0.564035
0,0,0.581746
0,0,0.600895
0,0,0.601061
0,0,0.609573
0,0,0.61244
0,0,0.616044
0,0,0.625765
0,0,0.628763
0,0,0.637738
0,0,0.673624
0,0,0.710045
0,0,0.776929
0,0,0.804587
0,0,0.822806
0,0,0.823902
0,0,0.83988
0,0,0.906848
0,0,0.921095
0,0,1.06447
0,0,1.07506
0,0,3
1,1.61148,1.64825
1,1.50932,1.57569
1,1.48578,1.64223
1,1.32708,1.61413
1,1.10532,1.28679
1,1.09875,1.50034
1,0.918967,0.95249
1,0.918622,0.946238
1,0.894622,0.987602
1,0.879159,0.916839
1,0.823886,0.844907
1,0.815096,0.818161
1,0.813444,0.938591
1,0.763523,0.826221
1,0.75504,0.900858
1,0.742856,0.868031
1,0.739968,0.824532
1,0.724789,0.7402
1,0.721181,0.75238
1,0.713088,0.78779
1,0.699662,0.707748
1,0.698376,0.784607
1,0.697999,0.711738
1,0.696992,0.728126
1,0.693685,0.694431
1,0.692638,0.825455
1,0.691862,0.868767
1,0.690879,0.755521
1,0.683354,0.697827
1,0.680981,0.6811
1,0.679919,0.812235
1,0.679053,0.726643
1,0.675999,0.722139
1,0.669738,0.670386
1,0.659068,0.726446
1,0.657602,0.695808
1,0.65712,0.726446
1,0.656222,0.706619
1,0.655909,0.725117
1,0.65501,0.660897
1,0.652949,0.700601
1,0.652891,0.723453
1,0.651653,0.728245
1,0.650249,0.665493
1,0.645298,0.769102
1,0.640266,0.81416
1,0.639571,0.823211
1,0.63657,0.721694
1,0.631599,0.724641
1,0.631161,0.913441
1,0.622758,0.645545
1,0.622225,1.01688
1,0.609965,0.731578
1,0.609192,0.974749
1,0.608957,0.724846
1,0.606677,0.637951
1,0.601198,0.604701
1,0.600441,0.691507
1,0.594036,0.607348
1,0.59012,0.622047
1,0.585133,0.615426
1,0.584059,0.611144
1,0.573671,0.8392
1,0.572681,0.791146
1,0.568388,0.744802
1,0.563974,0.791254
1,0.561993,0.601529
1,0.558523,0.991941
1,0.555048,0.657465
1,0.55445,0.574045
1,0.551806,0.584988
1,0.549271,0.600492
1,0.54702,0.550469
1,0.543474,0.584268
1,0.541866,0.544004
1,0.535441,0.572722
1,0.531499,0.601169
1,0.53125,0.572263
1,0.526396,0.529988
1,0.523093,0.550759
1,0.519042,0.564741
1,0.516918,0.936585
1,0.516412,0.674341
1,0.516317,0.532469
1,0.515059,0.549593
1,0.511474,0.572507
1,0.509616,0.567878
1,0.506378,0.638921
1,0.504783,0.520921
1,0.504355,0.518428
1,0.502478,0.646096
1,0.502145,0.585762
1,0.49543,0.673607
1,0.492386,0.640296
1,0.491051,0.521942
1,0.488333,0.515481
1,0.487516,0.611451
1,0.482947,0.498756
1,0.47918,0.493497
1,0.478394,0.713087
1,0.478349,0.509145
1,0.477695,0.488973
1,0.470457,0.494315
1,0.468875,0.476407
1,0.464997,0.468125
1,0.464624,0.479736
1,0.463047,0.674222
1,0.462773,0.60676
1,0.460986,0.50189
1,0.460731,0.486966
1,0.456889,0.463675
1,0.454925,0.505513
1,0.453494,0.584302
1,0.45078,0.486381
1,0.449555,0.471911
1,0.449376,0.485873
1,0.447286,0.459055
1,0.445137,0.49057
1,0.444784,0.470884
1,0.44426,0.444314
1,0.441136,0.481658
1,0.440526,0.477977
1,0.440319,0.446856
1,0.438608,0.462141
1,0.438213,0.447127
1,0.437953,0.519454
1,0.434,0.483979
1,0.433189,0.489907
1,0.432972,0.477235
1,0.432752,0.474366
1,0.431777,0.436008
1,0.431326,0.443242
1,0.43052,0.437739
1,0.430035,0.445371
1,0.426398,0.454026
1,0.425962,0.439484
1,0.425642,0.513868
1,0.422706,0.515733
1,0.422201,0.47077
1,0.417519,0.626445
1,0.41235,0.560845
1,0.412034,0.498579
1,0.411515,0.481584
1,0.410865,0.440887
1,0.410531,0.518165
1,0.408445,0.537144
1,0.408212,0.600641
1,0.40803,0.606602
1,0.405831,0.45776
1,0.405324,0.407982
1,0.400192,0.597941
1,0.399872,0.40144
1,0.398955,0.626445
1,0.398621,0.597377
1,0.398047,0.468051
1,0.397761,0.488911
1,0.395613,0.401373
1,0.395237,0.548247
1,0.394809,0.475143
1,0.394181,0.451037
1,0.39083,0.408025
1,0.390227,0.405174
1,0.38853,0.453058
1,0.388323,0.529363
1,0.387978,0.519396
1,0.387936,0.413142
1,0.386847,0.444579
1,0.386796,0.428908
1,0.382234,0.397584
1,0.380094,0.434494
1,0.377924,0.625037
1,0.377106,0.426067
1,0.376553,0.491312
1,0.376373,0.398079
1,0.374463,0.505991
1,0.373836,0.455853
1,0.37097,0.431302
1,0.370165,0.499814
1,0.369453,0.444917
1,0.367465,0.684258
1,0.367346,0.457705
1,0.364263,0.465692
1,0.362045,0.457438
1,0.359923,0.383788
1,0.359279,0.363148
1,0.35772,0.369838
1,0.355903,0.513161
1,0.355758,0.377213
1,0.355369,0.37234
1,0.352887,0.362605
1,0.351932,0.490288
1,0.351066,0.353455
1,0.348501,0.377152
1,0.34459,0.36298
1,0.335632,0.352701
1,0.33497,0.417845
1,0.334904,0.487928
1,0.334685,0.501672
1,0.332283,0.410725
1,0.330977,0.484757
1,0.330792,0.349222
1,0.32898,0.413848
1,0.328362,0.384816
1,0.328144,0.338916
1,0.327779,0.364541
1,0.327132,0.355939
1,0.324168,0.532807
1,0.322875,0.533799
1,0.3217,0.637446
1,0.320951,0.538471
1,0.317629,0.354955
1,0.317179,0.375305
1,0.316597,0.36708
1,0.314929,0.451954
1,0.314282,0.371441
1,0.31268,0.336768
1,0.311089,0.336794
1,0.310176,0.335872
1,0.309087,0.317748
1,0.308379,0.338395
1,0.30801,0.316389
1,0.307858,0.316956
1,0.307819,0.342247
1,0.305966,0.393821
1,0.303038,0.356863
1,0.301579,0.320481
1,0.301371,0.317629
1,0.30097,0.343087
1,0.300767,0.355226
1,0.297429,0.519347
1,0.296389,0.297257
1,0.296367,0.350926
1,0.296249,0.303474
1,0.294691,0.397254
1,0.293269,0.308196
1,0.292925,0.298675
1,0.292416,0.310931
1,0.292308,0.311256
1,0.291952,0.351332
1,0.291519,0.325623
1,0.291442,0.302188
1,0.291016,0.327282
1,0.28936,0.292956
1,0.289133,0.315716
1,0.287052,0.288943
1,0.281878,0.357968
1,0.281379,0.309214
1,0.280531,0.297525
1,0.280224,0.320066
1,0.279766,0.300069
1,0.278776,0.280761
1,0.276635,0.293238
1,0.271858,0.302494
1,0.271765,0.285548
1,0.271513,0.285548
1,0.270839,0.342612
1,0.269453,0.277004
1,0.268257,0.287344
1,0.267472,0.289059
1,0.267334,0.294098
1,0.266687,0.267335
1,0.266531,0.27426
1,0.266068,0.267932
1,0.265382,0.303813
1,0.26504,0.265616
1,0.264205,0.395213
1,0.263406,0.323362
1,0.262082,0.272542
1,0.261998,0.275122
1,0.261139,0.266786
1,0.261096,0.264131
1,0.260573,0.424191
1,0.260544,0.331081
1,0.260363,0.348519
1,0.259121,0.263264
1,0.258686,0.307913
1,0.257878,0.325763
1,0.257553,0.315732
1,0.253792,0.263189
1,0.253633,0.26783
1,0.252513,0.363937
1,0.252488,0.276882
1,0.248797,0.256555
1,0.248375,0.342565
1,0.248219,0.27748
1,0.247237,0.323716
1,0.246784,0.270463
1,0.245794,0.292652
1,0.244064,0.247607
1,0.244053,0.319533
1,0.243366,0.247393
1,0.243257,0.292511
1,0.242564,0.27934
1,0.242225,0.250943
1,0.24078,0.279266
1,0.240251,0.240301
1,0.238926,0.302867
1,0.237497,0.287178
1,0.236421,0.250727
1,0.236246,0.258189
1,0.23563,0.305526
1,0.235,0.26109
1,0.234738,0.275645
1,0.234333,0.247848
1,0.233973,0.236162
1,0.2323,0.246194
1,0.232268,0.243806
1,0.23196,0.300044
1,0.231464,0.282289
1,0.231211,0.265975
1,0.230697,0.237778
1,0.229784,0.246872
1,0.229694,0.25617
1,0.22793,0.232277
1,0.227449,0.241893
1,0.226521,0.255199
1,0.225601,0.287585
1,0.225429,0.242712
1,0.225043,0.242845
1,0.22485,0.348315
1,0.224183,0.253221
1,0.223942,0.24844
1,0.222456,0.242772
1,0.221956,0.282458
1,0.221211,0.237657
1,0.220976,0.223616
1,0.220357,0.225329
1,0.220162,0.234457
1,0.217993,0.225355
1,0.215445,0.2956
1,0.213171,0.244749
1,0.213004,0.283459
1,0.212376,0.361773
1,0.212202,0.230537
1,0.212035,0.264389
1,0.211163,0.251132
1,0.210971,0.266993
1,0.210949,0.224358
1,0.210811,0.253343
1,0.20996,0.264709
1,0.208893,0.2956
1,0.208191,0.228173
1,0.208074,0.220235
1,0.2068,0.218309
1,0.206397,0.225657
1,0.205795,0.241094
1,0.204849,0.20521
1,0.204767,0.226671
1,0.20455,0.224134
1,0.202564,0.227115
1,0.201223,0.20871
1,0.201136,0.23602
1,0.200354,0.203678
1,0.19999,0.200062
1,0.196309,0.282392
1,0.196247,0.21166
1,0.195094,0.196185
1,0.194877,0.202973
1,0.194843,0.20371
1,0.193606,0.20523
1,0.193112,0.215163
1,0.193036,0.222556
1,0.192012,0.200903
1,0.191988,0.280584
1,0.191773,0.200305
1,0.191604,0.262097
1,0.190933,0.274219
1,0.189582,0.300024
1,0.18946,0.219409
1,0.18928,0.199553
1,0.189229,0.204604
1,0.188297,0.213924
1,0.187887,0.188317
1,0.187621,0.294624
1,0.186944,0.19156
1,0.185941,0.211102
1,0.18462,0.195091
1,0.184061,0.312935
1,0.183474,0.190276
1,0.18333,0.196512
1,0.181867,0.190956
1,0.181829,0.18336
1,0.181308,0.20447
1,0.180616,0.207028
1,0.179414,0.182541
1,0.178477,0.199239
1,0.177657,0.205316
1,0.177289,0.19719
1,0.176908,0.178912
1,0.176489,0.185615
1,0.176487,0.22991
1,0.176216,0.180833
1,0.175864,0.179349
1,0.175767,0.21077
1,0.175673,0.212465
1,0.175633,0.196343
1,0.17523,0.29784
1,0.175224,0.198559
1,0.17446,0.175807
1,0.174374,0.277573
1,0.17397,0.193485
1,0.173497,0.178151
1,0.173228,0.184152
1,0.172366,0.200097
1,0.170511,0.197322
1,0.170118,0.184017
1,0.169788,0.356126
1,0.168087,0.220638
1,0.168084,0.182877
1,0.167741,0.176872
1,0.167634,0.193862
1,0.166813,0.211105
1,0.165382,0.167587
1,0.164759,0.225024
1,0.16374,0.213938
1,0.163333,0.191611
1,0.162761,0.18757
1,0.162209,0.179255
1,0.161994,0.170101
1,0.161079,0.180623
1,0.160867,0.182591
1,0.160837,0.166739
1,0.160747,0.18245
1,0.158915,0.182664
1,0.158416,0.182516
1,0.15838,0.158786
1,0.158378,0.170617
1,0.158162,0.203614
1,0.157127,0.165423
1,0.156953,0.199171
1,0.156478,0.157933
1,0.155557,0.207921
1,0.15546,0.175693
1,0.154401,0.171144
1,0.153793,0.153847
1,0.153517,0.157723
1,0.153154,0.229785
1,0.152469,0.179313
1,0.152328,0.217713
1,0.152199,0.215478
1,0.152194,0.176355
1,0.151143,0.172765
1,0.150887,0.152053
1,0.150276,0.193301
1,0.150189,0.202461
1,0.14997,0.171058
1,0.149855,0.176409
1,0.149496,0.15213
1,0.149246,0.184085
1,0.149201,0.170552
1,0.148591,0.17838
1,0.147744,0.152684
1,0.14765,0.157226
1,0.147161,0.170455
1,0.145189,0.156877
1,0.145025,0.203889
1,0.144915,0.158598
1,0.142881,0.164642
1,0.142686,0.185514
1,0.142676,0.176313
1,0.141772,0.148381
1,0.141724,0.155814
1,0.141184,0.149127
1,0.141094,0.158923
1,0.140931,0.157516
1,0.140648,0.146002
1,0.139881,0.146515
1,0.139664,0.253305
1,0.138325,0.157317
1,0.137192,0.137787
1,0.136929,0.155781
1,0.136266,0.136428
1,0.135933,0.153706
1,0.135522,0.14041
1,0.135366,0.151439
1,0.135164,0.141771
1,0.135085,0.149436
1,0.134545,0.138143
1,0.134432,0.156148
1,0.134169,0.191184
1,0.133968,0.138425
1,0.133812,0.144196
1,0.13292,0.135657
1,0.132691,0.151216
1,0.132391,0.138156
1,0.132274,0.139842
1,0.132169,0.146489
1,0.131197,0.135158
1,0.130911,0.133387
1,0.130525,0.148718
1,0.13018,0.13095
1,0.127036,0.131385
1,0.126309,0.183524
1,0.125026,0.16296
1,0.124961,0.158082
1,0.124906,0.141239
1,0.124426,0.126526
1,0.124313,0.146034
1,0.123747,0.126437
1,0.123458,0.134274
1,0.123191,0.125291
1,0.12259,0.132575
1,0.122046,0.127517
1,0.121926,0.130561
1,0.121724,0.142789
1,0.121719,0.137707
1,0.121438,0.150961
1,0.121069,0.134792
1,0.120775,0.13745
1,0.120765,0.130708
1,0.120628,0.124874
1,0.11985,0.12807
1,0.119142,0.135545
1,0.119016,0.142963
1,0.11886,0.146154
1,0.118756,0.148493
1,0.117665,0.149409
1,0.116758,0.119142
1,0.1158,0.12324
1,0.115625,0.134851
1,0.115131,0.124137
1,0.114861,0.138381
1,0.114234,0.140434
1,0.113204,0.124554
1,0.113179,0.114718
1,0.112702,0.117762
1,0.112339,0.12141
1,0.111973,0.130502
1,0.111459,0.133715
1,0.110832,0.112453
1,0.110822,0.127187
1,0.110221,0.117907
1,0.109533,0.116613
1,0.109408,0.141307
1,0.10893,0.109463
1,0.108615,0.137313
1,0.108391,0.155442
1,0.107473,0.107512
1,0.106477,0.141904
1,0.106214,0.125136
1,0.105654,0.108237
1,0.105573,0.112457
1,0.105566,0.105887
1,0.104756,0.110953
1,0.104698,0.112559
1,0.103687,0.105264
1,0.103434,0.104619
1,0.103332,0.106287
1,0.103295,0.111879
1,0.102977,0.115328
1,0.102644,0.143393
1,0.102244,0.104252
1,0.102214,0.113607
1,0.102166,0.112171
1,0.102011,0.103751
1,0.101983,0.103316
1,0.101964,0.102395
1,0.101725,0.105953
1,0.101684,0.103018
1,0.101411,0.116437
1,0.101362,0.134069
1,0.101207,0.102947
1,0.101013,0.109985
1,0.100794,0.105661
1,0.0998266,0.101542
1,0.0996604,0.100166
1,0.099629,0.101888
1,0.0993018,0.104033
1,0.0990968,0.107062
1,0.0989723,0.113349
1,0.0984999,0.0996001
1,0.098133,0.100048
1,0.0972022,0.100598
1,0.0965492,0.103336
1,0.0963214,0.0992686
1,0.0962207,0.112396
1,0.09558,0.108435
1,0.0953978,0.0991695
1,0.0953275,0.103614
1,0.0952151,0.102193
1,0.0951694,0.115545
1,0.0949172,0.126508
1,0.0947562,0.122258
1,0.0947058,0.13391
1,0.0942212,0.0973927
1,0.0937779,0.109145
1,0.0933365,0.110548
1,0.0932245,0.132575
1,0.0929922,0.129148
1,0.0929236,0.111821
1,0.0926496,0.15409
1,0.0922415,0.101486
1,0.0921369,0.0932513
1,0.0920884,0.0942778
1,0.0919898,0.0958397
1,0.0916082,0.0918874
1,0.0913087,0.1018
1,0.0911531,0.101868
1,0.0911184,0.103759
1,0.091038,0.129072
1,0.0909583,0.119331
1,0.0909533,0.107849
1,0.0908001,0.141817
1,0.0906623,0.0966838
1,0.0904916,0.0958397
1,0.0904426,0.110942
1,0.0904304,0.100858
1,0.090224,0.100491
1,0.0899219,0.0924662
1,0.089853,0.120455
1,0.089273,0.104142
1,0.0892457,0.103362
1,0.0892071,0.112441
1,0.0887167,0.118989
1,0.0881839,0.0956555
1,0.0874497,0.0987176
1,0.0863257,0.101495
1,0.0861464,0.0959218
1,0.0861461,0.0961838
1,0.085095,0.108382
1,0.0850751,0.108694
1,0.0846879,0.0943545
1,0.0846444,0.0912638
1,0.0843251,0.11486
1,0.0843133,0.105159
1,0.0842541,0.119366
1,0.0842372,0.102947
1,0.0839887,0.086666
1,0.0838846,0.111432
1,0.0836675,0.0873438
1,0.083139,0.101517
1,0.0830244,0.118623
1,0.0827024,0.085903
1,0.0826525,0.106767
1,0.0821726,0.11344
1,0.0820105,0.0965526
1,0.0814978,0.097412
1,0.0812816,0.0973927
1,0.0811538,0.0862003
1,0.0811487,0.0846256
1,0.0809507,0.12812
1,0.080857,0.101393
1,0.0807277,0.0963048
1,0.0806489,0.0893
1,0.0805956,0.0817137
1,0.0803325,0.0964727
1,0.0800141,0.103104
1,0.0800106,0.0926893
1,0.0798309,0.0951146
1,0.0796872,0.0823394
1,0.0796119,0.0836965
1,0.0792774,0.0879263
1,0.07882,0.126595
1,0.0787448,0.0807746
1,0.0785444,0.094931
1,0.0785362,0.109055
1,0.0783821,0.0812258
1,0.0782903,0.106379
1,0.078213,0.0836274
1,0.0780002,0.0821751
1,0.0777603,0.096585
1,0.0776801,0.079359
1,0.0775617,0.0868355
1,0.0770525,0.08884
1,0.0769998,0.0937879
1,0.0769314,0.10938
1,0.0768266,0.0934395
1,0.0766184,0.0891624
1,0.0764376,0.0782947
1,0.076115,0.0779301
1,0.0761017,0.0904684
1,0.0760057,0.0836274
1,0.0755486,0.125767
1,0.0753738,0.0786378
1,0.0749803,0.0839199
1,0.0748762,0.0892137
1,0.0747942,0.13573
1,0.0747723,0.087192
1,0.0746454,0.0917844
1,0.0745023,0.0889085
1,0.0743823,0.126985
1,0.0742973,0.0805203
1,0.0742685,0.0856205
1,0.0742663,0.0895733
1,0.074129,0.0901774
1,0.0738298,0.08381
1,0.073699,0.083207
1,0.0734545,0.103994
1,0.0734216,0.084873
1,0.072939,0.0836498
1,0.0728352,0.0844398
1,0.0727811,0.0745205
1,0.0721199,0.10673
1,0.0720764,0.0749001
1,0.0719296,0.0728647
1,0.0718153,0.0761661
1,0.0717308,0.0998394
1,0.0716845,0.0739371
1,0.0715658,0.0806368
1,0.0714498,0.0902527
1,0.071419,0.0907403
1,0.0714052,0.0962083
1,0.0712658,0.0791438
1,0.0712155,0.101995
1,0.0710822,0.102138
1,0.0710754,0.082703
1,0.0710554,0.0878779
1,0.0710126,0.0836965
1,0.0707034,0.0797075
1,0.0703477,0.0809652
1,0.0702117,0.0790062
1,0.0699439,0.0716292
1,0.0695757,0.0839041
1,0.0694738,0.0763098
1,0.0691763,0.0806822
1,0.0689719,0.0871524
1,0.0689285,0.0710836
1,0.0687219,0.0947823
1,0.0686314,0.0773533
1,0.068592,0.0751196
1,0.0685291,0.100965
1,0.0684693,0.0775444
1,0.0681577,0.0842962
1,0.0680971,0.0832222
1,0.0680784,0.0732848
1,0.0679968,0.0743183
1,0.0679967,0.102137
1,0.0678478,0.0878907
1,0.0675315,0.0734896
1,0.0672077,0.0755179
1,0.0671502,0.0678275
1,0.0671105,0.0680309
1,0.0670798,0.0782596
1,0.0670211,0.0860486
1,0.0669259,0.0798051
1,0.0669103,0.0770385
1,0.066833,0.0773755
1,0.0666773,0.0762024
1,0.0666277,0.0799382
1,0.0666127,0.0730113
1,0.0662398,0.0680176
1,0.0660543,0.0746806
1,0.0658895,0.066182
1,0.0654654,0.0740549
1,0.0653596,0.0796465
1,0.065106,0.0709481
1,0.0649428,0.0810486
1,0.0648779,0.0666116
1,0.0648738,0.0664918
1,0.0648658,0.0721717
1,0.06465,0.0909612
1,0.0644335,0.0657308
1,0.0643123,0.0685369
1,0.0642414,0.0690536
1,0.0640488,0.065021
1,0.0631994,0.063695
1,0.063036,0.0643289
1,0.0629399,0.0726946
1,0.0629347,0.068287
1,0.0627513,0.0850021
1,0.0626692,0.0795637
1,0.0624238,0.0721659
1,0.0623475,0.0717041
1,0.0623286,0.0750192
1,0.0623148,0.0637861
1,0.0622019,0.0832751
1,0.0620082,0.0696569
1,0.0619717,0.0626131
1,0.0617138,0.0695488
1,0.0613631,0.0742279
1,0.0611447,0.0635307
1,0.0608247,0.0644775
1,0.0606343,0.0609754
1,0.0605565,0.0610654
1,0.0602746,0.0615476
1,0.0600772,0.0638129
1,0.0600102,0.0631661
1,0.059988,0.072605
1,0.0599399,0.0696013
1,0.059717,0.0715998
1,0.0596624,0.0785737
1,0.0596132,0.0687945
1,0.0595916,0.0615778
1,0.05958,0.0946901
1,0.059486,0.0712285
1,0.0594269,0.0601466
1,0.0589708,0.0632391
1,0.0589632,0.0721659
1,0.0587618,0.0728019
1,0.0586885,0.0692586
1,0.0582331,0.0707782
1,0.0581066,0.06192
1,0.0580267,0.0582333
1,0.0580232,0.0656418
1,0.057885,0.0586919
1,0.0577687,0.061971
1,0.0575818,0.0837692
1,0.0573975,0.0606066
1,0.0573764,0.060121
1,0.0573566,0.0636152
1,0.0572923,0.0870585
1,0.0570936,0.0704966
1,0.0570774,0.0724108
1,0.0569884,0.081977
1,0.0565571,0.063859
1,0.0562756,0.0691999
1,0.056239,0.0601881
1,0.0558281,0.0629344
1,0.0557497,0.0631406
1,0.0557493,0.0620379
1,0.0553822,0.0705167
1,0.0552793,0.0732364
1,0.0550054,0.0597423
1,0.0547154,0.0701916
1,0.0547053,0.0725801
1,0.0545705,0.0546718
1,0.0544104,0.0650162
1,0.0541721,0.064389
1,0.0539684,0.0544601
1,0.0539057,0.0629432
1,0.0537054,0.0570062
1,0.0536221,0.0621688
1,0.0534715,0.0754341
1,0.0534653,0.0559552
1,0.0534458,0.0556649
1,0.0532413,0.0550261
1,0.0528359,0.0551544
1,0.0527821,0.0617585
1,0.0527774,0.0572374
1,0.0526502,0.0586921
1,0.0526247,0.0676997
1,0.0523969,0.0568126
1,0.0523351,0.0752176
1,0.0522122,0.0941678
1,0.0517085,0.0519786
1,0.0516719,0.0723386
1,0.0514327,0.0718049
1,0.0512198,0.0666831
1,0.0511729,0.0693849
1,0.0505392,0.0800657
1,0.0501926,0.0547354
1,0.049695,0.0608516
1,0.0494614,0.0775287
1,0.0493823,0.0535184
1,0.0491221,0.0549885
1,0.0488685,0.059851
1,0.0488221,0.0611305
1,0.0487777,0.05613
1,0.0485074,0.0512732
1,0.0483471,0.0554877
1,0.0479839,0.0627206
1,0.0479476,0.063855
1,0.0478193,0.0479051
1,0.0476697,0.0499408
1,0.0476598,0.0638364
1,0.0472902,0.0599276
1,0.0471793,0.0535942
1,0.0471605,0.0521715
1,0.0470034,0.0644192
1,0.0464996,0.0641868
1,0.0464122,0.0480017
1,0.0462763,0.0716726
1,0.0459921,0.0677755
1,0.045619,0.0601881
1,0.0455795,0.0501759
1,0.0451759,0.0541748
1,0.0451448,0.0541274
1,0.0448223,0.0779796
1,0.0447805,0.0569538
1,0.0446531,0.0488651
1,0.0445946,0.0566615
1,0.0442293,0.0462362
1,0.0440257,0.0550458
1,0.0431588,0.0538305
1,0.0426212,0.045754
1,0.0424431,0.0577055
1,0.0420787,0.0452974
1,0.0420786,0.0436506
1,0.0416263,0.047257
1,0.0412236,0.0666085
1,0.0411833,0.0521004
1,0.041106,0.0636261
1,0.0407943,0.0627863
1,0.0392583,0.0403759
1,0.0392561,0.0526653
1,0.0390579,0.0434025
1,0.0388336,0.0389086
1,0.0387459,0.0454437
1,0.0382137,0.0577293
1,0.0381499,0.0466575
1,0.0373727,0.0383003
1,0.0371984,0.0389183
1,0.036732,0.0421306
1,0.0365186,0.0396198
1,0.0358038,0.0367452
1,0.0350626,0.0388338
1,0.0343295,0.0360352
1,0.0335355,0.0464625
1,0.0325047,0.0330565
1,0.0313773,0.0321223
1,0.0309285,0.0354768
1,0.0309164,0.0352364
1,0.0306809,0.0309775
1,0.0282557,0.0320471
1,0.0200491,0.0259195
1,0.0159002,0.0167542
2,1.3036,1.32872
2,1.14227,1.16722
2,1.14011,1.19879
2,1.03167,1.07349
2,1.0311,1.06528
2,0.997389,0.998035
2,0.970075,0.979925
2,0.8392,0.852278
2,0.802478,0.80983
2,0.801241,0.814881
2,0.795461,0.816487
2,0.793864,0.823209
2,0.777179,0.80564
2,0.764232,0.771695
2,0.718385,0.766563
2,0.718362,0.761898
2,0.711431,0.752973
2,0.706729,0.79244
2,0.690076,0.699821
2,0.667263,0.693753
2,0.66661,0.671306
2,0.664869,0.672802
2,0.655812,0.659117
2,0.581441,0.582374
2,0.574676,0.601953
2,0.571282,0.601222
2,0.570497,0.57986
2,0.569479,0.603541
2,0.558429,0.607116
2,0.54615,0.551252
2,0.539493,0.564551
2,0.532028,0.546977
2,0.527399,0.593414
2,0.521951,0.540942
2,0.517536,0.521728
2,0.507267,0.50957
2,0.502042,0.517637
2,0.500286,0.504676
2,0.500088,0.500768
2,0.479768,0.489325
2,0.470693,0.485431
2,0.443029,0.455852
2,0.433406,0.433495
2,0.401429,0.426036
2,0.386287,0.395126
2,0.375207,0.38242
2,0.375047,0.391827
2,0.373017,0.37522
2,0.370211,0.37181
2,0.349126,0.352296
2,0.348315,0.349993
2,0.344813,0.356919
2,0.344682,0.361051
2,0.343087,0.363155
2,0.318562,0.329755
2,0.313341,0.323445
2,0.30975,0.315441
2,0.308086,0.324999
2,0.300742,0.306796
2,0.298957,0.346154
2,0.297932,0.29943
2,0.296875,0.300582
2,0.291267,0.298203
2,0.288207,0.292439
2,0.281689,0.283745
2,0.281012,0.287021
2,0.26836,0.280871
2,0.266489,0.278613
2,0.255971,0.258806
2,0.255606,0.265286
2,0.254672,0.259837
2,0.241064,0.255708
2,0.232895,0.249701
2,0.230286,0.238768
2,0.22591,0.239195
2,0.221529,0.223825
2,0.21914,0.230932
2,0.206823,0.207257
2,0.201828,0.20259
2,0.196758,0.203819
2,0.195451,0.198474
2,0.189282,0.194629
2,0.187525,0.196096
2,0.186622,0.190109
2,0.186058,0.190511
2,0.186058,0.201782
2,0.184767,0.194594
2,0.178542,0.181443
2,0.171813,0.173648
2,0.165343,0.177302
2,0.163281,0.215522
2,0.161542,0.173582
2,0.151965,0.153853
2,0.150841,0.153837
2,0.150268,0.154829
2,0.149335,0.152842
2,0.147006,0.152948
2,0.14529,0.155146
2,0.144684,0.165753
2,0.140062,0.140881
2,0.138733,0.139886
2,0.135951,0.141033
2,0.135536,0.137964
2,0.132054,0.134663
2,0.131901,0.138596
2,0.131227,0.132051
2,0.130892,0.138785
2,0.129633,0.132448
2,0.129589,0.133124
2,0.129115,0.154088
2,0.124093,0.131801
2,0.123686,0.125502
2,0.123575,0.131135
2,0.119714,0.120144
2,0.117636,0.122125
2,0.117215,0.123135
2,0.115759,0.116101
2,0.114215,0.125996
2,0.113257,0.115486
2,0.112134,0.115682
2,0.110334,0.112699
2,0.110206,0.123323
2,0.109472,0.110816
2,0.107644,0.108993
2,0.107514,0.112027
2,0.107281,0.109022
2,0.105202,0.108047
2,0.104511,0.105262
2,0.103991,0.106146
2,0.101623,0.107806
2,0.10104,0.102284
2,0.0985809,0.103177
2,0.0966751,0.107787
2,0.095413,0.0956909
2,0.0950129,0.0963743
2,0.0948109,0.10401
2,0.0945498,0.0952368
2,0.0922159,0.0934596
2,0.091102,0.100156
2,0.0901496,0.0943921
2,0.0884595,0.0919328
2,0.0883692,0.0885769
2,0.0871843,0.0948638
2,0.086666,0.0944323
2,0.0865981,0.0918133
2,0.0844799,0.0846241
2,0.0840062,0.0876901
2,0.0838775,0.0885735
2,0.083769,0.0877295
2,0.0836285,0.0846336
2,0.0828369,0.0877052
2,0.0827752,0.0861162
2,0.0821803,0.0941102
2,0.0818345,0.0862865
2,0.0817038,0.0849472
2,0.0804728,0.0944603
2,0.0780495,0.0783612
2,0.0765013,0.0844327
2,0.074421,0.0775591
2,0.0736226,0.0766152
2,0.0728839,0.077456
2,0.071926,0.0818535
2,0.0710745,0.0762359
2,0.0696569,0.0731266
2,0.0687487,0.071041
2,0.0671427,0.0681186
2,0.0659894,0.073102
2,0.0618574,0.0690708
2,0.0611248,0.0614984
2,0.0590469,0.0595494
