point cloud with 1928 points in dimension 3
0,0,0.00301992
0,0,0.00357007
0,0,0.00467607
0,0,0.00519177
0,0,0.00626039
0,0,0.00654589
0,0,0.00669626
0,0,0.00671478
0,0,0.00766384
0,0,0.00769856
0,0,0.00778712
0,0,0.00789955
0,0,0.00827207
0,0,0.00839883
0,0,0.00841169
0,0,0.00858357
0,0,0.00923662
0,0,0.00940851
0,0,0.00944556
0,0,0.00978578
0,0,0.0101729
0,0,0.0102025
0,0,0.0102512
0,0,0.0104609
0,0,0.0108669
0,0,0.0116995
0,0,0.0121553
0,0,0.0123558
0,0,0.0124771
0,0,0.0129272
0,0,0.0131722
0,0,0.0131907
0,0,0.0134969
0,0,0.0135083
0,0,0.0136846
0,0,0.0136907
0,0,0.0139187
0,0,0.0140517
0,0,0.0141449
0,0,0.014214
0,0,0.0142332
0,0,0.0143698
0,0,0.0144654
0,0,0.0147068
0,0,0.0147472
0,0,0.0150119
0,0,0.0150767
0,0,0.0152476
0,0,0.01552
0,0,0.0157098
0,0,0.0157337
0,0,0.0158904
0,0,0.0160774
0,0,0.0161155
0,0,0.0161155
0,0,0.016226
0,0,0.0162488
0,0,0.0169295
0,0,0.0169696
0,0,0.0169933
0,0,0.017151
0,0,0.0172529
0,0,0.0174295
0,0,0.0176139
0,0,0.0177517
0,0,0.0177896
0,0,0.0179425
0,0,0.0179695
0,0,0.0181275
0,0,0.0184666
0,0,0.0188826
0,0,0.0189162
0,0,0.0189924
0,0,0.0191181
0,0,0.0193848
0,0,0.0194976
0,0,0.0195013
0,0,0.019555
0,0,0.0195763
0,0,0.0197637
0,0,0.0199142
0,0,0.0201646
0,0,0.0201712
0,0,0.0203006
0,0,0.0203421
0,0,0.0203554
0,0,0.020422
0,0,0.0204814
0,0,0.0205355
0,0,0.020579
0,0,0.0206557
0,0,0.0207865
0,0,0.0208336
0,0,0.0209139
0,0,0.0209941
0,0,0.0210285
0,0,0.0210342
0,0,0.0212519
0,0,0.0212981
0,0,0.0213197
0,0,0.0217667
0,0,0.0218835
0,0,0.0219545
0,0,0.0221837
0,0,0.0224286
0,0,0.0224389
0,0,0.0224459
0,0,0.0224882
0,0,0.0225588
0,0,0.022639
0,0,0.0226883
0,0,0.0227054
0,0,0.0230194
0,0,0.023115
0,0,0.0231709
0,0,0.0232451
0,0,0.0233942
0,0,0.0234967
0,0,0.0236271
0,0,0.0237361
0,0,0.0237706
0,0,0.0239455
0,0,0.0239597
0,0,0.0241541
0,0,0.0242644
0,0,0.0242878
0,0,0.0243476
0,0,0.0246167
0,0,0.024628
0,0,0.0246396
0,0,0.0248121
0,0,0.0248913
0,0,0.0249103
0,0,0.0249715
0,0,0.0249884
0,0,0.0250311
0,0,0.0251179
0,0,0.0252355
0,0,0.0253382
0,0,0.0253575
0,0,0.0254127
0,0,0.0254233
0,0,0.0254565
0,0,0.0256675
0,0,0.025673
0,0,0.0258285
0,0,0.0258329
0,0,0.0259016
0,0,0.0260734
0,0,0.0261312
0,0,0.0262771
0,0,0.0263002
0,0,0.0263065
0,0,0.0264637
0,0,0.0264926
0,0,0.0265938
0,0,0.0269583
0,0,0.0269739
0,0,0.0272915
0,0,0.0274346
0,0,0.0275904
0,0,0.0277743
0,0,0.0277767
0,0,0.0278132
0,0,0.0279134
0,0,0.0279287
0,0,0.0282074
0,0,0.0283636
0,0,0.0284098
0,0,0.0285562
0,0,0.0285928
0,0,0.028605
0,0,0.0288338
0,0,0.0288627
0,0,0.0289448
0,0,0.0289716
0,0,0.0290981
0,0,0.0292455
0,0,0.0293921
0,0,0.0295306
0,0,0.0296591
0,0,0.0297059
0,0,0.0297358
0,0,0.0299
0,0,0.0299179
0,0,0.0299217
0,0,0.0300052
0,0,0.0303052
0,0,0.0303199
0,0,0.0303654
0,0,0.0304968
0,0,0.0305204
0,0,0.0305581
0,0,0.0306319
0,0,0.0307388
0,0,0.030821
0,0,0.0312316
0,0,0.0313565
0,0,0.0314633
0,0,0.0316476
0,0,0.0318124
0,0,0.032004
0,0,0.032021
0,0,0.0320684
0,0,0.0321034
0,0,0.0321538
0,0,0.0322032
0,0,0.0322762
0,0,0.0322763
0,0,0.0323242
0,0,0.0323635
0,0,0.0324143
0,0,0.0324963
0,0,0.0325772
0,0,0.0325833
0,0,0.0327407
0,0,0.0329923
0,0,0.033083
0,0,0.033144
0,0,0.0331463
0,0,0.033158
0,0,0.0332291
0,0,0.0334012
0,0,0.0335019
0,0,0.0335066
0,0,0.0335141
0,0,0.033545
0,0,0.0335822
0,0,0.033586
0,0,0.0336349
0,0,0.0337159
0,0,0.0338198
0,0,0.0339101
0,0,0.0339664
0,0,0.0340264
0,0,0.0342037
0,0,0.0342324
0,0,0.0342721
0,0,0.034405
0,0,0.0344784
0,0,0.0345423
0,0,0.0345929
0,0,0.034608
0,0,0.0346309
0,0,0.0347123
0,0,0.0347989
0,0,0.0348712
0,0,0.0348989
0,0,0.0350119
0,0,0.0350137
0,0,0.0350886
0,0,0.0350894
0,0,0.0350949
0,0,0.0351503
0,0,0.0351576
0,0,0.0352789
0,0,0.0353391
0,0,0.0355211
0,0,0.0356293
0,0,0.0356544
0,0,0.0358474
0,0,0.0358477
0,0,0.0360969
0,0,0.0362009
0,0,0.0363173
0,0,0.0363244
0,0,0.0363806
0,0,0.0365085
0,0,0.036572
0,0,0.0365933
0,0,0.0366536
0,0,0.036712
0,0,0.0367218
0,0,0.0368116
0,0,0.0369005
0,0,0.0369086
0,0,0.0371012
0,0,0.0372054
0,0,0.0372554
0,0,0.0373909
0,0,0.0374731
0,0,0.0375447
0,0,0.0377336
0,0,0.0377619
0,0,0.0377857
0,0,0.0379132
0,0,0.0379358
0,0,0.0379686
0,0,0.038169
0,0,0.0382678
0,0,0.0382752
0,0,0.0383451
0,0,0.0384786
0,0,0.0384881
0,0,0.0385773
0,0,0.0386578
0,0,0.0388118
0,0,0.0388211
0,0,0.0390191
0,0,0.0390907
0,0,0.039104
0,0,0.0393471
0,0,0.0395613
0,0,0.0396242
0,0,0.0396468
0,0,0.0397207
0,0,0.039759
0,0,0.0399768
0,0,0.0400306
0,0,0.040061
0,0,0.0401439
0,0,0.0401873
0,0,0.040231
0,0,0.0402314
0,0,0.0402597
0,0,0.040478
0,0,0.0405014
0,0,0.0405738
0,0,0.0406287
0,0,0.0406354
0,0,0.0407336
0,0,0.0407603
0,0,0.0407777
0,0,0.0407799
0,0,0.0408743
0,0,0.0408934
0,0,0.0411848
0,0,0.0413599
0,0,0.0414622
0,0,0.0415151
0,0,0.0415889
0,0,0.041718
0,0,0.0417196
0,0,0.0417884
0,0,0.0418237
0,0,0.0420077
0,0,0.0422219
0,0,0.0422829
0,0,0.042312
0,0,0.0424376
0,0,0.0424882
0,0,0.0426524
0,0,0.0427487
0,0,0.0427904
0,0,0.0428855
0,0,0.0429131
0,0,0.0430597
0,0,0.0433044
0,0,0.0433741
0,0,0.0434307
0,0,0.0434319
0,0,0.0435759
0,0,0.0435794
0,0,0.043662
0,0,0.0438892
0,0,0.0439652
0,0,0.0441567
0,0,0.0442445
0,0,0.0442474
0,0,0.0442483
0,0,0.0443877
0,0,0.0444884
0,0,0.0444981
0,0,0.0445528
0,0,0.0445948
0,0,0.0446042
0,0,0.0447319
0,0,0.0448196
0,0,0.0448419
0,0,0.0448843
0,0,0.0448943
0,0,0.044939
0,0,0.0452195
0,0,0.0453616
0,0,0.0455379
0,0,0.0455867
0,0,0.045593
0,0,0.0456485
0,0,0.0458249
0,0,0.045849
0,0,0.0460131
0,0,0.0460413
0,0,0.0461794
0,0,0.0462339
0,0,0.046282
0,0,0.0465073
0,0,0.046614
0,0,0.0466285
0,0,0.0466607
0,0,0.0468613
0,0,0.047073
0,0,0.0470736
0,0,0.0470966
0,0,0.0479401
0,0,0.0480816
0,0,0.0480959
0,0,0.0481633
0,0,0.0481909
0,0,0.0482517
0,0,0.0482637
0,0,0.0482687
0,0,0.0483677
0,0,0.0483892
0,0,0.0484572
0,0,0.0485008
0,0,0.0485253
0,0,0.0485687
0,0,0.048759
0,0,0.0488982
0,0,0.04898
0,0,0.0490191
0,0,0.0491793
0,0,0.0492757
0,0,0.0492873
0,0,0.0493233
0,0,0.0493548
0,0,0.0493577
0,0,0.0494207
0,0,0.0494346
0,0,0.049613
0,0,0.0496193
0,0,0.0496853
0,0,0.049801
0,0,0.0498448
0,0,0.0498871
0,0,0.0498934
0,0,0.0500039
0,0,0.0500795
0,0,0.050178
0,0,0.0502455
0,0,0.0502533
0,0,0.0502781
0,0,0.0503859
0,0,0.0503904
0,0,0.0504928
0,0,0.0505328
0,0,0.0505391
0,0,0.0505504
0,0,0.0506826
0,0,0.0510043
0,0,0.0510878
0,0,0.0511278
0,0,0.0512445
0,0,0.0513167
0,0,0.0514169
0,0,0.0515365
0,0,0.0515417
0,0,0.0516932
0,0,0.0517291
0,0,0.0517562
0,0,0.051788
0,0,0.0518096
0,0,0.0518266
0,0,0.0518549
0,0,0.0519949
0,0,0.052165
0,0,0.0523491
0,0,0.0524987
0,0,0.0525833
0,0,0.0526232
0,0,0.0527768
0,0,0.052784
0,0,0.0527918
0,0,0.0528402
0,0,0.0529199
0,0,0.0530828
0,0,0.0532112
0,0,0.0532598
0,0,0.053284
0,0,0.0533176
0,0,0.0534539
0,0,0.0534695
0,0,0.0535361
0,0,0.0537497
0,0,0.0538065
0,0,0.0538677
0,0,0.0541114
0,0,0.0541631
0,0,0.0541736
0,0,0.0544427
0,0,0.0545485
0,0,0.054577
0,0,0.0546595
0,0,0.0546709
0,0,0.054873
0,0,0.055034
0,0,0.0551482
0,0,0.055151
0,0,0.0552337
0,0,0.0552361
0,0,0.0553695
0,0,0.0554009
0,0,0.0554164
0,0,0.0557997
0,0,0.0558092
0,0,0.0558265
0,0,0.0559688
0,0,0.0560273
0,0,0.0560538
0,0,0.0561604
0,0,0.0562006
0,0,0.0562219
0,0,0.0562808
0,0,0.0564655
0,0,0.0565335
0,0,0.0565716
0,0,0.0566486
0,0,0.0568525
0,0,0.0569156
0,0,0.0569331
0,0,0.0571457
0,0,0.0571867
0,0,0.0572667
0,0,0.0573726
0,0,0.0574383
0,0,0.0574976
0,0,0.0575133
0,0,0.0575438
0,0,0.0575877
0,0,0.0577183
0,0,0.0577696
0,0,0.0578625
0,0,0.0579407
0,0,0.0580699
0,0,0.0581178
0,0,0.058244
0,0,0.058406
0,0,0.0584107
0,0,0.0584694
0,0,0.0586067
0,0,0.0586454
0,0,0.0588088
0,0,0.0589907
0,0,0.0589909
0,0,0.0590345
0,0,0.0590974
0,0,0.0591077
0,0,0.0591603
0,0,0.0592559
0,0,0.0593102
0,0,0.0593275
0,0,0.0595788
0,0,0.0596203
0,0,0.0596789
0,0,0.0597717
0,0,0.0598277
0,0,0.0600208
0,0,0.0603112
0,0,0.0604863
0,0,0.0605123
0,0,0.0605212
0,0,0.0607311
0,0,0.0607419
0,0,0.0608033
0,0,0.0608891
0,0,0.0609884
0,0,0.0609924
0,0,0.061051
0,0,0.0611
0,0,0.0611233
0,0,0.0612167
0,0,0.0614722
0,0,0.0616792
0,0,0.0617236
0,0,0.0619458
0,0,0.0620213
0,0,0.0621413
0,0,0.0621425
0,0,0.0623452
0,0,0.0623651
0,0,0.062486
0,0,0.0625209
0,0,0.0625896
0,0,0.0626458
0,0,0.062874
0,0,0.0630255
0,0,0.0630458
0,0,0.0631947
0,0,0.0634691
0,0,0.0634869
0,0,0.063505
0,0,0.0635918
0,0,0.0637435
0,0,0.0638639
0,0,0.0639019
0,0,0.0639135
0,0,0.0639321
0,0,0.0639425
0,0,0.0639693
0,0,0.0639841
0,0,0.0640399
0,0,0.0640795
0,0,0.0640932
0,0,0.0641834
0,0,0.0642118
0,0,0.0643951
0,0,0.0644217
0,0,0.0644597
0,0,0.0645126
0,0,0.0646934
0,0,0.0648222
0,0,0.0648343
0,0,0.0648702
0,0,0.0648958
0,0,0.0650058
0,0,0.0650865
0,0,0.0652452
0,0,0.0653174
0,0,0.0653849
0,0,0.0654244
0,0,0.0654505
0,0,0.0655553
0,0,0.0657075
0,0,0.0657623
0,0,0.0657835
0,0,0.0658912
0,0,0.0659722
0,0,0.0660302
0,0,0.0660345
0,0,0.0661465
0,0,0.0662374
0,0,0.0664594
0,0,0.0666912
0,0,0.0668039
0,0,0.0668847
0,0,0.066894
0,0,0.066897
0,0,0.0670816
0,0,0.0673753
0,0,0.0675311
0,0,0.0678179
0,0,0.0678575
0,0,0.0683709
0,0,0.0683912
0,0,0.0684612
0,0,0.0684885
0,0,0.0685771
0,0,0.0687479
0,0,0.0692388
0,0,0.0692749
0,0,0.0693365
0,0,0.0694403
0,0,0.0694601
0,0,0.0694688
0,0,0.0695967
0,0,0.0698206
0,0,0.06984
0,0,0.0699101
0,0,0.0702364
0,0,0.0702765
0,0,0.0702898
0,0,0.0703598
0,0,0.0703646
0,0,0.0704586
0,0,0.0704993
0,0,0.0705677
0,0,0.0705929
0,0,0.0706499
0,0,0.0707049
0,0,0.0707337
0,0,0.0709784
0,0,0.0710399
0,0,0.0710747
0,0,0.0710799
0,0,0.0713509
0,0,0.0713656
0,0,0.071394
0,0,0.0714241
0,0,0.0715027
0,0,0.0716528
0,0,0.0717568
0,0,0.0719273
0,0,0.072106
0,0,0.072129
0,0,0.072358
0,0,0.0725828
0,0,0.0725992
0,0,0.0726247
0,0,0.0727525
0,0,0.0728645
0,0,0.0730194
0,0,0.07306
0,0,0.0730805
0,0,0.0733873
0,0,0.0734084
0,0,0.0734742
0,0,0.0736721
0,0,0.0738701
0,0,0.0742337
0,0,0.0742856
0,0,0.0744561
0,0,0.0744779
0,0,0.0745062
0,0,0.0745242
0,0,0.0747283
0,0,0.0748206
0,0,0.0748251
0,0,0.0750714
0,0,0.0751665
0,0,0.0752409
0,0,0.0752473
0,0,0.0752588
0,0,0.0752876
0,0,0.0752954
0,0,0.0752974
0,0,0.0753231
0,0,0.0753508
0,0,0.0753616
0,0,0.0754208
0,0,0.0754452
0,0,0.0754839
0,0,0.0755399
0,0,0.0755706
0,0,0.0755882
0,0,0.0756122
0,0,0.0756427
0,0,0.0758907
0,0,0.0759022
0,0,0.0759791
0,0,0.0760332
0,0,0.0760905
0,0,0.0762965
0,0,0.0763371
0,0,0.0763615
0,0,0.0766085
0,0,0.0766107
0,0,0.0766573
0,0,0.0766817
0,0,0.0767556
0,0,0.0767601
0,0,0.0768233
0,0,0.0769131
0,0,0.0769208
0,0,0.0770001
0,0,0.0770039
0,0,0.0770541
0,0,0.0771624
0,0,0.0771628
0,0,0.0774232
0,0,0.0776609
0,0,0.0778325
0,0,0.0779382
0,0,0.0782061
0,0,0.0784839
0,0,0.078503
0,0,0.0785193
0,0,0.0787392
0,0,0.0787821
0,0,0.0787974
0,0,0.0790591
0,0,0.0792209
0,0,0.0793179
0,0,0.0795047
0,0,0.0796091
0,0,0.0797101
0,0,0.0798918
0,0,0.0799598
0,0,0.0800041
0,0,0.0800361
0,0,0.0801083
0,0,0.0801646
0,0,0.080165
0,0,0.0803027
0,0,0.080677
0,0,0.0807406
0,0,0.0808169
0,0,0.0808186
0,0,0.0808459
0,0,0.0810874
0,0,0.0812114
0,0,0.0812725
0,0,0.0815293
0,0,0.0815385
0,0,0.0815476
0,0,0.0815502
0,0,0.0816165
0,0,0.0819182
0,0,0.0819683
0,0,0.0819754
0,0,0.0819806
0,0,0.0819819
0,0,0.0819909
0,0,0.0822981
0,0,0.0824359
0,0,0.082582
0,0,0.0826647
0,0,0.0827723
0,0,0.0828176
0,0,0.0830611
0,0,0.0833776
0,0,0.0834302
0,0,0.0835106
0,0,0.0835962
0,0,0.0836237
0,0,0.083646
0,0,0.0836894
0,0,0.0836952
0,0,0.0837435
0,0,0.0837503
0,0,0.0838885
0,0,0.0840204
0,0,0.084088
0,0,0.0842442
0,0,0.0843815
0,0,0.0844983
0,0,0.0846205
0,0,0.0846444
0,0,0.0849503
0,0,0.0850913
0,0,0.0850975
0,0,0.0851937
0,0,0.0852905
0,0,0.0855568
0,0,0.0855938
0,0,0.0856773
0,0,0.0857858
0,0,0.085792
0,0,0.0859914
0,0,0.0859927
0,0,0.0864158
0,0,0.0864362
0,0,0.0865787
0,0,0.0867721
0,0,0.0867792
0,0,0.086839
0,0,0.0870429
0,0,0.0870442
0,0,0.087053
0,0,0.0872585
0,0,0.0873007
0,0,0.0873299
0,0,0.0875264
0,0,0.0876133
0,0,0.0877333
0,0,0.0879446
0,0,0.0879823
0,0,0.0880022
0,0,0.0882468
0,0,0.0882811
0,0,0.0883958
0,0,0.0885366
0,0,0.0885389
0,0,0.0885394
0,0,0.0885765
0,0,0.0886512
0,0,0.0887734
0,0,0.0887973
0,0,0.0888527
0,0,0.0888703
0,0,0.0888814
0,0,0.0889285
0,0,0.0892251
0,0,0.0893498
0,0,0.0894321
0,0,0.089484
0,0,0.0896942
0,0,0.0897318
0,0,0.0897917
0,0,0.0898385
0,0,0.0900413
0,0,0.0902715
0,0,0.0903133
0,0,0.0903486
0,0,0.0903744
0,0,0.0905607
0,0,0.0906174
0,0,0.0906195
0,0,0.0907934
0,0,0.0909175
0,0,0.0909268
0,0,0.0909931
0,0,0.0912668
0,0,0.0914656
0,0,0.0915686
0,0,0.091595
0,0,0.0917625
0,0,0.091971
0,0,0.0921352
0,0,0.0921361
0,0,0.0923483
0,0,0.0923827
0,0,0.0925506
0,0,0.0925874
0,0,0.0926938
0,0,0.0926978
0,0,0.0927064
0,0,0.0927514
0,0,0.0927942
0,0,0.092879
0,0,0.0929099
0,0,0.0930736
0,0,0.0931838
0,0,0.0935769
0,0,0.0937999
0,0,0.0938541
0,0,0.0938635
0,0,0.0939103
0,0,0.094222
0,0,0.0943046
0,0,0.0943785
0,0,0.0945619
0,0,0.0945846
0,0,0.0946124
0,0,0.0948728
0,0,0.0950293
0,0,0.0951176
0,0,0.0952244
0,0,0.0953108
0,0,0.0953681
0,0,0.0955066
0,0,0.0955801
0,0,0.095615
0,0,0.0956565
0,0,0.0957925
0,0,0.0958206
0,0,0.095953
0,0,0.0959967
0,0,0.0970211
0,0,0.0972134
0,0,0.0972508
0,0,0.0972719
0,0,0.0973984
0,0,0.097488
0,0,0.0974908
0,0,0.0976324
0,0,0.0977962
0,0,0.0978698
0,0,0.0979101
0,0,0.0982347
0,0,0.0983461
0,0,0.098351
0,0,0.0983779
0,0,0.0984105
0,0,0.098443
0,0,0.0985198
0,0,0.0985802
0,0,0.0987044
0,0,0.0987376
0,0,0.0987633
0,0,0.0989209
0,0,0.0989615
0,0,0.0991781
0,0,0.0992051
0,0,0.0992464
0,0,0.0993462
0,0,0.09939
0,0,0.0993984
0,0,0.0995139
0,0,0.0995993
0,0,0.0996769
0,0,0.0997323
0,0,0.0999116
0,0,0.0999254
0,0,0.0999676
0,0,0.100149
0,0,0.100171
0,0,0.100274
0,0,0.100524
0,0,0.100558
0,0,0.100648
0,0,0.100662
0,0,0.100819
0,0,0.101031
0,0,0.101197
0,0,0.101296
0,0,0.101305
0,0,0.10136
0,0,0.101458
0,0,0.101496
0,0,0.101576
0,0,0.101707
0,0,0.10188
0,0,0.102033
0,0,0.10243
0,0,0.102497
0,0,0.102528
0,0,0.102809
0,0,0.102823
0,0,0.103161
0,0,0.103235
0,0,0.103256
0,0,0.103297
0,0,0.10333
0,0,0.103388
0,0,0.10344
0,0,0.103475
0,0,0.103687
0,0,0.104152
0,0,0.104354
0,0,0.104695
0,0,0.104727
0,0,0.105285
0,0,0.105359
0,0,0.105382
0,0,0.105409
0,0,0.105495
0,0,0.10578
0,0,0.105883
0,0,0.10597
0,0,0.106075
0,0,0.106293
0,0,0.106425
0,0,0.106529
0,0,0.106629
0,0,0.106725
0,0,0.107012
0,0,0.107377
0,0,0.107547
0,0,0.107627
0,0,0.10795
0,0,0.107969
0,0,0.108114
0,0,0.10815
0,0,0.10819
0,0,0.10836
0,0,0.108364
0,0,0.108441
0,0,0.108592
0,0,0.108926
0,0,0.108954
0,0,0.109162
0,0,0.1092
0,0,0.109229
0,0,0.109244
0,0,0.109359
0,0,0.10943
0,0,0.109513
0,0,0.109695
0,0,0.110291
0,0,0.110317
0,0,0.110384
0,0,0.110427
0,0,0.110487
0,0,0.110528
0,0,0.110541
0,0,0.110795
0,0,0.111038
0,0,0.111163
0,0,0.111204
0,0,0.111225
0,0,0.111292
0,0,0.111362
0,0,0.11141
0,0,0.11157
0,0,0.111687
0,0,0.111815
0,0,0.111831
0,0,0.111994
0,0,0.112349
0,0,0.112685
0,0,0.112757
0,0,0.112942
0,0,0.113195
0,0,0.113222
0,0,0.113314
0,0,0.113505
0,0,0.113581
0,0,0.113821
0,0,0.113949
0,0,0.113992
0,0,0.114113
0,0,0.114129
0,0,0.114279
0,0,0.114589
0,0,0.11463
0,0,0.114687
0,0,0.114847
0,0,0.114899
0,0,0.114914
0,0,0.115336
0,0,0.115394
0,0,0.115427
0,0,0.115645
0,0,0.116225
0,0,0.116252
0,0,0.116365
0,0,0.116431
0,0,0.11657
0,0,0.11661
0,0,0.116689
0,0,0.116858
0,0,0.116989
0,0,0.117056
0,0,0.117164
0,0,0.117257
0,0,0.117271
0,0,0.11734
0,0,0.117565
0,0,0.117612
0,0,0.117622
0,0,0.117629
0,0,0.11768
0,0,0.117872
0,0,0.118
0,0,0.118074
0,0,0.118158
0,0,0.118272
0,0,0.118336
0,0,0.118449
0,0,0.118495
0,0,0.118548
0,0,0.118561
0,0,0.11859
0,0,0.118928
0,0,0.119107
0,0,0.119144
0,0,0.119444
0,0,0.119803
0,0,0.119989
0,0,0.119998
0,0,0.120231
0,0,0.120622
0,0,0.120633
0,0,0.120782
0,0,0.120929
0,0,0.121012
0,0,0.121143
0,0,0.121244
0,0,0.121622
0,0,0.121662
0,0,0.12174
0,0,0.121772
0,0,0.122177
0,0,0.122444
0,0,0.122656
0,0,0.122683
0,0,0.123036
0,0,0.12329
0,0,0.123705
0,0,0.123821
0,0,0.124214
0,0,0.124236
0,0,0.124704
0,0,0.125278
0,0,0.12529
0,0,0.125316
0,0,0.125342
0,0,0.125373
0,0,0.125507
0,0,0.125748
0,0,0.125965
0,0,0.125998
0,0,0.126265
0,0,0.126374
0,0,0.126427
0,0,0.126444
0,0,0.126682
0,0,0.126769
0,0,0.126829
0,0,0.126859
0,0,0.127014
0,0,0.127109
0,0,0.127178
0,0,0.127284
0,0,0.127354
0,0,0.127483
0,0,0.127553
0,0,0.127834
0,0,0.128011
0,0,0.128145
0,0,0.128269
0,0,0.128278
0,0,0.128316
0,0,0.128665
0,0,0.128701
0,0,0.128774
0,0,0.128902
0,0,0.129129
0,0,0.129138
0,0,0.129177
0,0,0.129479
0,0,0.129758
0,0,0.129799
0,0,0.130804
0,0,0.130813
0,0,0.131012
0,0,0.131118
0,0,0.131323
0,0,0.131455
0,0,0.132003
0,0,0.132111
0,0,0.132349
0,0,0.132457
0,0,0.132587
0,0,0.132641
0,0,0.132689
0,0,0.132698
0,0,0.132757
0,0,0.132904
0,0,0.133136
0,0,0.133302
0,0,0.133436
0,0,0.133609
0,0,0.133795
0,0,0.133897
0,0,0.133925
0,0,0.134502
0,0,0.134596
0,0,0.135383
0,0,0.135728
0,0,0.135803
0,0,0.135907
0,0,0.135976
0,0,0.136026
0,0,0.136042
0,0,0.136533
0,0,0.136904
0,0,0.137372
0,0,0.137403
0,0,0.137605
0,0,0.137613
0,0,0.137704
0,0,0.137786
0,0,0.138338
0,0,0.138412
0,0,0.138415
0,0,0.138715
0,0,0.138795
0,0,0.138836
0,0,0.138861
0,0,0.138944
0,0,0.139067
0,0,0.139355
0,0,0.139434
0,0,0.139507
0,0,0.139789
0,0,0.139791
0,0,0.139815
0,0,0.139823
0,0,0.14008
0,0,0.140264
0,0,0.140471
0,0,0.140635
0,0,0.140847
0,0,0.141053
0,0,0.141092
0,0,0.141289
0,0,0.141444
0,0,0.14163
0,0,0.141649
0,0,0.14165
0,0,0.141859
0,0,0.142117
0,0,0.142466
0,0,0.142857
0,0,0.142858
0,0,0.142885
0,0,0.142971
0,0,0.143117
0,0,0.143222
0,0,0.143302
0,0,0.14346
0,0,0.143556
0,0,0.143778
0,0,0.143809
0,0,0.143897
0,0,0.144123
0,0,0.14421
0,0,0.144342
0,0,0.144405
0,0,0.144512
0,0,0.144643
0,0,0.144645
0,0,0.144733
0,0,0.144908
0,0,0.144946
0,0,0.145186
0,0,0.145781
0,0,0.145901
0,0,0.145922
0,0,0.146084
0,0,0.146115
0,0,0.146245
0,0,0.146324
0,0,0.146535
0,0,0.146819
0,0,0.146847
0,0,0.147022
0,0,0.147051
0,0,0.147115
0,0,0.147168
0,0,0.147429
0,0,0.147776
0,0,0.148371
0,0,0.148578
0,0,0.148685
0,0,0.149018
0,0,0.149054
0,0,0.149477
0,0,0.149863
0,0,0.149894
0,0,0.149925
0,0,0.151023
0,0,0.15119
0,0,0.151262
0,0,0.151356
0,0,0.151458
0,0,0.151562
0,0,0.151646
0,0,0.151764
0,0,0.152433
0,0,0.152773
0,0,0.152836
0,0,0.153817
0,0,0.153824
0,0,0.153896
0,0,0.154276
0,0,0.154492
0,0,0.155039
0,0,0.155111
0,0,0.15519
0,0,0.15543
0,0,0.155763
0,0,0.155816
0,0,0.156372
0,0,0.15645
0,0,0.156567
0,0,0.15687
0,0,0.156997
0,0,0.157018
0,0,0.157145
0,0,0.157577
0,0,0.157955
0,0,0.158175
0,0,0.158481
0,0,0.158665
0,0,0.158965
0,0,0.159239
0,0,0.159319
0,0,0.159395
0,0,0.159446
0,0,0.159809
0,0,0.160061
0,0,0.160355
0,0,0.160373
0,0,0.160383
0,0,0.160602
0,0,0.161024
0,0,0.161165
0,0,0.16128
0,0,0.161391
0,0,0.161856
0,0,0.162102
0,0,0.162356
0,0,0.163001
0,0,0.16304
0,0,0.163094
0,0,0.163769
0,0,0.163838
0,0,0.163878
0,0,0.164042
0,0,0.164045
0,0,0.16428
0,0,0.164334
0,0,0.164432
0,0,0.164496
0,0,0.164561
0,0,0.164658
0,0,0.164674
0,0,0.165162
0,0,0.165219
0,0,0.165251
0,0,0.165321
0,0,0.165617
0,0,0.165937
0,0,0.166215
0,0,0.167146
0,0,0.167152
0,0,0.167306
0,0,0.167688
0,0,0.167813
0,0,0.167944
0,0,0.168184
0,0,0.168186
0,0,0.16843
0,0,0.168486
0,0,0.168608
0,0,0.168645
0,0,0.168892
0,0,0.16893
0,0,0.169148
0,0,0.169402
0,0,0.169458
0,0,0.169773
0,0,0.170145
0,0,0.170324
0,0,0.170545
0,0,0.170583
0,0,0.171136
0,0,0.171381
0,0,0.171561
0,0,0.17173
0,0,0.172382
0,0,0.17257
0,0,0.172702
0,0,0.172963
0,0,0.173004
0,0,0.173149
0,0,0.173411
0,0,0.173923
0,0,0.174054
0,0,0.174382
0,0,0.17466
0,0,0.174717
0,0,0.174723
0,0,0.174992
0,0,0.175263
0,0,0.175531
0,0,0.175672
0,0,0.175728
0,0,0.175934
0,0,0.175965
0,0,0.175992
0,0,0.17617
0,0,0.1763
0,0,0.176317
0,0,0.176372
0,0,0.17647
0,0,0.178451
0,0,0.178606
0,0,0.178624
0,0,0.179005
0,0,0.179149
0,0,0.179167
0,0,0.179176
0,0,0.179517
0,0,0.179784
0,0,0.179892
0,0,0.180202
0,0,0.18021
0,0,0.180343
0,0,0.180684
0,0,0.180783
0,0,0.180958
0,0,0.181113
0,0,0.181219
0,0,0.181533
0,0,0.182591
0,0,0.182707
0,0,0.183431
0,0,0.183582
0,0,0.183894
0,0,0.184177
0,0,0.185217
0,0,0.185793
0,0,0.186046
0,0,0.186858
0,0,0.186892
0,0,0.187046
0,0,0.18715
0,0,0.187515
0,0,0.187946
0,0,0.188154
0,0,0.188211
0,0,0.1884
0,0,0.188512
0,0,0.189002
0,0,0.189012
0,0,0.189331
0,0,0.189397
0,0,0.189734
0,0,0.189848
0,0,0.190057
0,0,0.190141
0,0,0.190143
0,0,0.19018
0,0,0.190364
0,0,0.19088
0,0,0.191026
0,0,0.191113
0,0,0.191294
0,0,0.192163
0,0,0.192559
0,0,0.193121
0,0,0.193917
0,0,0.194357
0,0,0.194391
0,0,0.194565
0,0,0.194961
0,0,0.19522
0,0,0.195279
0,0,0.195986
0,0,0.196153
0,0,0.1962
0,0,0.19647
0,0,0.196706
0,0,0.196707
0,0,0.19711
0,0,0.197371
0,0,0.197536
0,0,0.197612
0,0,0.197722
0,0,0.197847
0,0,0.198084
0,0,0.198384
0,0,0.198577
0,0,0.198608
0,0,0.198813
0,0,0.198825
0,0,0.199126
0,0,0.199194
0,0,0.200372
0,0,0.200871
0,0,0.201057
0,0,0.201917
0,0,0.202085
0,0,0.202104
0,0,0.202325
0,0,0.202569
0,0,0.202924
0,0,0.202999
0,0,0.204003
0,0,0.20463
0,0,0.205185
0,0,0.205638
0,0,0.205767
0,0,0.205925
0,0,0.206032
0,0,0.206647
0,0,0.206812
0,0,0.207167
0,0,0.20734
0,0,0.207347
0,0,0.207436
0,0,0.207485
0,0,0.207488
0,0,0.20775
0,0,0.207943
0,0,0.209523
0,0,0.209902
0,0,0.210611
0,0,0.210735
0,0,0.210797
0,0,0.210885
0,0,0.210982
0,0,0.211143
0,0,0.211789
0,0,0.212204
0,0,0.213028
0,0,0.213214
0,0,0.213233
0,0,0.213478
0,0,0.213524
0,0,0.213741
0,0,0.214053
0,0,0.214062
0,0,0.214583
0,0,0.214709
0,0,0.21487
0,0,0.215148
0,0,0.215342
0,0,0.215347
0,0,0.215402
0,0,0.215862
0,0,0.216029
0,0,0.216541
0,0,0.216803
0,0,0.216965
0,0,0.218683
0,0,0.218712
0,0,0.218783
0,0,0.218873
0,0,0.219936
0,0,0.22006
0,0,0.22052
0,0,0.22081
0,0,0.221369
0,0,0.221475
0,0,0.221776
0,0,0.222571
0,0,0.222817
0,0,0.222828
0,0,0.223093
0,0,0.223398
0,0,0.223472
0,0,0.223623
0,0,0.223631
0,0,0.224441
0,0,0.22534
0,0,0.225756
0,0,0.225813
0,0,0.226169
0,0,0.226558
0,0,0.226584
0,0,0.226757
0,0,0.227724
0,0,0.228037
0,0,0.228178
0,0,0.228838
0,0,0.229193
0,0,0.229707
0,0,0.230024
0,0,0.230542
0,0,0.230753
0,0,0.231768
0,0,0.232376
0,0,0.232433
0,0,0.232597
0,0,0.235528
0,0,0.235874
0,0,0.236338
0,0,0.236409
0,0,0.236544
0,0,0.236578
0,0,0.237035
0,0,0.237075
0,0,0.237271
0,0,0.237629
0,0,0.237682
0,0,0.238493
0,0,0.238506
0,0,0.238604
0,0,0.238918
0,0,0.239628
0,0,0.239877
0,0,0.239999
0,0,0.240286
0,0,0.240376
0,0,0.240605
0,0,0.24148
0,0,0.241772
0,0,0.241853
0,0,0.242535
0,0,0.242547
0,0,0.242675
0,0,0.242736
0,0,0.242751
0,0,0.242779
0,0,0.242898
0,0,0.242988
0,0,0.243112
0,0,0.243297
0,0,0.243341
0,0,0.243417
0,0,0.243705
0,0,0.243964
0,0,0.244017
0,0,0.244194
0,0,0.244484
0,0,0.245406
0,0,0.246137
0,0,0.246399
0,0,0.246457
0,0,0.247524
0,0,0.248346
0,0,0.248668
0,0,0.249285
0,0,0.249722
0,0,0.250881
0,0,0.251059
0,0,0.25112
0,0,0.251408
0,0,0.253538
0,0,0.253605
0,0,0.253803
0,0,0.254056
0,0,0.254191
0,0,0.255724
0,0,0.255907
0,0,0.256188
0,0,0.256518
0,0,0.256532
0,0,0.257156
0,0,0.257162
0,0,0.257561
0,0,0.25793
0,0,0.258021
0,0,0.258431
0,0,0.258974
0,0,0.259034
0,0,0.259737
0,0,0.259902
0,0,0.260878
0,0,0.261327
0,0,0.261425
0,0,0.262265
0,0,0.262415
0,0,0.262844
0,0,0.262861
0,0,0.262966
0,0,0.263069
0,0,0.263518
0,0,0.263726
0,0,0.264239
0,0,0.265333
0,0,0.265728
0,0,0.267653
0,0,0.267845
0,0,0.268645
0,0,0.269573
0,0,0.270082
0,0,0.270665
0,0,0.271346
0,0,0.271821
0,0,0.272354
0,0,0.273989
0,0,0.274065
0,0,0.274267
0,0,0.274286
0,0,0.274494
0,0,0.274508
0,0,0.275079
0,0,0.275745
0,0,0.275947
0,0,0.27623
0,0,0.276647
0,0,0.276715
0,0,0.276925
0,0,0.27702
0,0,0.277525
0,0,0.278284
0,0,0.27854
0,0,0.279756
0,0,0.279879
0,0,0.280213
0,0,0.281598
0,0,0.282333
0,0,0.282746
0,0,0.284583
0,0,0.284784
0,0,0.285085
0,0,0.286577
0,0,0.286733
0,0,0.287233
0,0,0.288137
0,0,0.288341
0,0,0.28877
0,0,0.288831
0,0,0.288891
0,0,0.289863
0,0,0.29014
0,0,0.290969
0,0,0.291263
0,0,0.291766
0,0,0.293314
0,0,0.29393
0,0,0.29463
0,0,0.296228
0,0,0.297106
0,0,0.297644
0,0,0.297782
0,0,0.298484
0,0,0.299422
0,0,0.299546
0,0,0.299909
0,0,0.300817
0,0,0.301081
0,0,0.301612
0,0,0.302288
0,0,0.302394
0,0,0.302571
0,0,0.305502
0,0,0.306514
0,0,0.30854
0,0,0.308791
0,0,0.308867
0,0,0.309796
0,0,0.311081
0,0,0.312606
0,0,0.312692
0,0,0.313033
0,0,0.313308
0,0,0.313835
0,0,0.314204
0,0,0.314289
0,0,0.314759
0,0,0.316525
0,0,0.318308
0,0,0.318944
0,0,0.319478
0,0,0.319479
0,0,0.320138
0,0,0.320447
0,0,0.320657
0,0,0.320714
0,0,0.320766
0,0,0.323207
0,0,0.323225
0,0,0.324091
0,0,0.32658
0,0,0.328547
0,0,0.328814
0,0,0.332341
0,0,0.332382
0,0,0.332593
0,0,0.332737
0,0,0.333437
0,0,0.333793
0,0,0.334558
0,0,0.334936
0,0,0.335245
0,0,0.337014
0,0,0.337602
0,0,0.337625
0,0,0.337687
0,0,0.337738
0,0,0.339681
0,0,0.341915
0,0,0.34241
0,0,0.343275
0,0,0.344122
0,0,0.344419
0,0,0.34686
0,0,0.347094
0,0,0.347141
0,0,0.349677
0,0,0.353279
0,0,0.353786
0,0,0.354894
0,0,0.355903
0,0,0.356483
0,0,0.358017
0,0,0.363228
0,0,0.363994
0,0,0.365055
0,0,0.366073
0,0,0.366535
0,0,0.367338
0,0,0.369363
0,0,0.369592
0,0,0.369708
0,0,0.370331
0,0,0.371041
0,0,0.371296
0,0,0.37957
0,0,0.379804
0,0,0.380281
0,0,0.382223
0,0,0.382412
0,0,0.382925
0,0,0.383152
0,0,0.383241
0,0,0.385418
0,0,0.388152
0,0,0.389179
0,0,0.392998
0,0,0.394186
0,0,0.395748
0,0,0.397226
0,0,0.397761
0,0,0.398277
0,0,0.399854
0,0,0.400389
0,0,0.400685
0,0,0.400759
0,0,0.40076
0,0,0.401053
0,0,0.410525
0,0,0.410943
0,0,0.411905
0,0,0.412255
0,0,0.414429
0,0,0.414683
0,0,0.415496
0,0,0.415789
0,0,0.417602
0,0,0.421216
0,0,0.42235
0,0,0.424377
0,0,0.424779
0,0,0.425682
0,0,0.429853
0,0,0.430403
0,0,0.433905
0,0,0.434276
0,0,0.437806
0,0,0.44426
0,0,0.444458
0,0,0.444763
0,0,0.445353
0,0,0.449087
0,0,0.450751
0,0,0.453989
0,0,0.457931
0,0,0.45835
0,0,0.459663
0,0,0.462062
0,0,0.466657
0,0,0.471297
0,0,0.473316
0,0,0.480998
0,0,0.484289
0,0,0.495007
0,0,0.498633
0,0,0.504544
0,0,0.505818
0,0,0.508511
0,0,0.51065
0,0,0.51168
0,0,0.512728
0,0,0.513372
0,0,0.514308
0,0,0.516618
0,0,0.516918
0,0,0.519863
0,0,0.521119
0,0,0.526612
0,0,0.530423
0,0,0.535698
0,0,0.537805
0,0,0.541936
0,0,0.561996
0,0,0.572681
0,0,0.600784
0,0,0.602221
0,0,0.610423
0,0,0.623852
0,0,0.628605
0,0,0.628763
0,0,0.629164
0,0,0.635736
0,0,0.635747
0,0,0.64066
0,0,0.64915
0,0,0.661453
0,0,0.716802
0,0,0.741567
0,0,0.743133
0,0,0.75748
0,0,0.771259
0,0,0.78385
0,0,0.79047
0,0,0.804587
0,0,0.822806
0,0,0.82556
0,0,0.828839
0,0,0.853297
0,0,3
1,1.21071,1.37313
1,1.16972,1.25005
1,1.10918,1.28387
1,1.06705,1.08502
1,1.02033,1.19355
1,1.01681,1.06347
1,1.00329,1.00903
1,0.968691,0.971048
1,0.918967,0.95249
1,0.874902,1.043
1,0.865217,0.937881
1,0.863094,0.937712
1,0.851635,0.986281
1,0.817088,0.818605
1,0.799735,0.82875
1,0.79916,1.02383
1,0.796515,0.966928
1,0.793688,1.03245
1,0.783896,0.790698
1,0.782544,0.786836
1,0.773948,0.791146
1,0.772815,0.781521
1,0.748773,1.12455
1,0.741032,0.744251
1,0.731618,0.988103
1,0.729682,0.793938
1,0.721181,0.75238
1,0.709575,1.04455
1,0.704301,0.731764
1,0.704126,0.752308
1,0.699662,0.707748
1,0.698376,0.758034
1,0.697171,0.717772
1,0.684098,0.794976
1,0.684053,0.686376
1,0.682577,1.0222
1,0.680981,0.6811
1,0.679919,0.812235
1,0.675999,0.791254
1,0.669738,0.706619
1,0.656508,0.658499
1,0.656222,0.724846
1,0.656204,0.731357
1,0.635879,0.680184
1,0.631599,0.724641
1,0.630692,0.810528
1,0.621734,0.646185
1,0.620399,0.64692
1,0.601285,0.687316
1,0.601198,0.604701
1,0.594036,0.607348
1,0.594024,0.698313
1,0.58703,0.62856
1,0.585133,0.615426
1,0.584059,0.611144
1,0.582472,0.695259
1,0.580722,0.59829
1,0.579618,0.771374
1,0.574115,0.64504
1,0.573671,0.8392
1,0.567176,0.832102
1,0.565337,0.653014
1,0.563974,0.776839
1,0.561993,0.601529
1,0.560627,0.61205
1,0.555048,0.657465
1,0.55445,0.574045
1,0.551806,0.584988
1,0.54844,0.583483
1,0.548221,0.549231
1,0.54702,0.550469
1,0.543474,0.584268
1,0.54061,0.570652
1,0.53813,0.591366
1,0.53125,0.572263
1,0.526396,0.529988
1,0.526056,0.526612
1,0.520407,0.574517
1,0.519042,0.564741
1,0.515059,0.549593
1,0.5141,0.88308
1,0.511921,0.597272
1,0.510794,0.530426
1,0.506378,0.638921
1,0.504783,0.520921
1,0.504355,0.518428
1,0.503225,0.582239
1,0.502478,0.646096
1,0.502145,0.625037
1,0.49543,0.673607
1,0.494452,0.552054
1,0.494032,0.511188
1,0.493152,0.607422
1,0.492386,0.640296
1,0.484978,0.506476
1,0.482947,0.507339
1,0.482036,0.524598
1,0.481161,0.506533
1,0.47918,0.493497
1,0.477695,0.488973
1,0.477522,0.477735
1,0.474681,0.53505
1,0.471091,0.530977
1,0.469281,0.597566
1,0.46846,0.527399
1,0.464997,0.468125
1,0.464657,0.475951
1,0.464223,0.478053
1,0.462983,0.481041
1,0.461166,0.542642
1,0.460986,0.50189
1,0.460731,0.486966
1,0.456889,0.463675
1,0.45499,0.476871
1,0.454925,0.505513
1,0.454495,0.476861
1,0.452089,0.47703
1,0.451216,0.57188
1,0.449555,0.471911
1,0.449376,0.485873
1,0.447286,0.459055
1,0.445137,0.49057
1,0.444784,0.470884
1,0.444092,0.482057
1,0.443559,0.44477
1,0.438608,0.462141
1,0.437953,0.519454
1,0.437859,0.481658
1,0.436569,0.473429
1,0.433975,0.491077
1,0.433189,0.489907
1,0.432972,0.477235
1,0.432752,0.513868
1,0.431777,0.436008
1,0.431326,0.443242
1,0.430035,0.445371
1,0.42954,0.53808
1,0.42888,0.697151
1,0.427377,0.47287
1,0.427076,0.511652
1,0.425962,0.439484
1,0.424624,0.508298
1,0.422706,0.515733
1,0.418534,0.539417
1,0.417519,0.626445
1,0.415585,0.460148
1,0.413516,0.504093
1,0.411515,0.481584
1,0.410865,0.440887
1,0.408603,0.600041
1,0.408445,0.537144
1,0.408338,0.514152
1,0.408212,0.600641
1,0.40803,0.606602
1,0.405831,0.45776
1,0.405324,0.407982
1,0.404511,0.555163
1,0.400356,0.421679
1,0.400192,0.597941
1,0.399872,0.40144
1,0.398955,0.626445
1,0.398047,0.468051
1,0.392491,0.580949
1,0.389707,0.418908
1,0.389528,0.42507
1,0.38853,0.453058
1,0.387978,0.519396
1,0.387936,0.413142
1,0.386847,0.444579
1,0.386297,0.486434
1,0.384388,0.39731
1,0.382809,0.42819
1,0.381532,0.395793
1,0.379532,0.402824
1,0.378337,0.403302
1,0.376978,0.49671
1,0.376373,0.398079
1,0.374463,0.505991
1,0.373836,0.455853
1,0.371736,0.517948
1,0.37097,0.431302
1,0.370165,0.499814
1,0.369621,0.463822
1,0.369453,0.444917
1,0.368854,0.402439
1,0.367971,0.387213
1,0.367465,0.684258
1,0.3672,0.405473
1,0.359279,0.363148
1,0.35772,0.369838
1,0.354383,0.53813
1,0.353552,0.419839
1,0.352887,0.362605
1,0.352708,0.364554
1,0.351932,0.490288
1,0.351491,0.391011
1,0.351066,0.353455
1,0.347599,0.388679
1,0.340071,0.478087
1,0.335632,0.352701
1,0.335551,0.474081
1,0.334904,0.487928
1,0.334749,0.509641
1,0.333017,0.430871
1,0.332868,0.370772
1,0.331313,0.388186
1,0.329525,0.401437
1,0.329184,0.348164
1,0.329054,0.408402
1,0.328144,0.338916
1,0.327779,0.364541
1,0.327132,0.355939
1,0.326557,0.357223
1,0.32426,0.348592
1,0.324168,0.532807
1,0.323679,0.32634
1,0.323415,0.325806
1,0.322875,0.533799
1,0.322309,0.438022
1,0.321975,0.445597
1,0.320951,0.538471
1,0.320515,0.33111
1,0.320481,0.361584
1,0.314782,0.367746
1,0.314282,0.371441
1,0.313799,0.316309
1,0.313479,0.334107
1,0.31268,0.336768
1,0.312677,0.316794
1,0.310765,0.325781
1,0.310476,0.344115
1,0.310176,0.335872
1,0.308379,0.338395
1,0.30832,0.368428
1,0.30801,0.316389
1,0.307085,0.529857
1,0.305966,0.393821
1,0.305561,0.415756
1,0.305124,0.376103
1,0.303956,0.30629
1,0.303556,0.33517
1,0.303159,0.390124
1,0.303038,0.356863
1,0.302336,0.394883
1,0.301579,0.320481
1,0.299629,0.305963
1,0.298955,0.370338
1,0.297901,0.305085
1,0.297696,0.339828
1,0.296742,0.351599
1,0.295895,0.434237
1,0.295588,0.544809
1,0.295314,0.317098
1,0.292789,0.315761
1,0.292416,0.310931
1,0.291952,0.351332
1,0.291055,0.327512
1,0.290809,0.478616
1,0.290503,0.46524
1,0.28936,0.292956
1,0.289331,0.582648
1,0.287982,0.298432
1,0.28787,0.314956
1,0.287726,0.288459
1,0.287463,0.348812
1,0.287167,0.311387
1,0.284447,0.29895
1,0.281379,0.309214
1,0.280531,0.297525
1,0.280224,0.320066
1,0.279439,0.284961
1,0.278776,0.280761
1,0.277669,0.298675
1,0.276635,0.293238
1,0.275578,0.319092
1,0.274416,0.460571
1,0.273862,0.276069
1,0.271979,0.27455
1,0.271858,0.302494
1,0.271765,0.285548
1,0.271513,0.285548
1,0.270839,0.342612
1,0.269929,0.281085
1,0.269704,0.275086
1,0.266687,0.267335
1,0.265382,0.303813
1,0.265237,0.292711
1,0.265184,0.334107
1,0.264205,0.395213
1,0.261139,0.266786
1,0.260363,0.348519
1,0.259773,0.272484
1,0.259121,0.263264
1,0.258686,0.307913
1,0.254361,0.2693
1,0.253633,0.26783
1,0.253035,0.318553
1,0.252488,0.276882
1,0.250577,0.281256
1,0.250454,0.254936
1,0.248797,0.256555
1,0.248545,0.347642
1,0.248219,0.27748
1,0.246789,0.303451
1,0.246278,0.266618
1,0.245794,0.292652
1,0.245409,0.246388
1,0.244064,0.247607
1,0.244053,0.319533
1,0.242784,0.301078
1,0.242058,0.344372
1,0.241736,0.26779
1,0.23979,0.25735
1,0.237762,0.285035
1,0.236421,0.250727
1,0.236246,0.258189
1,0.23563,0.305526
1,0.235457,0.332633
1,0.235,0.26109
1,0.234333,0.247848
1,0.233973,0.236162
1,0.233832,0.342812
1,0.232904,0.240407
1,0.23189,0.273462
1,0.231464,0.282289
1,0.229784,0.246872
1,0.229694,0.25617
1,0.22793,0.232277
1,0.227154,0.227213
1,0.226136,0.265374
1,0.225842,0.286403
1,0.225751,0.311918
1,0.225601,0.298957
1,0.225429,0.242712
1,0.225043,0.242845
1,0.224941,0.310497
1,0.22411,0.227068
1,0.223813,0.236533
1,0.223537,0.252279
1,0.22273,0.248115
1,0.221956,0.282458
1,0.221866,0.320541
1,0.221211,0.237657
1,0.217904,0.242802
1,0.21784,0.239631
1,0.214307,0.266508
1,0.214115,0.22694
1,0.213439,0.21535
1,0.213171,0.244749
1,0.212202,0.230537
1,0.211515,0.23565
1,0.210811,0.253343
1,0.210746,0.230776
1,0.209421,0.217038
1,0.207023,0.333638
1,0.206495,0.213305
1,0.204767,0.226671
1,0.201801,0.211285
1,0.201223,0.20871
1,0.200643,0.207987
1,0.19999,0.200062
1,0.197766,0.205216
1,0.197205,0.21016
1,0.19649,0.205891
1,0.196254,0.220431
1,0.196247,0.21166
1,0.195406,0.199073
1,0.195246,0.244291
1,0.194877,0.202973
1,0.19404,0.21454
1,0.193606,0.20523
1,0.193112,0.215163
1,0.193036,0.222556
1,0.192388,0.197787
1,0.192012,0.200903
1,0.191979,0.212804
1,0.191675,0.250431
1,0.189422,0.203433
1,0.189229,0.204604
1,0.18897,0.195386
1,0.187877,0.222481
1,0.187759,0.21319
1,0.186944,0.19156
1,0.184363,0.197974
1,0.183404,0.195826
1,0.181867,0.190956
1,0.180616,0.207028
1,0.180123,0.188072
1,0.180016,0.194165
1,0.177657,0.187538
1,0.176487,0.22991
1,0.176216,0.180833
1,0.175767,0.21077
1,0.175673,0.212465
1,0.17523,0.29784
1,0.175111,0.210843
1,0.17397,0.193485
1,0.172786,0.213387
1,0.171736,0.23051
1,0.170969,0.171862
1,0.170579,0.192474
1,0.170428,0.190564
1,0.170177,0.182861
1,0.170118,0.184017
1,0.167634,0.193862
1,0.166877,0.193377
1,0.165878,0.172232
1,0.164759,0.225024
1,0.164199,0.210462
1,0.162209,0.179255
1,0.161994,0.170101
1,0.161277,0.189497
1,0.161079,0.180623
1,0.160867,0.182591
1,0.159744,0.216339
1,0.159253,0.241566
1,0.15838,0.158786
1,0.158378,0.170617
1,0.158148,0.183802
1,0.157579,0.173803
1,0.157231,0.178607
1,0.15576,0.170309
1,0.155697,0.211332
1,0.155557,0.207921
1,0.154498,0.157798
1,0.154401,0.171144
1,0.152539,0.153924
1,0.152199,0.215478
1,0.152194,0.176355
1,0.150819,0.15236
1,0.150628,0.152221
1,0.14869,0.162465
1,0.147857,0.178718
1,0.147744,0.152684
1,0.14765,0.157226
1,0.14699,0.150192
1,0.145025,0.203889
1,0.144855,0.1815
1,0.143004,0.148845
1,0.142686,0.185514
1,0.142676,0.176313
1,0.141184,0.149127
1,0.139779,0.18478
1,0.139334,0.162335
1,0.138727,0.174991
1,0.138636,0.206377
1,0.138338,0.167661
1,0.137394,0.139886
1,0.136831,0.188722
1,0.136266,0.136428
1,0.135522,0.14041
1,0.134956,0.148644
1,0.134432,0.156148
1,0.134169,0.191184
1,0.133968,0.138425
1,0.132691,0.151216
1,0.132356,0.144728
1,0.131085,0.133966
1,0.130525,0.148718
1,0.130312,0.154939
1,0.126309,0.183524
1,0.125831,0.127372
1,0.125676,0.136124
1,0.125026,0.16296
1,0.124961,0.158082
1,0.124917,0.140926
1,0.123993,0.15365
1,0.123458,0.134274
1,0.12281,0.130032
1,0.122014,0.137473
1,0.121926,0.130561
1,0.121438,0.150961
1,0.120765,0.130708
1,0.120628,0.124874
1,0.11985,0.12807
1,0.119743,0.13209
1,0.117665,0.149409
1,0.117298,0.149566
1,0.116758,0.119142
1,0.1158,0.12324
1,0.115215,0.126664
1,0.115131,0.124137
1,0.114861,0.138381
1,0.112702,0.117762
1,0.112339,0.12141
1,0.111222,0.119184
1,0.110609,0.112475
1,0.110143,0.114738
1,0.108391,0.155442
1,0.107473,0.107512
1,0.106847,0.108078
1,0.106477,0.141904
1,0.106428,0.107163
1,0.106214,0.125136
1,0.105573,0.112457
1,0.104913,0.105965
1,0.104756,0.110953
1,0.104698,0.112559
1,0.104635,0.106692
1,0.104516,0.112739
1,0.104476,0.111797
1,0.104069,0.13187
1,0.103295,0.111879
1,0.103276,0.108369
1,0.102977,0.115328
1,0.102493,0.104495
1,0.101983,0.103316
1,0.101725,0.105953
1,0.101411,0.116437
1,0.101013,0.109985
1,0.100794,0.105661
1,0.099629,0.101888
1,0.0990968,0.107062
1,0.0990367,0.105341
1,0.0989723,0.113349
1,0.0987295,0.0995175
1,0.097601,0.115856
1,0.0973661,0.132161
1,0.0972159,0.112772
1,0.0938178,0.100323
1,0.0937779,0.109145
1,0.0929236,0.111821
1,0.0922415,0.101486
1,0.0919898,0.0958397
1,0.0911184,0.103759
1,0.0904916,0.0958397
1,0.0904304,0.100858
1,0.0895657,0.102755
1,0.089487,0.0902524
1,0.0892457,0.103362
1,0.0886356,0.115856
1,0.0861461,0.0961838
1,0.0847653,0.109094
1,0.0846879,0.0943545
1,0.0844247,0.110966
1,0.0821726,0.11344
1,0.0813814,0.0934462
1,0.0812825,0.10536
1,0.0807277,0.0963048
1,0.0806489,0.0893
1,0.0803325,0.0964727
1,0.0801911,0.0890091
1,0.0800106,0.0926893
1,0.0792774,0.0879263
1,0.0785444,0.094931
1,0.0785118,0.108248
1,0.0780002,0.0821751
1,0.077982,0.0793387
1,0.0777213,0.0988753
1,0.0775617,0.0868355
1,0.0772064,0.0786976
1,0.0770525,0.08884
1,0.0768266,0.0934395
1,0.0764376,0.0782947
1,0.0753738,0.0786378
1,0.0749803,0.0839199
1,0.0746454,0.0917844
1,0.0745023,0.0889085
1,0.0743823,0.126985
1,0.0742663,0.0895733
1,0.073424,0.0914242
1,0.0721199,0.10673
1,0.0720764,0.0749001
1,0.0719296,0.0728647
1,0.0716845,0.0739371
1,0.071419,0.0907403
1,0.0712658,0.0791438
1,0.0712155,0.101995
1,0.0707034,0.0797075
1,0.0689285,0.0710836
1,0.0686926,0.0795105
1,0.068592,0.0751196
1,0.0685291,0.100965
1,0.0684693,0.0775444
1,0.0682485,0.0808884
1,0.0680971,0.0832222
1,0.0679968,0.0743183
1,0.0672077,0.0755179
1,0.0671502,0.0678275
1,0.0670798,0.0782596
1,0.0669259,0.0798051
1,0.0669103,0.0770385
1,0.066833,0.0773755
1,0.0662398,0.0680176
1,0.0653596,0.0796465
1,0.065106,0.0709481
1,0.0648779,0.0666116
1,0.0648658,0.0721717
1,0.0642414,0.0690536
1,0.0640488,0.065021
1,0.0627513,0.0850021
1,0.0623475,0.0717041
1,0.0623286,0.0750192
1,0.0623148,0.0637861
1,0.0619785,0.0660496
1,0.0600102,0.0631661
1,0.059988,0.072605
1,0.0599408,0.0602471
1,0.0599399,0.0696013
1,0.059717,0.0715998
1,0.0596624,0.0785737
1,0.05958,0.0946901
1,0.059486,0.0712285
1,0.0587618,0.0728019
1,0.0581128,0.0636884
1,0.057989,0.0626294
1,0.057885,0.0586919
1,0.0577687,0.061971
1,0.0573975,0.0606066
1,0.0573566,0.0636152
1,0.0570774,0.0724108
1,0.0569884,0.081977
1,0.0545705,0.0546718
1,0.0541721,0.064389
1,0.0536221,0.0621688
1,0.0534458,0.0556649
1,0.0532413,0.0550261
1,0.0526247,0.0676997
1,0.0510242,0.0559441
1,0.0506241,0.0508301
1,0.0488738,0.0541223
1,0.0488221,0.0611305
1,0.0479476,0.063855
1,0.0471605,0.0521715
1,0.0455795,0.0501759
1,0.0444953,0.0554255
1,0.0442293,0.0462362
1,0.0388336,0.0389086
1,0.0373727,0.0383003
1,0.036732,0.0421306
1,0.0365186,0.0396198
1,0.0358038,0.0367452
1,0.0312056,0.031814
1,0.02956,0.0305033
2,1.42055,1.43637
2,1.26626,1.26775
2,1.2653,1.27251
2,1.16431,1.37502
2,1.05792,1.06147
2,0.868167,0.886615
2,0.849466,0.859011
2,0.842176,0.863094
2,0.8392,0.852278
2,0.817346,0.849
2,0.81416,0.979925
2,0.802478,0.80983
2,0.801241,0.814881
2,0.793864,0.823209
2,0.763158,0.816669
2,0.756433,0.814453
2,0.718385,0.766563
2,0.718362,0.761898
2,0.706729,0.79244
2,0.704262,0.715579
2,0.690076,0.699821
2,0.689045,0.844292
2,0.688757,0.704567
2,0.66661,0.671306
2,0.655812,0.659117
2,0.624088,0.651671
2,0.614458,0.63527
2,0.603169,0.606961
2,0.5936,0.606961
2,0.57149,0.581607
2,0.571282,0.601222
2,0.569479,0.603541
2,0.565834,0.573314
2,0.558622,0.574809
2,0.558429,0.607116
2,0.54916,0.549731
2,0.539493,0.564551
2,0.521951,0.540942
2,0.507763,0.577952
2,0.507267,0.50957
2,0.500088,0.500768
2,0.489863,0.530084
2,0.479768,0.489325
2,0.470693,0.485431
2,0.468309,0.471422
2,0.447773,0.466288
2,0.443029,0.455852
2,0.401429,0.426036
2,0.375207,0.38242
2,0.373437,0.396115
2,0.373017,0.37522
2,0.370211,0.37181
2,0.334143,0.338842
2,0.33057,0.337227
2,0.318562,0.329755
2,0.313341,0.323445
2,0.308086,0.324999
2,0.303465,0.323042
2,0.301784,0.304858
2,0.300742,0.306796
2,0.295664,0.296586
2,0.291267,0.298203
2,0.281012,0.287021
2,0.255971,0.258806
2,0.244215,0.247989
2,0.241244,0.241286
2,0.225899,0.230997
2,0.224568,0.227493
2,0.221529,0.223825
2,0.207946,0.208866
2,0.201828,0.20259
2,0.197405,0.20382
2,0.196758,0.203819
2,0.189282,0.194629
2,0.187525,0.196096
2,0.186622,0.190109
2,0.184767,0.194594
2,0.180025,0.181669
2,0.131901,0.138596
2,0.127571,0.132945
2,0.124093,0.131801
2,0.123686,0.125502
2,0.120564,0.121445
2,0.110176,0.115091
2,0.103991,0.106146
2,0.10104,0.102284
2,0.0950129,0.0963743
2,0.0871843,0.0948638
2,0.0844799,0.0846241
2,0.0836285,0.0846336
2,0.0827752,0.0861162
2,0.0728839,0.077456
