point cloud with 2079 points in dimension 3
0,0,0.00376395
0,0,0.00408265
0,0,0.00504508
0,0,0.00516651
0,0,0.00539961
0,0,0.00606257
0,0,0.00611618
0,0,0.00619036
0,0,0.00682324
0,0,0.00766576
0,0,0.0076735
0,0,0.00934612
0,0,0.00947288
0,0,0.00951105
0,0,0.0097073
0,0,0.0103862
0,0,0.0107045
0,0,0.0107948
0,0,0.0107953
0,0,0.0111358
0,0,0.0114229
0,0,0.0116131
0,0,0.0118932
0,0,0.0118967
0,0,0.0119838
0,0,0.0124872
0,0,0.0128488
0,0,0.0138105
0,0,0.0144673
0,0,0.0144944
0,0,0.0145845
0,0,0.01459
0,0,0.0147364
0,0,0.0149015
0,0,0.0154882
0,0,0.0155319
0,0,0.0160782
0,0,0.0161223
0,0,0.0161509
0,0,0.0162731
0,0,0.0163908
0,0,0.0164852
0,0,0.0165408
0,0,0.016588
0,0,0.0166597
0,0,0.0169543
0,0,0.0169739
0,0,0.0170292
0,0,0.0170684
0,0,0.0171312
0,0,0.0171441
0,0,0.0172137
0,0,0.0174448
0,0,0.0177291
0,0,0.0178364
0,0,0.017856
0,0,0.0179572
0,0,0.0179628
0,0,0.0179775
0,0,0.0183922
0,0,0.0184997
0,0,0.0186903
0,0,0.0188722
0,0,0.0189333
0,0,0.019181
0,0,0.0193017
0,0,0.0193283
0,0,0.0194505
0,0,0.0194563
0,0,0.0195119
0,0,0.0196348
0,0,0.0196614
0,0,0.01971
0,0,0.0197424
0,0,0.0197574
0,0,0.0197811
0,0,0.0198361
0,0,0.0199446
0,0,0.0200341
0,0,0.0201575
0,0,0.020228
0,0,0.0202566
0,0,0.0202956
0,0,0.0204254
0,0,0.0204315
0,0,0.0204923
0,0,0.0206153
0,0,0.0209172
0,0,0.0210245
0,0,0.0211628
0,0,0.0212028
0,0,0.0213571
0,0,0.0213873
0,0,0.0214454
0,0,0.0215352
0,0,0.0215392
0,0,0.021677
0,0,0.0217188
0,0,0.0217223
0,0,0.0219509
0,0,0.0220425
0,0,0.0221579
0,0,0.0221837
0,0,0.0222059
0,0,0.0222084
0,0,0.022355
0,0,0.0224532
0,0,0.0224873
0,0,0.0224977
0,0,0.0225703
0,0,0.0225729
0,0,0.0225956
0,0,0.0227055
0,0,0.0228066
0,0,0.0228158
0,0,0.0229462
0,0,0.0230919
0,0,0.0231259
0,0,0.0231274
0,0,0.0232109
0,0,0.0232489
0,0,0.0233134
0,0,0.0233187
0,0,0.0236402
0,0,0.0237287
0,0,0.0237312
0,0,0.0239838
0,0,0.0240637
0,0,0.0241334
0,0,0.0241513
0,0,0.0242385
0,0,0.0242794
0,0,0.0243741
0,0,0.0244625
0,0,0.0245406
0,0,0.0247148
0,0,0.0247629
0,0,0.0248734
0,0,0.0250303
0,0,0.0252249
0,0,0.0252286
0,0,0.0252518
0,0,0.0253002
0,0,0.025345
0,0,0.0253649
0,0,0.0254423
0,0,0.025572
0,0,0.0255824
0,0,0.0257036
0,0,0.0259347
0,0,0.0259456
0,0,0.0260108
0,0,0.0260492
0,0,0.0260599
0,0,0.0261208
0,0,0.026203
0,0,0.0262217
0,0,0.0263558
0,0,0.0263924
0,0,0.026442
0,0,0.026576
0,0,0.0266566
0,0,0.0266745
0,0,0.0267037
0,0,0.0267685
0,0,0.0268739
0,0,0.0269466
0,0,0.0271342
0,0,0.0272329
0,0,0.0272831
0,0,0.0274446
0,0,0.027624
0,0,0.0276591
0,0,0.0276653
0,0,0.0277761
0,0,0.0278991
0,0,0.0279927
0,0,0.0280895
0,0,0.0282545
0,0,0.0285171
0,0,0.0285576
0,0,0.0286461
0,0,0.0286484
0,0,0.0287469
0,0,0.0287809
0,0,0.0288286
0,0,0.0288991
0,0,0.0290143
0,0,0.0290594
0,0,0.0291626
0,0,0.0291876
0,0,0.0292374
0,0,0.029358
0,0,0.0294628
0,0,0.0295664
0,0,0.0296497
0,0,0.0297073
0,0,0.0297907
0,0,0.0297917
0,0,0.0298885
0,0,0.0299605
0,0,0.0299698
0,0,0.0299699
0,0,0.0301457
0,0,0.0301746
0,0,0.030248
0,0,0.0303266
0,0,0.0304515
0,0,0.0306096
0,0,0.0306926
0,0,0.03071
0,0,0.0308311
0,0,0.030835
0,0,0.0308443
0,0,0.0308952
0,0,0.0309905
0,0,0.0310444
0,0,0.031069
0,0,0.0311305
0,0,0.0311416
0,0,0.0313536
0,0,0.0315402
0,0,0.0315548
0,0,0.0315696
0,0,0.0316513
0,0,0.0316816
0,0,0.0317368
0,0,0.0317523
0,0,0.0317827
0,0,0.0317933
0,0,0.031807
0,0,0.0319101
0,0,0.0319181
0,0,0.032001
0,0,0.03201
0,0,0.0322524
0,0,0.0322927
0,0,0.0323031
0,0,0.0323205
0,0,0.0323423
0,0,0.0323735
0,0,0.0323991
0,0,0.032472
0,0,0.0327042
0,0,0.0327069
0,0,0.0327206
0,0,0.0327801
0,0,0.0328749
0,0,0.0328906
0,0,0.0328975
0,0,0.0330254
0,0,0.033048
0,0,0.0331079
0,0,0.0331157
0,0,0.0332236
0,0,0.0332564
0,0,0.0332918
0,0,0.0333982
0,0,0.0336224
0,0,0.0336377
0,0,0.0338494
0,0,0.033901
0,0,0.0339112
0,0,0.034025
0,0,0.0340261
0,0,0.034094
0,0,0.0341836
0,0,0.0342021
0,0,0.034215
0,0,0.0342424
0,0,0.0343526
0,0,0.0343745
0,0,0.0343933
0,0,0.0344269
0,0,0.0344532
0,0,0.0344617
0,0,0.0345768
0,0,0.0349129
0,0,0.0349157
0,0,0.0350524
0,0,0.0352276
0,0,0.0352378
0,0,0.0352711
0,0,0.0352983
0,0,0.0353556
0,0,0.0353869
0,0,0.0353996
0,0,0.0355068
0,0,0.0355816
0,0,0.0357525
0,0,0.0357956
0,0,0.0358292
0,0,0.0358522
0,0,0.0359931
0,0,0.0360155
0,0,0.0360283
0,0,0.0360403
0,0,0.0360619
0,0,0.0361476
0,0,0.036288
0,0,0.036352
0,0,0.036428
0,0,0.0365639
0,0,0.0365911
0,0,0.0366107
0,0,0.036675
0,0,0.0367265
0,0,0.0367698
0,0,0.0368229
0,0,0.036847
0,0,0.0368766
0,0,0.0368982
0,0,0.0369712
0,0,0.0369906
0,0,0.0370743
0,0,0.0370934
0,0,0.0371199
0,0,0.0371303
0,0,0.0372639
0,0,0.0373681
0,0,0.0373865
0,0,0.0376333
0,0,0.0376553
0,0,0.0376637
0,0,0.0377094
0,0,0.0377953
0,0,0.0378591
0,0,0.0379666
0,0,0.0379971
0,0,0.0380436
0,0,0.0380864
0,0,0.0381525
0,0,0.0381533
0,0,0.0383277
0,0,0.0384028
0,0,0.0385226
0,0,0.0385551
0,0,0.0386988
0,0,0.0387563
0,0,0.0387575
0,0,0.0387965
0,0,0.0388093
0,0,0.0388121
0,0,0.0389087
0,0,0.0389957
0,0,0.0390569
0,0,0.0390882
0,0,0.039104
0,0,0.0391155
0,0,0.0391304
0,0,0.0391747
0,0,0.0393115
0,0,0.0393533
0,0,0.0394993
0,0,0.0396061
0,0,0.0396066
0,0,0.0396421
0,0,0.0398897
0,0,0.0400294
0,0,0.0401129
0,0,0.0401678
0,0,0.0402204
0,0,0.0403111
0,0,0.0403617
0,0,0.0404359
0,0,0.0404624
0,0,0.0405703
0,0,0.0405714
0,0,0.0406799
0,0,0.0407122
0,0,0.040939
0,0,0.0412357
0,0,0.0414668
0,0,0.0414674
0,0,0.0414785
0,0,0.0414915
0,0,0.0414983
0,0,0.0415119
0,0,0.0415209
0,0,0.0415674
0,0,0.0415724
0,0,0.0416669
0,0,0.041732
0,0,0.0417554
0,0,0.0418341
0,0,0.0418521
0,0,0.0419131
0,0,0.0419263
0,0,0.0419737
0,0,0.0419825
0,0,0.0420259
0,0,0.0420343
0,0,0.0420418
0,0,0.0420559
0,0,0.0420765
0,0,0.0420897
0,0,0.0421814
0,0,0.0422904
0,0,0.0423462
0,0,0.0425972
0,0,0.0426032
0,0,0.0426767
0,0,0.0428377
0,0,0.0428881
0,0,0.0429083
0,0,0.0429678
0,0,0.0429739
0,0,0.0430875
0,0,0.0430983
0,0,0.043185
0,0,0.0433212
0,0,0.0433832
0,0,0.0433973
0,0,0.0434088
0,0,0.0434111
0,0,0.0434314
0,0,0.0434433
0,0,0.0434772
0,0,0.0436728
0,0,0.0436761
0,0,0.0436803
0,0,0.0437168
0,0,0.0437174
0,0,0.0437941
0,0,0.0438052
0,0,0.0438546
0,0,0.043874
0,0,0.0438768
0,0,0.043911
0,0,0.0441376
0,0,0.0441525
0,0,0.0441558
0,0,0.0441752
0,0,0.0441758
0,0,0.0442036
0,0,0.044213
0,0,0.0442273
0,0,0.0442416
0,0,0.0442792
0,0,0.044338
0,0,0.0443422
0,0,0.04439
0,0,0.0443936
0,0,0.0445586
0,0,0.0445586
0,0,0.0446181
0,0,0.0446249
0,0,0.0447616
0,0,0.0448037
0,0,0.0448482
0,0,0.0451313
0,0,0.0451731
0,0,0.045196
0,0,0.0453165
0,0,0.0453421
0,0,0.0453617
0,0,0.0453933
0,0,0.0454645
0,0,0.0454729
0,0,0.0455311
0,0,0.0455619
0,0,0.0455625
0,0,0.0455953
0,0,0.045602
0,0,0.0456606
0,0,0.0456912
0,0,0.045707
0,0,0.0457554
0,0,0.0457779
0,0,0.0459624
0,0,0.0460632
0,0,0.0461483
0,0,0.0463557
0,0,0.0463916
0,0,0.0464172
0,0,0.0464351
0,0,0.0464389
0,0,0.046558
0,0,0.0467109
0,0,0.0467463
0,0,0.0467687
0,0,0.0467706
0,0,0.0468839
0,0,0.047004
0,0,0.047027
0,0,0.0470505
0,0,0.0470848
0,0,0.0471676
0,0,0.0472713
0,0,0.0474246
0,0,0.047456
0,0,0.0474657
0,0,0.0476921
0,0,0.0478292
0,0,0.0480627
0,0,0.0481062
0,0,0.0481415
0,0,0.0481925
0,0,0.0482812
0,0,0.0483163
0,0,0.0483567
0,0,0.0483858
0,0,0.0483883
0,0,0.0484593
0,0,0.0484705
0,0,0.0484722
0,0,0.0485194
0,0,0.0486603
0,0,0.0486629
0,0,0.0486789
0,0,0.0488109
0,0,0.0488886
0,0,0.0488939
0,0,0.0489592
0,0,0.0489846
0,0,0.0490686
0,0,0.0490708
0,0,0.0491095
0,0,0.0492769
0,0,0.0494477
0,0,0.0494634
0,0,0.0495606
0,0,0.0495772
0,0,0.0496449
0,0,0.0498409
0,0,0.0498657
0,0,0.0498734
0,0,0.0499055
0,0,0.0500341
0,0,0.0503219
0,0,0.050357
0,0,0.0503885
0,0,0.0504359
0,0,0.0504559
0,0,0.0505166
0,0,0.0505407
0,0,0.0507641
0,0,0.0507725
0,0,0.0507767
0,0,0.0507786
0,0,0.0509136
0,0,0.0509184
0,0,0.0509352
0,0,0.0510586
0,0,0.0511495
0,0,0.051177
0,0,0.0513563
0,0,0.051374
0,0,0.0513877
0,0,0.0514054
0,0,0.0516004
0,0,0.0516051
0,0,0.0516306
0,0,0.0516797
0,0,0.0517351
0,0,0.0517618
0,0,0.0517914
0,0,0.0518886
0,0,0.0519925
0,0,0.0520964
0,0,0.0521216
0,0,0.0521393
0,0,0.0523259
0,0,0.0523679
0,0,0.0523971
0,0,0.0524506
0,0,0.0525129
0,0,0.0526271
0,0,0.0526971
0,0,0.0527705
0,0,0.0528345
0,0,0.0528702
0,0,0.052875
0,0,0.0529209
0,0,0.052971
0,0,0.0530018
0,0,0.0530101
0,0,0.0531262
0,0,0.0531353
0,0,0.0531765
0,0,0.0532093
0,0,0.0534221
0,0,0.053569
0,0,0.0535695
0,0,0.05357
0,0,0.0536186
0,0,0.0536932
0,0,0.0536938
0,0,0.0538098
0,0,0.0538744
0,0,0.053943
0,0,0.0539451
0,0,0.0540229
0,0,0.0540453
0,0,0.0541886
0,0,0.054235
0,0,0.0542609
0,0,0.0543147
0,0,0.0544769
0,0,0.0545617
0,0,0.0547964
0,0,0.0551505
0,0,0.055186
0,0,0.0552872
0,0,0.0554908
0,0,0.0556103
0,0,0.0557231
0,0,0.0557521
0,0,0.0557574
0,0,0.0557763
0,0,0.0559179
0,0,0.0559932
0,0,0.0560539
0,0,0.056081
0,0,0.056215
0,0,0.0562516
0,0,0.0563176
0,0,0.0563263
0,0,0.0563681
0,0,0.0563871
0,0,0.0564541
0,0,0.0566726
0,0,0.0568168
0,0,0.0568398
0,0,0.0569105
0,0,0.0569153
0,0,0.0569193
0,0,0.0571832
0,0,0.0572552
0,0,0.0575063
0,0,0.0575572
0,0,0.057668
0,0,0.0577198
0,0,0.0578064
0,0,0.0578702
0,0,0.0580355
0,0,0.0580855
0,0,0.0580996
0,0,0.0582881
0,0,0.0584138
0,0,0.0584186
0,0,0.0585972
0,0,0.0587579
0,0,0.0590372
0,0,0.0591306
0,0,0.0591895
0,0,0.0594646
0,0,0.0595072
0,0,0.0595511
0,0,0.0595585
0,0,0.0595796
0,0,0.0596177
0,0,0.0596687
0,0,0.059709
0,0,0.0597226
0,0,0.059912
0,0,0.0599304
0,0,0.0599459
0,0,0.0599822
0,0,0.0599952
0,0,0.0601467
0,0,0.0602161
0,0,0.0602606
0,0,0.0603053
0,0,0.0606009
0,0,0.060664
0,0,0.0607501
0,0,0.0608454
0,0,0.060985
0,0,0.0611109
0,0,0.0611495
0,0,0.061173
0,0,0.0612369
0,0,0.0613544
0,0,0.0614294
0,0,0.0616538
0,0,0.0616649
0,0,0.0619703
0,0,0.0620334
0,0,0.0620823
0,0,0.0623637
0,0,0.0625368
0,0,0.062725
0,0,0.0627308
0,0,0.062824
0,0,0.0628439
0,0,0.0629625
0,0,0.0630664
0,0,0.0630819
0,0,0.0631676
0,0,0.0634037
0,0,0.0635122
0,0,0.0635832
0,0,0.0637934
0,0,0.0638051
0,0,0.0638052
0,0,0.0640036
0,0,0.0640347
0,0,0.0641327
0,0,0.0642584
0,0,0.0643847
0,0,0.0644164
0,0,0.0646957
0,0,0.06477
0,0,0.064787
0,0,0.0648433
0,0,0.0649033
0,0,0.0649684
0,0,0.0649848
0,0,0.0651715
0,0,0.0652554
0,0,0.0653932
0,0,0.065409
0,0,0.0654581
0,0,0.0654658
0,0,0.0655014
0,0,0.0657812
0,0,0.0658625
0,0,0.0659243
0,0,0.0660961
0,0,0.0660972
0,0,0.0663366
0,0,0.0663996
0,0,0.066613
0,0,0.0666892
0,0,0.0666954
0,0,0.0668699
0,0,0.0669687
0,0,0.0670419
0,0,0.0670729
0,0,0.0671119
0,0,0.0674473
0,0,0.0676263
0,0,0.0678829
0,0,0.0679745
0,0,0.0681143
0,0,0.0681518
0,0,0.0681609
0,0,0.0681743
0,0,0.0681849
0,0,0.0683649
0,0,0.0683655
0,0,0.0685241
0,0,0.0685652
0,0,0.0685677
0,0,0.0686488
0,0,0.0686663
0,0,0.0687135
0,0,0.0687309
0,0,0.0689389
0,0,0.0689692
0,0,0.0689707
0,0,0.0690114
0,0,0.0690402
0,0,0.069124
0,0,0.0691797
0,0,0.0691909
0,0,0.0691949
0,0,0.0692234
0,0,0.0693708
0,0,0.0693896
0,0,0.0694328
0,0,0.0694504
0,0,0.0694937
0,0,0.0694993
0,0,0.0695405
0,0,0.0695822
0,0,0.0696648
0,0,0.0698311
0,0,0.0699191
0,0,0.0699361
0,0,0.0699546
0,0,0.0700047
0,0,0.0700098
0,0,0.0701049
0,0,0.0702906
0,0,0.0703643
0,0,0.0703766
0,0,0.070503
0,0,0.0705082
0,0,0.0705664
0,0,0.0707097
0,0,0.0707618
0,0,0.0708014
0,0,0.0708924
0,0,0.0709717
0,0,0.0709824
0,0,0.0710812
0,0,0.0711048
0,0,0.071109
0,0,0.0711712
0,0,0.0713828
0,0,0.0713953
0,0,0.0714249
0,0,0.0714572
0,0,0.0714928
0,0,0.0715348
0,0,0.0715832
0,0,0.0716387
0,0,0.0717944
0,0,0.0718157
0,0,0.0721018
0,0,0.0722656
0,0,0.0722657
0,0,0.0722962
0,0,0.0724477
0,0,0.0724841
0,0,0.0728484
0,0,0.0728755
0,0,0.0729761
0,0,0.0730774
0,0,0.0731663
0,0,0.0731913
0,0,0.0732964
0,0,0.0734415
0,0,0.0734587
0,0,0.0734907
0,0,0.073518
0,0,0.0736152
0,0,0.0736451
0,0,0.0736965
0,0,0.0738377
0,0,0.0738496
0,0,0.0738558
0,0,0.0738876
0,0,0.0739209
0,0,0.0739283
0,0,0.0740311
0,0,0.0740533
0,0,0.0741048
0,0,0.0741772
0,0,0.0743835
0,0,0.0744864
0,0,0.074583
0,0,0.0748407
0,0,0.0749357
0,0,0.0749392
0,0,0.0749464
0,0,0.0749717
0,0,0.0750718
0,0,0.0751584
0,0,0.0751848
0,0,0.0754731
0,0,0.0755296
0,0,0.0757813
0,0,0.0758517
0,0,0.0758997
0,0,0.0759342
0,0,0.0762159
0,0,0.0764107
0,0,0.0768413
0,0,0.0768488
0,0,0.0769168
0,0,0.0770475
0,0,0.077139
0,0,0.0771451
0,0,0.077155
0,0,0.077175
0,0,0.0773579
0,0,0.0773648
0,0,0.0774872
0,0,0.0775205
0,0,0.0776407
0,0,0.0777703
0,0,0.0778239
0,0,0.0779427
0,0,0.0779625
0,0,0.0779713
0,0,0.0782161
0,0,0.0782612
0,0,0.078279
0,0,0.0783397
0,0,0.0783643
0,0,0.078456
0,0,0.0784878
0,0,0.078636
0,0,0.0787076
0,0,0.0788174
0,0,0.0788955
0,0,0.07892
0,0,0.0789613
0,0,0.0790595
0,0,0.0795026
0,0,0.0796631
0,0,0.0797156
0,0,0.0798474
0,0,0.0798585
0,0,0.0799452
0,0,0.0800673
0,0,0.0800769
0,0,0.0803211
0,0,0.0804692
0,0,0.0806493
0,0,0.0806618
0,0,0.0808443
0,0,0.0808939
0,0,0.0809486
0,0,0.0809547
0,0,0.0809618
0,0,0.0810036
0,0,0.0810452
0,0,0.0812726
0,0,0.0814066
0,0,0.0814483
0,0,0.0815042
0,0,0.0815414
0,0,0.0817156
0,0,0.0818899
0,0,0.0819441
0,0,0.0822543
0,0,0.0823359
0,0,0.0824024
0,0,0.0824073
0,0,0.0824104
0,0,0.0824164
0,0,0.0824726
0,0,0.082492
0,0,0.0825427
0,0,0.0826386
0,0,0.0826837
0,0,0.0829845
0,0,0.0830118
0,0,0.0830902
0,0,0.0831716
0,0,0.0833939
0,0,0.0834174
0,0,0.0835088
0,0,0.0836434
0,0,0.0837048
0,0,0.0837139
0,0,0.0839989
0,0,0.0841478
0,0,0.0842306
0,0,0.0843785
0,0,0.0844015
0,0,0.0844762
0,0,0.0844847
0,0,0.0845009
0,0,0.0845208
0,0,0.0846325
0,0,0.0846714
0,0,0.0847696
0,0,0.0850015
0,0,0.0852526
0,0,0.0853431
0,0,0.0855917
0,0,0.0856417
0,0,0.0856562
0,0,0.0856836
0,0,0.0859646
0,0,0.0862574
0,0,0.0863703
0,0,0.0864503
0,0,0.0867583
0,0,0.0867952
0,0,0.0869091
0,0,0.0869628
0,0,0.0869785
0,0,0.0870279
0,0,0.0870682
0,0,0.0871769
0,0,0.0873016
0,0,0.0874036
0,0,0.0877798
0,0,0.0878054
0,0,0.0880716
0,0,0.0881116
0,0,0.0881216
0,0,0.0881426
0,0,0.0882949
0,0,0.0885233
0,0,0.088639
0,0,0.0890349
0,0,0.089191
0,0,0.0893022
0,0,0.0893654
0,0,0.0895294
0,0,0.0895447
0,0,0.0895756
0,0,0.0895959
0,0,0.0896166
0,0,0.0896711
0,0,0.08978
0,0,0.0897822
0,0,0.0897987
0,0,0.0898153
0,0,0.0898558
0,0,0.0900552
0,0,0.0901692
0,0,0.0902504
0,0,0.0903027
0,0,0.0904813
0,0,0.0906482
0,0,0.0906521
0,0,0.0908634
0,0,0.0909254
0,0,0.0911846
0,0,0.0912507
0,0,0.0913547
0,0,0.091423
0,0,0.0914439
0,0,0.091524
0,0,0.0915425
0,0,0.0916321
0,0,0.0916569
0,0,0.0919944
0,0,0.0920344
0,0,0.0920892
0,0,0.092119
0,0,0.092178
0,0,0.0922513
0,0,0.0924872
0,0,0.0926389
0,0,0.0927648
0,0,0.0927884
0,0,0.0928248
0,0,0.092923
0,0,0.0931585
0,0,0.0934971
0,0,0.0935377
0,0,0.093579
0,0,0.0937243
0,0,0.0937614
0,0,0.093845
0,0,0.0938492
0,0,0.0938941
0,0,0.0941042
0,0,0.0942819
0,0,0.0945901
0,0,0.0946579
0,0,0.0946792
0,0,0.0946837
0,0,0.094706
0,0,0.0948207
0,0,0.0949003
0,0,0.0949728
0,0,0.0950932
0,0,0.0952642
0,0,0.0955713
0,0,0.0957557
0,0,0.0957783
0,0,0.0959151
0,0,0.0960744
0,0,0.0961297
0,0,0.096203
0,0,0.0962925
0,0,0.0964048
0,0,0.0965967
0,0,0.096826
0,0,0.0968498
0,0,0.0969489
0,0,0.0970521
0,0,0.0970869
0,0,0.0971597
0,0,0.0973524
0,0,0.0974946
0,0,0.097617
0,0,0.0976364
0,0,0.0977187
0,0,0.0978418
0,0,0.0980141
0,0,0.0980779
0,0,0.0981247
0,0,0.0981972
0,0,0.0983617
0,0,0.0986764
0,0,0.0987074
0,0,0.0987107
0,0,0.0987274
0,0,0.0987286
0,0,0.098751
0,0,0.0987739
0,0,0.0988142
0,0,0.0990604
0,0,0.0991088
0,0,0.0992202
0,0,0.099528
0,0,0.0995548
0,0,0.0996714
0,0,0.0997983
0,0,0.099882
0,0,0.0998905
0,0,0.0998968
0,0,0.100202
0,0,0.100228
0,0,0.100271
0,0,0.100881
0,0,0.101247
0,0,0.101279
0,0,0.101321
0,0,0.101345
0,0,0.10155
0,0,0.101628
0,0,0.101707
0,0,0.101833
0,0,0.101988
0,0,0.102042
0,0,0.102089
0,0,0.102189
0,0,0.102293
0,0,0.102347
0,0,0.102605
0,0,0.102851
0,0,0.102965
0,0,0.103073
0,0,0.103083
0,0,0.103395
0,0,0.103417
0,0,0.10343
0,0,0.103445
0,0,0.103549
0,0,0.103776
0,0,0.103971
0,0,0.104172
0,0,0.104353
0,0,0.104386
0,0,0.104404
0,0,0.104421
0,0,0.104454
0,0,0.104457
0,0,0.104734
0,0,0.10478
0,0,0.104788
0,0,0.104862
0,0,0.104891
0,0,0.105034
0,0,0.105223
0,0,0.105516
0,0,0.105538
0,0,0.105623
0,0,0.105744
0,0,0.105781
0,0,0.105847
0,0,0.105925
0,0,0.106117
0,0,0.106284
0,0,0.106488
0,0,0.106594
0,0,0.106627
0,0,0.106681
0,0,0.106721
0,0,0.107036
0,0,0.107338
0,0,0.107436
0,0,0.107524
0,0,0.107648
0,0,0.107783
0,0,0.107818
0,0,0.108076
0,0,0.108085
0,0,0.108198
0,0,0.108355
0,0,0.108416
0,0,0.108593
0,0,0.108707
0,0,0.109247
0,0,0.109263
0,0,0.109452
0,0,0.109462
0,0,0.109476
0,0,0.109672
0,0,0.109805
0,0,0.109877
0,0,0.109882
0,0,0.110133
0,0,0.110258
0,0,0.110362
0,0,0.110503
0,0,0.110593
0,0,0.110688
0,0,0.110903
0,0,0.110931
0,0,0.111006
0,0,0.111133
0,0,0.111521
0,0,0.111945
0,0,0.112197
0,0,0.112201
0,0,0.112256
0,0,0.112355
0,0,0.11239
0,0,0.112574
0,0,0.112769
0,0,0.112838
0,0,0.112974
0,0,0.112979
0,0,0.113671
0,0,0.113746
0,0,0.113863
0,0,0.113971
0,0,0.114016
0,0,0.114065
0,0,0.114145
0,0,0.114353
0,0,0.114626
0,0,0.114691
0,0,0.114929
0,0,0.114978
0,0,0.115313
0,0,0.11533
0,0,0.115397
0,0,0.115516
0,0,0.115543
0,0,0.115709
0,0,0.115776
0,0,0.115787
0,0,0.116047
0,0,0.116096
0,0,0.116167
0,0,0.116315
0,0,0.116417
0,0,0.116442
0,0,0.116522
0,0,0.116537
0,0,0.117041
0,0,0.117253
0,0,0.117307
0,0,0.117308
0,0,0.117487
0,0,0.117575
0,0,0.117787
0,0,0.117839
0,0,0.117893
0,0,0.117933
0,0,0.118018
0,0,0.118162
0,0,0.118213
0,0,0.118373
0,0,0.118598
0,0,0.119009
0,0,0.119143
0,0,0.119185
0,0,0.119284
0,0,0.119405
0,0,0.119971
0,0,0.120069
0,0,0.120133
0,0,0.12034
0,0,0.120406
0,0,0.120475
0,0,0.120503
0,0,0.120651
0,0,0.12072
0,0,0.120724
0,0,0.12097
0,0,0.121281
0,0,0.121371
0,0,0.121468
0,0,0.121495
0,0,0.121556
0,0,0.121673
0,0,0.122019
0,0,0.122269
0,0,0.122496
0,0,0.122501
0,0,0.122601
0,0,0.122638
0,0,0.122669
0,0,0.122822
0,0,0.123402
0,0,0.123479
0,0,0.123541
0,0,0.123914
0,0,0.124072
0,0,0.12471
0,0,0.124733
0,0,0.12517
0,0,0.125417
0,0,0.125515
0,0,0.125657
0,0,0.125781
0,0,0.125807
0,0,0.12583
0,0,0.125992
0,0,0.126012
0,0,0.126044
0,0,0.126147
0,0,0.126245
0,0,0.126484
0,0,0.126553
0,0,0.126638
0,0,0.126775
0,0,0.127028
0,0,0.127034
0,0,0.127151
0,0,0.127448
0,0,0.127632
0,0,0.127642
0,0,0.127671
0,0,0.127753
0,0,0.127788
0,0,0.1278
0,0,0.127817
0,0,0.127904
0,0,0.127921
0,0,0.128033
0,0,0.128351
0,0,0.128414
0,0,0.128416
0,0,0.128475
0,0,0.128475
0,0,0.128484
0,0,0.128516
0,0,0.128781
0,0,0.129026
0,0,0.12959
0,0,0.129733
0,0,0.129773
0,0,0.129867
0,0,0.130079
0,0,0.130476
0,0,0.130602
0,0,0.130635
0,0,0.130915
0,0,0.13107
0,0,0.131142
0,0,0.131337
0,0,0.131366
0,0,0.131451
0,0,0.131604
0,0,0.131628
0,0,0.131687
0,0,0.131746
0,0,0.131894
0,0,0.132287
0,0,0.132334
0,0,0.132405
0,0,0.132463
0,0,0.132918
0,0,0.132978
0,0,0.133019
0,0,0.133127
0,0,0.13341
0,0,0.13363
0,0,0.133676
0,0,0.134221
0,0,0.134235
0,0,0.134439
0,0,0.134612
0,0,0.134704
0,0,0.134745
0,0,0.134793
0,0,0.134798
0,0,0.134799
0,0,0.134878
0,0,0.13488
0,0,0.135052
0,0,0.135063
0,0,0.135479
0,0,0.135547
0,0,0.135798
0,0,0.136039
0,0,0.136197
0,0,0.136455
0,0,0.13651
0,0,0.13651
0,0,0.136567
0,0,0.136682
0,0,0.137205
0,0,0.13735
0,0,0.137529
0,0,0.137687
0,0,0.137795
0,0,0.138002
0,0,0.13876
0,0,0.139049
0,0,0.139083
0,0,0.139231
0,0,0.139342
0,0,0.139486
0,0,0.139614
0,0,0.140242
0,0,0.140376
0,0,0.140444
0,0,0.140659
0,0,0.140668
0,0,0.14104
0,0,0.141193
0,0,0.141237
0,0,0.141254
0,0,0.141487
0,0,0.14182
0,0,0.141882
0,0,0.141886
0,0,0.142091
0,0,0.142266
0,0,0.142636
0,0,0.142671
0,0,0.142965
0,0,0.14351
0,0,0.143523
0,0,0.143677
0,0,0.14382
0,0,0.143969
0,0,0.144214
0,0,0.144844
0,0,0.14523
0,0,0.145643
0,0,0.145845
0,0,0.146683
0,0,0.146838
0,0,0.147275
0,0,0.147303
0,0,0.147335
0,0,0.147439
0,0,0.147495
0,0,0.148104
0,0,0.148441
0,0,0.148443
0,0,0.148624
0,0,0.148765
0,0,0.148799
0,0,0.148847
0,0,0.148868
0,0,0.149446
0,0,0.149634
0,0,0.149772
0,0,0.149784
0,0,0.149883
0,0,0.150031
0,0,0.150148
0,0,0.150294
0,0,0.15031
0,0,0.150444
0,0,0.150978
0,0,0.151466
0,0,0.151629
0,0,0.151636
0,0,0.15183
0,0,0.152468
0,0,0.152498
0,0,0.152499
0,0,0.152605
0,0,0.15278
0,0,0.152842
0,0,0.15304
0,0,0.153048
0,0,0.15385
0,0,0.15402
0,0,0.154066
0,0,0.15423
0,0,0.154743
0,0,0.154771
0,0,0.15492
0,0,0.155137
0,0,0.155741
0,0,0.155832
0,0,0.156244
0,0,0.156319
0,0,0.15655
0,0,0.156722
0,0,0.157182
0,0,0.157351
0,0,0.157374
0,0,0.157428
0,0,0.157621
0,0,0.157648
0,0,0.158121
0,0,0.158249
0,0,0.158326
0,0,0.158392
0,0,0.158496
0,0,0.158531
0,0,0.158909
0,0,0.158913
0,0,0.159134
0,0,0.159174
0,0,0.159466
0,0,0.159585
0,0,0.159812
0,0,0.159818
0,0,0.160106
0,0,0.160669
0,0,0.160795
0,0,0.160889
0,0,0.160979
0,0,0.161229
0,0,0.161681
0,0,0.161759
0,0,0.161782
0,0,0.161809
0,0,0.161888
0,0,0.161953
0,0,0.162039
0,0,0.162212
0,0,0.162472
0,0,0.162493
0,0,0.162919
0,0,0.163043
0,0,0.16315
0,0,0.163224
0,0,0.164123
0,0,0.164218
0,0,0.164389
0,0,0.164511
0,0,0.164525
0,0,0.164682
0,0,0.164963
0,0,0.165165
0,0,0.165291
0,0,0.165519
0,0,0.165778
0,0,0.166465
0,0,0.167067
0,0,0.167268
0,0,0.167581
0,0,0.167606
0,0,0.167931
0,0,0.167945
0,0,0.168092
0,0,0.168449
0,0,0.168529
0,0,0.168881
0,0,0.16892
0,0,0.168964
0,0,0.170255
0,0,0.17034
0,0,0.170576
0,0,0.170608
0,0,0.170687
0,0,0.170763
0,0,0.170878
0,0,0.171192
0,0,0.171391
0,0,0.171404
0,0,0.171806
0,0,0.171811
0,0,0.173138
0,0,0.174451
0,0,0.174545
0,0,0.174854
0,0,0.175248
0,0,0.175387
0,0,0.175406
0,0,0.176042
0,0,0.17611
0,0,0.17626
0,0,0.176293
0,0,0.176363
0,0,0.176421
0,0,0.176596
0,0,0.176754
0,0,0.177076
0,0,0.177658
0,0,0.177986
0,0,0.178093
0,0,0.178155
0,0,0.178335
0,0,0.178351
0,0,0.178497
0,0,0.178603
0,0,0.178622
0,0,0.179472
0,0,0.179949
0,0,0.180248
0,0,0.180494
0,0,0.180809
0,0,0.18084
0,0,0.180931
0,0,0.180994
0,0,0.18114
0,0,0.181934
0,0,0.181973
0,0,0.181977
0,0,0.181992
0,0,0.182462
0,0,0.18251
0,0,0.182551
0,0,0.182746
0,0,0.182874
0,0,0.183593
0,0,0.183664
0,0,0.184175
0,0,0.184466
0,0,0.184811
0,0,0.184919
0,0,0.185336
0,0,0.185462
0,0,0.18603
0,0,0.186072
0,0,0.186161
0,0,0.186296
0,0,0.186402
0,0,0.186419
0,0,0.186574
0,0,0.186897
0,0,0.186959
0,0,0.187015
0,0,0.187228
0,0,0.187608
0,0,0.188249
0,0,0.18829
0,0,0.188308
0,0,0.188639
0,0,0.189084
0,0,0.18973
0,0,0.190003
0,0,0.190053
0,0,0.190124
0,0,0.190301
0,0,0.190875
0,0,0.190992
0,0,0.191163
0,0,0.191491
0,0,0.191818
0,0,0.192285
0,0,0.192422
0,0,0.192528
0,0,0.193127
0,0,0.193225
0,0,0.193358
0,0,0.193408
0,0,0.193473
0,0,0.193676
0,0,0.194185
0,0,0.194343
0,0,0.195872
0,0,0.195896
0,0,0.196493
0,0,0.196636
0,0,0.19672
0,0,0.196839
0,0,0.197481
0,0,0.19749
0,0,0.197619
0,0,0.197752
0,0,0.197816
0,0,0.197986
0,0,0.198064
0,0,0.198583
0,0,0.198614
0,0,0.19881
0,0,0.199206
0,0,0.199312
0,0,0.199825
0,0,0.200105
0,0,0.200362
0,0,0.201014
0,0,0.201092
0,0,0.201093
0,0,0.201321
0,0,0.201347
0,0,0.201403
0,0,0.201583
0,0,0.202304
0,0,0.202382
0,0,0.202828
0,0,0.203063
0,0,0.203415
0,0,0.20342
0,0,0.203633
0,0,0.204348
0,0,0.204503
0,0,0.204835
0,0,0.204903
0,0,0.204943
0,0,0.205301
0,0,0.205441
0,0,0.205601
0,0,0.205759
0,0,0.206936
0,0,0.206965
0,0,0.207348
0,0,0.207384
0,0,0.207578
0,0,0.207607
0,0,0.207811
0,0,0.208055
0,0,0.208685
0,0,0.20963
0,0,0.209792
0,0,0.210101
0,0,0.210395
0,0,0.210492
0,0,0.210738
0,0,0.211382
0,0,0.211736
0,0,0.211799
0,0,0.212417
0,0,0.212674
0,0,0.212863
0,0,0.21292
0,0,0.213353
0,0,0.213509
0,0,0.214004
0,0,0.215125
0,0,0.215177
0,0,0.216003
0,0,0.216671
0,0,0.217081
0,0,0.21789
0,0,0.218329
0,0,0.218551
0,0,0.21899
0,0,0.219318
0,0,0.219686
0,0,0.219888
0,0,0.220064
0,0,0.220113
0,0,0.220403
0,0,0.220499
0,0,0.221873
0,0,0.22205
0,0,0.222186
0,0,0.222451
0,0,0.222466
0,0,0.22255
0,0,0.222605
0,0,0.222852
0,0,0.223094
0,0,0.22339
0,0,0.224131
0,0,0.224415
0,0,0.22466
0,0,0.224706
0,0,0.225404
0,0,0.225571
0,0,0.225854
0,0,0.225956
0,0,0.226398
0,0,0.227132
0,0,0.227137
0,0,0.22725
0,0,0.227277
0,0,0.227878
0,0,0.22794
0,0,0.228075
0,0,0.228431
0,0,0.228888
0,0,0.229437
0,0,0.229882
0,0,0.230182
0,0,0.230395
0,0,0.23093
0,0,0.230998
0,0,0.231116
0,0,0.231431
0,0,0.231733
0,0,0.231974
0,0,0.233217
0,0,0.233666
0,0,0.233741
0,0,0.23497
0,0,0.234972
0,0,0.23526
0,0,0.23545
0,0,0.235704
0,0,0.236281
0,0,0.236336
0,0,0.23756
0,0,0.237589
0,0,0.237711
0,0,0.238661
0,0,0.239
0,0,0.239243
0,0,0.239598
0,0,0.240712
0,0,0.240888
0,0,0.241017
0,0,0.241193
0,0,0.241456
0,0,0.241738
0,0,0.243468
0,0,0.243472
0,0,0.243495
0,0,0.24382
0,0,0.244104
0,0,0.244117
0,0,0.244396
0,0,0.244531
0,0,0.244801
0,0,0.245273
0,0,0.245653
0,0,0.24627
0,0,0.246961
0,0,0.247286
0,0,0.247697
0,0,0.248123
0,0,0.248179
0,0,0.249017
0,0,0.249085
0,0,0.249111
0,0,0.249396
0,0,0.250367
0,0,0.250502
0,0,0.250695
0,0,0.250931
0,0,0.251278
0,0,0.251397
0,0,0.251401
0,0,0.252785
0,0,0.252921
0,0,0.253249
0,0,0.253307
0,0,0.253482
0,0,0.253554
0,0,0.253941
0,0,0.254101
0,0,0.254131
0,0,0.254421
0,0,0.256033
0,0,0.256073
0,0,0.25623
0,0,0.256445
0,0,0.256671
0,0,0.257019
0,0,0.257124
0,0,0.257856
0,0,0.25844
0,0,0.258448
0,0,0.258813
0,0,0.258984
0,0,0.259717
0,0,0.259772
0,0,0.259808
0,0,0.260532
0,0,0.261312
0,0,0.261436
0,0,0.2615
0,0,0.261853
0,0,0.263148
0,0,0.264192
0,0,0.264672
0,0,0.26505
0,0,0.265712
0,0,0.265885
0,0,0.266051
0,0,0.267738
0,0,0.268359
0,0,0.269065
0,0,0.269193
0,0,0.270179
0,0,0.270434
0,0,0.271245
0,0,0.271758
0,0,0.272015
0,0,0.272126
0,0,0.272855
0,0,0.273091
0,0,0.274365
0,0,0.274443
0,0,0.274486
0,0,0.274603
0,0,0.275599
0,0,0.277114
0,0,0.277377
0,0,0.278181
0,0,0.279151
0,0,0.279827
0,0,0.279893
0,0,0.279948
0,0,0.280437
0,0,0.280538
0,0,0.281456
0,0,0.281704
0,0,0.2824
0,0,0.284729
0,0,0.284935
0,0,0.284972
0,0,0.285414
0,0,0.285551
0,0,0.286053
0,0,0.286188
0,0,0.286489
0,0,0.287267
0,0,0.287304
0,0,0.287978
0,0,0.288171
0,0,0.291107
0,0,0.291235
0,0,0.291454
0,0,0.291689
0,0,0.292085
0,0,0.292556
0,0,0.292804
0,0,0.293016
0,0,0.293166
0,0,0.294753
0,0,0.296425
0,0,0.296963
0,0,0.297008
0,0,0.297033
0,0,0.297771
0,0,0.298096
0,0,0.298707
0,0,0.299794
0,0,0.299925
0,0,0.300806
0,0,0.30132
0,0,0.301601
0,0,0.301828
0,0,0.302123
0,0,0.302324
0,0,0.302395
0,0,0.303111
0,0,0.303536
0,0,0.304568
0,0,0.305265
0,0,0.305273
0,0,0.306015
0,0,0.306307
0,0,0.306317
0,0,0.307145
0,0,0.307697
0,0,0.308268
0,0,0.308945
0,0,0.309483
0,0,0.310529
0,0,0.310818
0,0,0.311622
0,0,0.311929
0,0,0.312885
0,0,0.313403
0,0,0.313494
0,0,0.313617
0,0,0.313783
0,0,0.313953
0,0,0.318467
0,0,0.318748
0,0,0.318756
0,0,0.319026
0,0,0.319977
0,0,0.320379
0,0,0.320771
0,0,0.321978
0,0,0.322169
0,0,0.322326
0,0,0.322514
0,0,0.322882
0,0,0.323043
0,0,0.323732
0,0,0.324529
0,0,0.325072
0,0,0.326856
0,0,0.327362
0,0,0.328402
0,0,0.329502
0,0,0.330298
0,0,0.330564
0,0,0.330965
0,0,0.331041
0,0,0.331186
0,0,0.331204
0,0,0.332298
0,0,0.333697
0,0,0.333814
0,0,0.334561
0,0,0.334664
0,0,0.335376
0,0,0.335632
0,0,0.335932
0,0,0.336319
0,0,0.336611
0,0,0.337272
0,0,0.337375
0,0,0.338088
0,0,0.339383
0,0,0.343363
0,0,0.344616
0,0,0.346035
0,0,0.346193
0,0,0.346905
0,0,0.348492
0,0,0.348679
0,0,0.350143
0,0,0.353392
0,0,0.356631
0,0,0.356747
0,0,0.35784
0,0,0.36031
0,0,0.360872
0,0,0.361198
0,0,0.362589
0,0,0.36323
0,0,0.364876
0,0,0.365136
0,0,0.367084
0,0,0.367261
0,0,0.368622
0,0,0.369751
0,0,0.372659
0,0,0.373533
0,0,0.374067
0,0,0.374952
0,0,0.375358
0,0,0.376088
0,0,0.381534
0,0,0.382382
0,0,0.382784
0,0,0.383606
0,0,0.383807
0,0,0.383936
0,0,0.385465
0,0,0.386986
0,0,0.387648
0,0,0.387784
0,0,0.387916
0,0,0.38812
0,0,0.392285
0,0,0.392399
0,0,0.394602
0,0,0.397376
0,0,0.398671
0,0,0.400196
0,0,0.400682
0,0,0.401645
0,0,0.403923
0,0,0.405279
0,0,0.407479
0,0,0.40799
0,0,0.411728
0,0,0.412216
0,0,0.418053
0,0,0.420243
0,0,0.420319
0,0,0.421196
0,0,0.421301
0,0,0.421457
0,0,0.422284
0,0,0.425609
0,0,0.426497
0,0,0.427799
0,0,0.430356
0,0,0.434482
0,0,0.434483
0,0,0.436095
0,0,0.441399
0,0,0.443907
0,0,0.444424
0,0,0.447816
0,0,0.452467
0,0,0.453499
0,0,0.453585
0,0,0.45568
0,0,0.459207
0,0,0.459643
0,0,0.463985
0,0,0.470349
0,0,0.470974
0,0,0.471255
0,0,0.472116
0,0,0.474109
0,0,0.476349
0,0,0.478348
0,0,0.484616
0,0,0.486335
0,0,0.486455
0,0,0.489862
0,0,0.492087
0,0,0.493449
0,0,0.49586
0,0,0.503329
0,0,0.504789
0,0,0.517708
0,0,0.525045
0,0,0.540877
0,0,0.541844
0,0,0.554212
0,0,0.569297
0,0,0.576259
0,0,0.580065
0,0,0.583164
0,0,0.592047
0,0,0.641073
0,0,0.677773
0,0,0.67821
0,0,0.681591
0,0,0.686908
0,0,0.700049
0,0,0.707313
0,0,0.714769
0,0,0.734502
0,0,0.742213
0,0,0.765694
0,0,0.770663
0,0,0.800599
0,0,0.82937
0,0,0.838081
0,0,3
1,1.53825,1.68398
1,1.43224,1.50395
1,1.36464,1.52099
1,1.26289,1.56314
1,1.24428,1.78077
1,1.2417,1.34036
1,1.08854,1.1786
1,0.894045,0.912712
1,0.891309,1.1037
1,0.887905,1.07064
1,0.836346,0.938964
1,0.802274,0.847918
1,0.797817,0.966778
1,0.78587,1.0372
1,0.784945,0.859801
1,0.775868,1.0414
1,0.767433,0.982746
1,0.766658,1.04966
1,0.753384,0.811379
1,0.746511,0.748027
1,0.740171,1.1218
1,0.734831,0.950187
1,0.714121,0.768276
1,0.709148,0.730177
1,0.707479,0.878427
1,0.703498,0.704741
1,0.701014,1.06495
1,0.695472,0.70158
1,0.667207,0.766744
1,0.65526,0.758268
1,0.650771,0.679487
1,0.647273,0.744333
1,0.646377,0.700366
1,0.64504,0.685257
1,0.627198,0.630584
1,0.62633,0.658321
1,0.624757,0.70545
1,0.619862,0.635021
1,0.613081,0.749794
1,0.609782,1.14042
1,0.60921,0.627017
1,0.605023,0.614401
1,0.604956,0.630287
1,0.604581,0.625723
1,0.603744,0.633823
1,0.601792,0.667484
1,0.595936,0.768002
1,0.589234,0.593384
1,0.588351,0.731885
1,0.587979,0.700417
1,0.58561,0.679155
1,0.581672,0.674285
1,0.581067,0.60155
1,0.575638,0.601302
1,0.574151,0.761038
1,0.573315,0.616407
1,0.569186,0.72697
1,0.56734,0.681246
1,0.567229,0.616091
1,0.556084,0.846863
1,0.552727,1.01035
1,0.550761,0.556344
1,0.550463,0.577421
1,0.547951,0.585635
1,0.545469,0.548979
1,0.545226,0.5991
1,0.540308,0.721584
1,0.533024,0.551121
1,0.53177,0.551141
1,0.531519,0.531552
1,0.528687,0.543073
1,0.525554,0.592849
1,0.521932,0.542813
1,0.518257,0.525972
1,0.514016,0.580727
1,0.510107,0.606113
1,0.504057,0.552398
1,0.499869,0.527119
1,0.499755,0.847709
1,0.497493,0.556916
1,0.497079,0.507112
1,0.496796,0.49953
1,0.490536,0.820211
1,0.487877,0.724797
1,0.479604,0.479728
1,0.475895,0.490129
1,0.474525,0.516042
1,0.472648,0.481678
1,0.47198,0.481222
1,0.468453,0.491074
1,0.463875,0.491702
1,0.463495,0.52423
1,0.462796,0.514284
1,0.46245,0.54459
1,0.458332,0.472846
1,0.456725,0.476655
1,0.456704,0.534224
1,0.455532,0.71078
1,0.453366,0.486287
1,0.450949,0.457542
1,0.447219,0.461454
1,0.440153,0.547466
1,0.439411,0.61778
1,0.437768,0.518151
1,0.437601,0.448501
1,0.432565,0.531823
1,0.432279,0.491931
1,0.431894,0.478287
1,0.431762,0.443439
1,0.431438,0.44623
1,0.430539,0.5385
1,0.429718,0.475794
1,0.427446,0.53652
1,0.425361,0.430784
1,0.421811,0.426384
1,0.421028,0.470127
1,0.415874,0.470192
1,0.414764,0.42417
1,0.414082,0.433933
1,0.413375,0.468199
1,0.412405,0.457097
1,0.411064,0.421118
1,0.406499,0.418545
1,0.402558,0.540004
1,0.40122,0.419781
1,0.396622,0.480917
1,0.395997,0.436783
1,0.395766,0.427576
1,0.395653,0.610551
1,0.394623,0.564324
1,0.394578,0.432205
1,0.39353,0.452495
1,0.393473,0.398586
1,0.39243,0.471417
1,0.391859,0.395434
1,0.389868,0.400063
1,0.389125,0.435031
1,0.387458,0.667383
1,0.386759,0.46928
1,0.384475,0.65422
1,0.383725,0.390292
1,0.383506,0.47491
1,0.381942,0.495597
1,0.381238,0.477462
1,0.379511,0.458434
1,0.379479,0.458159
1,0.379216,0.450902
1,0.374049,0.530791
1,0.373663,0.441805
1,0.371554,0.543748
1,0.369715,0.371155
1,0.368681,0.395944
1,0.367253,0.568023
1,0.365013,0.395759
1,0.363902,0.667504
1,0.362691,0.391507
1,0.361843,0.381773
1,0.360289,0.534064
1,0.358993,0.489046
1,0.355175,0.447493
1,0.354553,0.370846
1,0.354424,0.363506
1,0.352942,0.536235
1,0.351118,0.407533
1,0.350499,0.353474
1,0.349571,0.476781
1,0.347542,0.467374
1,0.346551,0.401617
1,0.346256,0.41222
1,0.34625,0.459914
1,0.345377,0.378439
1,0.344374,0.353414
1,0.344206,0.349232
1,0.34269,0.353199
1,0.342114,0.435072
1,0.34181,0.487894
1,0.341792,0.350965
1,0.341037,0.547773
1,0.340762,0.427118
1,0.339477,0.348966
1,0.339237,0.35731
1,0.338808,0.366179
1,0.338775,0.385052
1,0.338062,0.424785
1,0.336826,0.363655
1,0.33628,0.341777
1,0.335901,0.382119
1,0.335658,0.40886
1,0.334529,0.377603
1,0.331792,0.347166
1,0.331687,0.354342
1,0.330924,0.352461
1,0.324793,0.387026
1,0.321729,0.344685
1,0.319865,0.413694
1,0.316574,0.38448
1,0.316528,0.372308
1,0.31543,0.549002
1,0.315384,0.327771
1,0.313006,0.393589
1,0.312211,0.360611
1,0.311354,0.315691
1,0.311095,0.352069
1,0.30726,0.349453
1,0.306556,0.368089
1,0.305059,0.375442
1,0.304688,0.35675
1,0.303904,0.408416
1,0.303413,0.305918
1,0.30297,0.373231
1,0.302917,0.333372
1,0.301014,0.43531
1,0.300368,0.31201
1,0.299407,0.318178
1,0.29864,0.310762
1,0.296612,0.325179
1,0.295867,0.304018
1,0.295287,0.35396
1,0.295264,0.300791
1,0.294839,0.315976
1,0.294491,0.813406
1,0.294266,0.31748
1,0.292763,0.30786
1,0.29185,0.293198
1,0.291113,0.338858
1,0.290637,0.459544
1,0.289692,0.30063
1,0.288379,0.37275
1,0.286923,0.333901
1,0.285143,0.30256
1,0.283737,0.289817
1,0.279456,0.309914
1,0.278836,0.280033
1,0.278493,0.301603
1,0.278226,0.318501
1,0.278113,0.3623
1,0.277951,0.295313
1,0.277206,0.287168
1,0.276565,0.286654
1,0.276417,0.291587
1,0.276069,0.280706
1,0.273738,0.275373
1,0.27149,0.28908
1,0.268964,0.286894
1,0.266801,0.270576
1,0.266083,0.268876
1,0.266021,0.320736
1,0.265931,0.273337
1,0.265741,0.268515
1,0.265522,0.277311
1,0.265215,0.28942
1,0.26508,0.26571
1,0.264281,0.296485
1,0.26376,0.281066
1,0.263307,0.304659
1,0.263151,0.314115
1,0.262382,0.294539
1,0.261963,0.275783
1,0.259785,0.265317
1,0.259765,0.265348
1,0.259306,0.272815
1,0.258181,0.277942
1,0.256728,0.309807
1,0.256561,0.303074
1,0.255776,0.257439
1,0.255245,0.271395
1,0.253173,0.257721
1,0.252188,0.267481
1,0.252055,0.258081
1,0.251608,0.306214
1,0.249739,0.306947
1,0.244892,0.307771
1,0.242999,0.252986
1,0.242859,0.261891
1,0.242585,0.282121
1,0.240111,0.243506
1,0.239293,0.347166
1,0.23925,0.270905
1,0.237635,0.238976
1,0.237492,0.289622
1,0.23503,0.26221
1,0.234977,0.269132
1,0.234527,0.244031
1,0.23411,0.260513
1,0.233846,0.338556
1,0.233105,0.291276
1,0.231372,0.283213
1,0.231212,0.23219
1,0.23112,0.268607
1,0.230887,0.241666
1,0.230384,0.230822
1,0.230012,0.250531
1,0.228771,0.239173
1,0.228355,0.245734
1,0.228181,0.253058
1,0.227392,0.233588
1,0.226743,0.228458
1,0.225443,0.261799
1,0.224804,0.280466
1,0.22467,0.226504
1,0.224468,0.235306
1,0.223531,0.230759
1,0.223425,0.32435
1,0.223349,0.35597
1,0.222959,0.230512
1,0.222653,0.274715
1,0.222618,0.223389
1,0.221378,0.226626
1,0.220508,0.228519
1,0.220432,0.270381
1,0.219348,0.228544
1,0.217095,0.259885
1,0.216823,0.289369
1,0.216718,0.226831
1,0.216278,0.221055
1,0.215916,0.238183
1,0.214371,0.24117
1,0.213187,0.23995
1,0.21289,0.239001
1,0.211955,0.230454
1,0.211701,0.22946
1,0.211273,0.216676
1,0.211117,0.213557
1,0.210825,0.224147
1,0.210686,0.235843
1,0.209729,0.22814
1,0.208824,0.240807
1,0.208623,0.339224
1,0.208489,0.265923
1,0.20818,0.229336
1,0.206988,0.22297
1,0.206877,0.218993
1,0.205411,0.208789
1,0.205125,0.230159
1,0.204758,0.220087
1,0.204526,0.29275
1,0.204002,0.220087
1,0.203673,0.250586
1,0.203288,0.226032
1,0.203037,0.265065
1,0.202573,0.252095
1,0.202479,0.228964
1,0.202353,0.209637
1,0.2012,0.217639
1,0.20094,0.210577
1,0.200434,0.213922
1,0.199655,0.218419
1,0.198767,0.260073
1,0.19807,0.238152
1,0.197308,0.243704
1,0.197302,0.201707
1,0.197145,0.198774
1,0.195797,0.196243
1,0.194823,0.211675
1,0.194753,0.213386
1,0.193853,0.205496
1,0.193762,0.357886
1,0.192571,0.214042
1,0.191261,0.191459
1,0.1898,0.210978
1,0.18977,0.200007
1,0.189608,0.258291
1,0.188909,0.200894
1,0.188159,0.201754
1,0.187503,0.216233
1,0.186319,0.191378
1,0.186302,0.233469
1,0.18545,0.214199
1,0.185353,0.232229
1,0.183752,0.186566
1,0.18361,0.202302
1,0.183116,0.20668
1,0.182646,0.205948
1,0.182063,0.182069
1,0.182035,0.248399
1,0.181695,0.23894
1,0.181348,0.183795
1,0.180437,0.185929
1,0.179177,0.180571
1,0.178504,0.191082
1,0.178027,0.205513
1,0.177462,0.243679
1,0.177442,0.186982
1,0.177048,0.236946
1,0.176812,0.181583
1,0.176645,0.184774
1,0.176484,0.23895
1,0.17647,0.252761
1,0.176416,0.178253
1,0.176327,0.178713
1,0.175043,0.196538
1,0.173634,0.178217
1,0.173443,0.179017
1,0.172365,0.182465
1,0.172133,0.174296
1,0.171583,0.186246
1,0.17126,0.186184
1,0.16959,0.173894
1,0.169009,0.203329
1,0.168405,0.178372
1,0.167648,0.206972
1,0.167409,0.206531
1,0.167357,0.174331
1,0.165636,0.2177
1,0.165363,0.191768
1,0.164361,0.177189
1,0.164021,0.173778
1,0.163932,0.209158
1,0.160953,0.16238
1,0.160729,0.171405
1,0.160046,0.184605
1,0.159648,0.168038
1,0.159592,0.161071
1,0.159105,0.166824
1,0.158236,0.170336
1,0.158224,0.168961
1,0.157526,0.169796
1,0.157265,0.22569
1,0.157113,0.178491
1,0.157044,0.164431
1,0.155903,0.157209
1,0.155167,0.158519
1,0.154967,0.163963
1,0.154261,0.166829
1,0.154255,0.17063
1,0.153891,0.209987
1,0.153429,0.197445
1,0.152368,0.156408
1,0.151639,0.155634
1,0.150516,0.1835
1,0.149537,0.159825
1,0.148548,0.161615
1,0.148237,0.151677
1,0.148163,0.193643
1,0.147957,0.156792
1,0.147055,0.16702
1,0.146943,0.164275
1,0.146693,0.157489
1,0.14606,0.185671
1,0.145582,0.218368
1,0.144598,0.151682
1,0.14352,0.151339
1,0.142812,0.153356
1,0.142127,0.145829
1,0.141932,0.165684
1,0.140851,0.166557
1,0.140753,0.148996
1,0.140722,0.158076
1,0.140134,0.258821
1,0.139756,0.176115
1,0.139687,0.149248
1,0.139672,0.155903
1,0.139539,0.165909
1,0.139513,0.169872
1,0.139468,0.151168
1,0.139295,0.140858
1,0.139292,0.154306
1,0.138496,0.154856
1,0.138424,0.139679
1,0.137774,0.197336
1,0.136406,0.141302
1,0.136333,0.21204
1,0.135743,0.148714
1,0.135547,0.151337
1,0.135389,0.179902
1,0.135088,0.148025
1,0.134525,0.151593
1,0.133232,0.133485
1,0.132633,0.168268
1,0.13223,0.15824
1,0.131644,0.152027
1,0.130368,0.13285
1,0.130304,0.137673
1,0.129994,0.145689
1,0.129013,0.149525
1,0.128905,0.132105
1,0.128851,0.139496
1,0.128647,0.138933
1,0.127877,0.136625
1,0.127853,0.139007
1,0.127289,0.129089
1,0.126823,0.157948
1,0.125367,0.133344
1,0.125332,0.128494
1,0.12465,0.126058
1,0.124154,0.156627
1,0.123962,0.145879
1,0.123363,0.132186
1,0.12259,0.133291
1,0.122182,0.13702
1,0.122143,0.138957
1,0.122114,0.14581
1,0.121104,0.141161
1,0.12071,0.121621
1,0.120112,0.152646
1,0.119756,0.128254
1,0.119469,0.160167
1,0.118293,0.154725
1,0.117823,0.118112
1,0.117745,0.132392
1,0.117612,0.127499
1,0.115769,0.13865
1,0.115628,0.151566
1,0.115065,0.133526
1,0.114869,0.133107
1,0.114307,0.117809
1,0.113839,0.114764
1,0.113361,0.118821
1,0.113108,0.114058
1,0.112384,0.130046
1,0.111797,0.117473
1,0.111496,0.132622
1,0.110081,0.16096
1,0.108645,0.129525
1,0.108516,0.143306
1,0.108023,0.10894
1,0.107926,0.10871
1,0.106441,0.135711
1,0.106252,0.115407
1,0.105401,0.130199
1,0.104775,0.106429
1,0.104563,0.107567
1,0.104067,0.106347
1,0.10395,0.107509
1,0.10389,0.116479
1,0.103436,0.126419
1,0.103216,0.108933
1,0.102855,0.147686
1,0.101937,0.128553
1,0.101523,0.147865
1,0.100971,0.12649
1,0.100752,0.122045
1,0.100676,0.114703
1,0.100465,0.106698
1,0.100397,0.103359
1,0.100053,0.107289
1,0.0998309,0.108012
1,0.0994212,0.101638
1,0.099173,0.103694
1,0.099023,0.105465
1,0.0987835,0.104348
1,0.0986594,0.106979
1,0.0986501,0.130958
1,0.0982885,0.099385
1,0.0980206,0.0986683
1,0.0974658,0.10509
1,0.097457,0.107196
1,0.0969886,0.117273
1,0.096568,0.112765
1,0.0963157,0.130905
1,0.0963146,0.113829
1,0.0962811,0.139082
1,0.0960328,0.10614
1,0.0957697,0.103834
1,0.0948484,0.129946
1,0.0947283,0.115167
1,0.0947095,0.101956
1,0.0943483,0.10052
1,0.094065,0.119924
1,0.0939572,0.125725
1,0.0936448,0.0959019
1,0.0936312,0.109844
1,0.0929378,0.0988822
1,0.0928412,0.098768
1,0.0926353,0.106877
1,0.092536,0.111292
1,0.092531,0.116711
1,0.0917322,0.108583
1,0.091594,0.104447
1,0.0909587,0.0992118
1,0.0897809,0.0915478
1,0.0897421,0.0980069
1,0.0896803,0.0948962
1,0.0889348,0.104601
1,0.0881637,0.108303
1,0.087591,0.0883237
1,0.0871182,0.0987854
1,0.0870736,0.116739
1,0.0869865,0.101298
1,0.0868305,0.106881
1,0.086553,0.0922257
1,0.0863909,0.0866015
1,0.0860098,0.0875629
1,0.085518,0.086761
1,0.0849056,0.105948
1,0.0847009,0.0873827
1,0.0843627,0.0948871
1,0.084181,0.118396
1,0.0834814,0.0845869
1,0.0833832,0.0844969
1,0.0832785,0.103704
1,0.0831647,0.0900878
1,0.083054,0.0979008
1,0.0827326,0.102348
1,0.0824329,0.0939363
1,0.082415,0.102619
1,0.0819699,0.100805
1,0.0819423,0.111628
1,0.0815743,0.0983346
1,0.0815613,0.105878
1,0.0814637,0.111333
1,0.0809586,0.0865508
1,0.0809309,0.081357
1,0.0807404,0.0985319
1,0.0805983,0.0934796
1,0.0804251,0.101156
1,0.0801567,0.0958983
1,0.0792622,0.0833639
1,0.0790073,0.0812328
1,0.0788807,0.0834082
1,0.0788654,0.098135
1,0.078675,0.0788026
1,0.0780898,0.0796631
1,0.0779332,0.0784802
1,0.0777218,0.0793914
1,0.0776373,0.0797709
1,0.0775535,0.0802361
1,0.0772881,0.080224
1,0.0770352,0.0942015
1,0.0764323,0.0817538
1,0.0757979,0.0811543
1,0.0757751,0.0886514
1,0.0754359,0.0986991
1,0.0752692,0.084151
1,0.0750436,0.0898989
1,0.0748921,0.0908109
1,0.0747399,0.0865504
1,0.0742954,0.0883237
1,0.0740907,0.0757202
1,0.0733779,0.0767628
1,0.0730074,0.0759745
1,0.0729811,0.110611
1,0.072943,0.114693
1,0.072911,0.0842372
1,0.0729044,0.0802314
1,0.0726777,0.0789603
1,0.0720052,0.0831254
1,0.0718125,0.0733527
1,0.0717223,0.071932
1,0.0717203,0.100436
1,0.071469,0.07895
1,0.0713189,0.0758246
1,0.0711764,0.0724707
1,0.0706843,0.0761933
1,0.0703555,0.0713739
1,0.0689692,0.0754248
1,0.0688603,0.0782501
1,0.068655,0.0691837
1,0.0685003,0.0851715
1,0.06809,0.0762474
1,0.0675832,0.0803454
1,0.0674192,0.0712077
1,0.0672843,0.0717011
1,0.0671502,0.0874669
1,0.0668945,0.0849795
1,0.0666616,0.0746992
1,0.0666604,0.0703817
1,0.0665721,0.0875035
1,0.0664756,0.0707064
1,0.0653395,0.0896794
1,0.065218,0.0696298
1,0.0649733,0.0691749
1,0.0648601,0.0696808
1,0.0645554,0.0660145
1,0.0643688,0.0738936
1,0.0642741,0.0853692
1,0.0640963,0.0926916
1,0.0636973,0.0740515
1,0.063202,0.0772154
1,0.062687,0.0699631
1,0.0625798,0.063788
1,0.0624526,0.0645637
1,0.0623488,0.0775986
1,0.0622729,0.0694999
1,0.0622719,0.0805793
1,0.0620203,0.068236
1,0.0618118,0.0665
1,0.0617112,0.0719252
1,0.0616711,0.0865959
1,0.0616533,0.0648614
1,0.0615901,0.0906942
1,0.0610806,0.0654184
1,0.0608388,0.0877409
1,0.0606314,0.0695778
1,0.060504,0.0613071
1,0.0602901,0.0704812
1,0.0602142,0.0627711
1,0.0601724,0.0614655
1,0.0601662,0.0677401
1,0.0600004,0.0617549
1,0.0599323,0.0765313
1,0.059027,0.0741587
1,0.0589968,0.0665073
1,0.058754,0.0599929
1,0.0579444,0.0630559
1,0.0578105,0.0632532
1,0.0572608,0.064981
1,0.0572034,0.0967949
1,0.0571696,0.0599452
1,0.0569279,0.0631805
1,0.0562952,0.0589089
1,0.0561458,0.0659881
1,0.0561027,0.0649754
1,0.0560061,0.0620325
1,0.0558285,0.0669987
1,0.0556949,0.066404
1,0.0556444,0.0583477
1,0.0555552,0.0672329
1,0.0552085,0.0720697
1,0.054902,0.0588251
1,0.0548785,0.0629075
1,0.0538627,0.054061
1,0.0537366,0.0794841
1,0.053651,0.056809
1,0.0535547,0.0563854
1,0.0529953,0.0553247
1,0.0524725,0.0699691
1,0.0524477,0.0588979
1,0.0519266,0.0563453
1,0.0515119,0.0537012
1,0.0514357,0.0532657
1,0.0512988,0.080522
1,0.0501381,0.0548556
1,0.0494336,0.0536738
1,0.0492023,0.0543066
1,0.048887,0.0492628
1,0.0487267,0.0657398
1,0.0486115,0.0541873
1,0.0479749,0.0543845
1,0.0474456,0.0537377
1,0.0467704,0.052775
1,0.0459887,0.0461066
1,0.0453732,0.0619395
1,0.0450302,0.0524204
1,0.0399748,0.0415392
1,0.0395024,0.0574078
1,0.0392366,0.0434049
1,0.037911,0.0410464
1,0.037476,0.045326
1,0.0366275,0.0390916
1,0.035619,0.0421449
1,0.0352947,0.0359593
2,1.82283,1.84504
2,1.79852,1.92569
2,1.78853,1.81154
2,1.77168,2.02184
2,1.73197,1.80672
2,1.10086,1.18623
2,1.08118,1.10756
2,1.03654,1.04738
2,0.849085,0.918462
2,0.842042,0.845828
2,0.815257,0.834386
2,0.815257,0.831796
2,0.755574,0.756933
2,0.737909,0.738481
2,0.699438,0.739441
2,0.681114,0.686167
2,0.662219,0.720422
2,0.649894,0.679964
2,0.635341,0.661934
2,0.634439,0.658134
2,0.61892,0.632167
2,0.608273,0.619454
2,0.603117,0.618203
2,0.600936,0.643342
2,0.597428,0.712877
2,0.582195,0.625178
2,0.542919,0.543681
2,0.542919,0.582493
2,0.528832,0.531501
2,0.514678,0.516361
2,0.500575,0.51782
2,0.496732,0.503674
2,0.488582,0.529469
2,0.485327,0.49577
2,0.453396,0.462572
2,0.436233,0.438712
2,0.421066,0.432756
2,0.417983,0.429715
2,0.412275,0.439191
2,0.408188,0.409076
2,0.401033,0.409384
2,0.37037,0.40543
2,0.368993,0.380785
2,0.367929,0.427296
2,0.349718,0.351572
2,0.341777,0.341899
2,0.341558,0.364409
2,0.336248,0.343614
2,0.320152,0.328512
2,0.310402,0.315621
2,0.291587,0.301093
2,0.28392,0.284822
2,0.28073,0.28286
2,0.279247,0.288136
2,0.275373,0.289057
2,0.263642,0.296248
2,0.262549,0.26841
2,0.26137,0.285677
2,0.260993,0.262726
2,0.259885,0.280471
2,0.259829,0.262418
2,0.24659,0.258191
2,0.235438,0.261572
2,0.23276,0.236067
2,0.231828,0.251956
2,0.230015,0.23714
2,0.225219,0.23706
2,0.214746,0.219195
2,0.199056,0.202597
2,0.197122,0.211864
2,0.194754,0.201282
2,0.189912,0.190466
2,0.189069,0.205575
2,0.177753,0.202244
2,0.175539,0.187946
2,0.171511,0.177665
2,0.169835,0.181767
2,0.168315,0.168889
2,0.168152,0.168542
2,0.162453,0.17377
2,0.154795,0.161563
2,0.149868,0.155783
2,0.148308,0.151622
2,0.144009,0.146527
2,0.143125,0.146553
2,0.138843,0.140487
2,0.136674,0.14019
2,0.134699,0.140466
2,0.134308,0.141225
2,0.129344,0.129905
2,0.120572,0.129531
2,0.118926,0.124952
2,0.118598,0.127099
2,0.11625,0.118589
2,0.115434,0.123768
2,0.112975,0.113567
2,0.112855,0.117681
2,0.112411,0.114449
2,0.111688,0.129714
2,0.110296,0.12157
2,0.109145,0.125867
2,0.106427,0.112511
2,0.102976,0.106369
2,0.101523,0.105991
2,0.101341,0.10361
2,0.101139,0.107208
2,0.0939134,0.104048
2,0.0890865,0.0924685
2,0.0869925,0.0917806
2,0.0825188,0.0888678
2,0.080794,0.083563
2,0.078058,0.0784556
2,0.0752608,0.077884
2,0.0588093,0.0590407
