point cloud with 1151 points in dimension 3
0,0,0.0045985
0,0,0.00523651
0,0,0.00533532
0,0,0.0074467
0,0,0.00763939
0,0,0.00793826
0,0,0.00819978
0,0,0.00900314
0,0,0.00911291
0,0,0.00989759
0,0,0.0113115
0,0,0.0114738
0,0,0.0128793
0,0,0.0129036
0,0,0.0133301
0,0,0.0133519
0,0,0.0138954
0,0,0.0141244
0,0,0.0146509
0,0,0.0146661
0,0,0.0155422
0,0,0.0163198
0,0,0.0163643
0,0,0.0167551
0,0,0.0176131
0,0,0.0176482
0,0,0.0177825
0,0,0.0180837
0,0,0.0180983
0,0,0.0183379
0,0,0.0183928
0,0,0.0185987
0,0,0.0189116
0,0,0.0190656
0,0,0.0196092
0,0,0.0199091
0,0,0.0199837
0,0,0.0203378
0,0,0.0203848
0,0,0.0203917
0,0,0.0206113
0,0,0.0209284
0,0,0.0210443
0,0,0.0214364
0,0,0.0218189
0,0,0.021883
0,0,0.0225829
0,0,0.0229086
0,0,0.0229988
0,0,0.0230256
0,0,0.0232117
0,0,0.0241283
0,0,0.0243601
0,0,0.0245082
0,0,0.0247748
0,0,0.0249449
0,0,0.0250995
0,0,0.0251698
0,0,0.0255788
0,0,0.0256076
0,0,0.025629
0,0,0.0256308
0,0,0.0257505
0,0,0.0257629
0,0,0.0258049
0,0,0.0260249
0,0,0.0262171
0,0,0.026231
0,0,0.026286
0,0,0.0263607
0,0,0.026827
0,0,0.0268581
0,0,0.0268998
0,0,0.0271997
0,0,0.0272147
0,0,0.0272728
0,0,0.0272984
0,0,0.0273861
0,0,0.0277938
0,0,0.0280553
0,0,0.0282752
0,0,0.0283233
0,0,0.0284815
0,0,0.0286144
0,0,0.0288458
0,0,0.0291385
0,0,0.0291671
0,0,0.0292853
0,0,0.0293253
0,0,0.0295108
0,0,0.0296237
0,0,0.0298415
0,0,0.029925
0,0,0.0302455
0,0,0.030589
0,0,0.0310905
0,0,0.0311078
0,0,0.03132
0,0,0.0314911
0,0,0.0315395
0,0,0.0316978
0,0,0.0317676
0,0,0.0317951
0,0,0.0321553
0,0,0.0322022
0,0,0.0322531
0,0,0.0322614
0,0,0.032268
0,0,0.0324497
0,0,0.0324974
0,0,0.0326761
0,0,0.0326873
0,0,0.0329223
0,0,0.0331925
0,0,0.0333376
0,0,0.0335646
0,0,0.03375
0,0,0.0341477
0,0,0.0342687
0,0,0.0345686
0,0,0.0346959
0,0,0.0348188
0,0,0.0351269
0,0,0.0351874
0,0,0.0352388
0,0,0.0355107
0,0,0.0357934
0,0,0.0358274
0,0,0.0358383
0,0,0.0358385
0,0,0.0359124
0,0,0.0359504
0,0,0.0361263
0,0,0.0361617
0,0,0.0362132
0,0,0.0363828
0,0,0.0365257
0,0,0.036635
0,0,0.0367935
0,0,0.0368832
0,0,0.0371858
0,0,0.037556
0,0,0.0378763
0,0,0.0379419
0,0,0.037945
0,0,0.0387269
0,0,0.0389948
0,0,0.0391186
0,0,0.0392418
0,0,0.0394434
0,0,0.0396771
0,0,0.0397611
0,0,0.0398805
0,0,0.0400849
0,0,0.0402711
0,0,0.040358
0,0,0.0406271
0,0,0.0407009
0,0,0.0409768
0,0,0.0410073
0,0,0.0410302
0,0,0.0412064
0,0,0.0412316
0,0,0.0412657
0,0,0.0412998
0,0,0.0414841
0,0,0.041909
0,0,0.0420547
0,0,0.0422973
0,0,0.0424048
0,0,0.0424762
0,0,0.042663
0,0,0.0426706
0,0,0.0430197
0,0,0.0430281
0,0,0.0430556
0,0,0.0432303
0,0,0.0432727
0,0,0.0433074
0,0,0.0435578
0,0,0.0436877
0,0,0.0439146
0,0,0.0439389
0,0,0.0439826
0,0,0.044224
0,0,0.0447418
0,0,0.0448568
0,0,0.0450619
0,0,0.0451901
0,0,0.0452053
0,0,0.045215
0,0,0.0454277
0,0,0.0454801
0,0,0.0454834
0,0,0.0455194
0,0,0.0455263
0,0,0.0456403
0,0,0.0458227
0,0,0.0458793
0,0,0.0461099
0,0,0.0463841
0,0,0.046478
0,0,0.0465957
0,0,0.0469175
0,0,0.0471629
0,0,0.0474217
0,0,0.0474985
0,0,0.0476975
0,0,0.0477143
0,0,0.0479235
0,0,0.0481174
0,0,0.0482476
0,0,0.0483496
0,0,0.0486167
0,0,0.048665
0,0,0.0488226
0,0,0.0489184
0,0,0.0489442
0,0,0.049095
0,0,0.0491346
0,0,0.0492876
0,0,0.0494094
0,0,0.0494884
0,0,0.0495698
0,0,0.0498306
0,0,0.0503845
0,0,0.0520364
0,0,0.0521969
0,0,0.0528822
0,0,0.0529444
0,0,0.0532803
0,0,0.053537
0,0,0.0537746
0,0,0.0538678
0,0,0.0540585
0,0,0.0541096
0,0,0.0543704
0,0,0.0544015
0,0,0.055175
0,0,0.0552359
0,0,0.0553076
0,0,0.055492
0,0,0.0556458
0,0,0.0564164
0,0,0.0564636
0,0,0.0566105
0,0,0.0566927
0,0,0.0568112
0,0,0.0568972
0,0,0.0570472
0,0,0.0572306
0,0,0.0573195
0,0,0.0576127
0,0,0.0576586
0,0,0.0577447
0,0,0.0578927
0,0,0.0582202
0,0,0.0582669
0,0,0.0582911
0,0,0.0585043
0,0,0.0589016
0,0,0.0591098
0,0,0.0591361
0,0,0.0592611
0,0,0.0597823
0,0,0.0600963
0,0,0.0602532
0,0,0.0602833
0,0,0.0608132
0,0,0.0612125
0,0,0.0616469
0,0,0.0616909
0,0,0.0617813
0,0,0.0619069
0,0,0.0620756
0,0,0.062279
0,0,0.0626326
0,0,0.0631673
0,0,0.0632862
0,0,0.0636328
0,0,0.0636874
0,0,0.063695
0,0,0.0638433
0,0,0.0639396
0,0,0.0641714
0,0,0.064282
0,0,0.0643504
0,0,0.0643542
0,0,0.0644885
0,0,0.0646548
0,0,0.0646587
0,0,0.0647227
0,0,0.0649786
0,0,0.0649934
0,0,0.0650451
0,0,0.0652086
0,0,0.0652395
0,0,0.0654519
0,0,0.0655817
0,0,0.0659417
0,0,0.06636
0,0,0.0665606
0,0,0.0665908
0,0,0.0668637
0,0,0.0669526
0,0,0.0672277
0,0,0.0672667
0,0,0.0679815
0,0,0.0681627
0,0,0.0683115
0,0,0.0683267
0,0,0.0684068
0,0,0.0686313
0,0,0.0687129
0,0,0.0687453
0,0,0.0687977
0,0,0.0691874
0,0,0.0699241
0,0,0.0700263
0,0,0.0706985
0,0,0.0707986
0,0,0.0709946
0,0,0.0710758
0,0,0.0711543
0,0,0.0711584
0,0,0.0714483
0,0,0.0714961
0,0,0.0717123
0,0,0.0718147
0,0,0.0719923
0,0,0.0729354
0,0,0.0734437
0,0,0.0734613
0,0,0.0735485
0,0,0.0735769
0,0,0.0743755
0,0,0.0746868
0,0,0.074819
0,0,0.0748466
0,0,0.0754983
0,0,0.0759569
0,0,0.0762083
0,0,0.0762743
0,0,0.0763212
0,0,0.0765373
0,0,0.0766041
0,0,0.0769043
0,0,0.0769473
0,0,0.0773601
0,0,0.077603
0,0,0.0784299
0,0,0.078468
0,0,0.078643
0,0,0.0786738
0,0,0.0790567
0,0,0.0791343
0,0,0.0793926
0,0,0.0794478
0,0,0.0794715
0,0,0.0796685
0,0,0.0798712
0,0,0.0799622
0,0,0.0800318
0,0,0.0802207
0,0,0.0803905
0,0,0.080464
0,0,0.0805052
0,0,0.0805256
0,0,0.0806137
0,0,0.0806752
0,0,0.0812578
0,0,0.0813162
0,0,0.0823123
0,0,0.0823216
0,0,0.0826835
0,0,0.0827141
0,0,0.0827378
0,0,0.0828003
0,0,0.0828292
0,0,0.082894
0,0,0.0834743
0,0,0.0837867
0,0,0.083983
0,0,0.0840954
0,0,0.08411
0,0,0.0844558
0,0,0.0846692
0,0,0.0852135
0,0,0.085229
0,0,0.0853641
0,0,0.0853854
0,0,0.0854369
0,0,0.0861012
0,0,0.0866217
0,0,0.0868127
0,0,0.0869953
0,0,0.0872048
0,0,0.0878616
0,0,0.0879045
0,0,0.0880427
0,0,0.0881871
0,0,0.0882089
0,0,0.0884147
0,0,0.0885372
0,0,0.088993
0,0,0.0893439
0,0,0.0896077
0,0,0.0897623
0,0,0.0905996
0,0,0.0907853
0,0,0.0908751
0,0,0.0908762
0,0,0.0911311
0,0,0.091134
0,0,0.0912289
0,0,0.0914875
0,0,0.0917594
0,0,0.0922641
0,0,0.0924553
0,0,0.092698
0,0,0.093443
0,0,0.0935899
0,0,0.093799
0,0,0.0939954
0,0,0.0940273
0,0,0.0940822
0,0,0.0942652
0,0,0.094464
0,0,0.0944874
0,0,0.0948951
0,0,0.095292
0,0,0.0953271
0,0,0.0953568
0,0,0.0960743
0,0,0.096197
0,0,0.0968469
0,0,0.097804
0,0,0.0979352
0,0,0.0980374
0,0,0.0982439
0,0,0.0983276
0,0,0.0986167
0,0,0.0986448
0,0,0.0989112
0,0,0.0994863
0,0,0.0996828
0,0,0.0999051
0,0,0.0999283
0,0,0.0999396
0,0,0.100675
0,0,0.100731
0,0,0.10143
0,0,0.101645
0,0,0.101954
0,0,0.102506
0,0,0.102582
0,0,0.102672
0,0,0.10308
0,0,0.103126
0,0,0.103254
0,0,0.103472
0,0,0.10361
0,0,0.103931
0,0,0.103988
0,0,0.104182
0,0,0.104543
0,0,0.104808
0,0,0.105372
0,0,0.105439
0,0,0.106205
0,0,0.106347
0,0,0.106509
0,0,0.106717
0,0,0.106791
0,0,0.106792
0,0,0.106833
0,0,0.106881
0,0,0.106934
0,0,0.107399
0,0,0.107581
0,0,0.107601
0,0,0.108461
0,0,0.108553
0,0,0.108697
0,0,0.108809
0,0,0.109033
0,0,0.109187
0,0,0.109295
0,0,0.109307
0,0,0.109338
0,0,0.109541
0,0,0.109658
0,0,0.109755
0,0,0.109916
0,0,0.109991
0,0,0.109994
0,0,0.110066
0,0,0.110111
0,0,0.110257
0,0,0.110381
0,0,0.111479
0,0,0.111836
0,0,0.112119
0,0,0.112156
0,0,0.112426
0,0,0.112748
0,0,0.112799
0,0,0.112924
0,0,0.113234
0,0,0.113597
0,0,0.113725
0,0,0.113893
0,0,0.114094
0,0,0.114637
0,0,0.114643
0,0,0.114669
0,0,0.115052
0,0,0.115086
0,0,0.115226
0,0,0.115287
0,0,0.115638
0,0,0.115785
0,0,0.116056
0,0,0.116078
0,0,0.11771
0,0,0.117741
0,0,0.117878
0,0,0.117891
0,0,0.118191
0,0,0.118242
0,0,0.118679
0,0,0.118816
0,0,0.118871
0,0,0.119053
0,0,0.119187
0,0,0.119239
0,0,0.119442
0,0,0.119613
0,0,0.119797
0,0,0.119976
0,0,0.120215
0,0,0.120264
0,0,0.120277
0,0,0.12033
0,0,0.120581
0,0,0.120735
0,0,0.12089
0,0,0.120967
0,0,0.12133
0,0,0.121414
0,0,0.121436
0,0,0.121586
0,0,0.122154
0,0,0.122259
0,0,0.122591
0,0,0.122846
0,0,0.122914
0,0,0.122998
0,0,0.123066
0,0,0.123348
0,0,0.123452
0,0,0.123835
0,0,0.123881
0,0,0.123895
0,0,0.123936
0,0,0.124429
0,0,0.124737
0,0,0.125317
0,0,0.125452
0,0,0.12547
0,0,0.125732
0,0,0.126732
0,0,0.126842
0,0,0.127174
0,0,0.12769
0,0,0.127776
0,0,0.128225
0,0,0.128243
0,0,0.128537
0,0,0.129096
0,0,0.129269
0,0,0.129686
0,0,0.129709
0,0,0.129712
0,0,0.129729
0,0,0.130558
0,0,0.130752
0,0,0.13115
0,0,0.131247
0,0,0.132173
0,0,0.132394
0,0,0.132762
0,0,0.13296
0,0,0.133086
0,0,0.133303
0,0,0.133614
0,0,0.13372
0,0,0.133892
0,0,0.13429
0,0,0.134375
0,0,0.134741
0,0,0.134965
0,0,0.13542
0,0,0.13543
0,0,0.13551
0,0,0.135562
0,0,0.135848
0,0,0.135954
0,0,0.135981
0,0,0.136034
0,0,0.136042
0,0,0.13637
0,0,0.136535
0,0,0.136722
0,0,0.136834
0,0,0.13707
0,0,0.137105
0,0,0.137559
0,0,0.137807
0,0,0.137976
0,0,0.138216
0,0,0.138602
0,0,0.138767
0,0,0.139083
0,0,0.13953
0,0,0.139909
0,0,0.140116
0,0,0.140339
0,0,0.140799
0,0,0.141004
0,0,0.141728
0,0,0.142035
0,0,0.142263
0,0,0.142642
0,0,0.14272
0,0,0.142907
0,0,0.143189
0,0,0.14366
0,0,0.143876
0,0,0.144107
0,0,0.144284
0,0,0.145137
0,0,0.145299
0,0,0.14564
0,0,0.146892
0,0,0.14726
0,0,0.14736
0,0,0.147379
0,0,0.147661
0,0,0.147852
0,0,0.148127
0,0,0.148346
0,0,0.148421
0,0,0.148611
0,0,0.148641
0,0,0.148893
0,0,0.148927
0,0,0.148978
0,0,0.149059
0,0,0.14952
0,0,0.149623
0,0,0.149629
0,0,0.149701
0,0,0.150198
0,0,0.150393
0,0,0.150586
0,0,0.150643
0,0,0.15072
0,0,0.151114
0,0,0.151268
0,0,0.15128
0,0,0.151551
0,0,0.152241
0,0,0.15231
0,0,0.152771
0,0,0.152885
0,0,0.152987
0,0,0.153038
0,0,0.153288
0,0,0.153649
0,0,0.153959
0,0,0.153964
0,0,0.154259
0,0,0.154686
0,0,0.154857
0,0,0.155731
0,0,0.155844
0,0,0.156076
0,0,0.156223
0,0,0.156578
0,0,0.157013
0,0,0.157241
0,0,0.157407
0,0,0.157991
0,0,0.158093
0,0,0.158619
0,0,0.158786
0,0,0.158856
0,0,0.159146
0,0,0.159898
0,0,0.160259
0,0,0.160595
0,0,0.160658
0,0,0.161054
0,0,0.161596
0,0,0.161695
0,0,0.162861
0,0,0.163062
0,0,0.163197
0,0,0.163379
0,0,0.163427
0,0,0.164571
0,0,0.164615
0,0,0.165122
0,0,0.166108
0,0,0.166802
0,0,0.167024
0,0,0.167115
0,0,0.1677
0,0,0.167836
0,0,0.167965
0,0,0.168055
0,0,0.168359
0,0,0.168461
0,0,0.169205
0,0,0.169412
0,0,0.169518
0,0,0.169582
0,0,0.169692
0,0,0.169849
0,0,0.170047
0,0,0.170191
0,0,0.170426
0,0,0.170732
0,0,0.171029
0,0,0.171231
0,0,0.171282
0,0,0.17172
0,0,0.172031
0,0,0.172292
0,0,0.172313
0,0,0.172382
0,0,0.17281
0,0,0.174176
0,0,0.174613
0,0,0.175108
0,0,0.175261
0,0,0.175606
0,0,0.176093
0,0,0.176967
0,0,0.177003
0,0,0.177324
0,0,0.177392
0,0,0.177432
0,0,0.177545
0,0,0.177692
0,0,0.178287
0,0,0.178757
0,0,0.17882
0,0,0.179959
0,0,0.180314
0,0,0.180411
0,0,0.180485
0,0,0.180837
0,0,0.18156
0,0,0.182218
0,0,0.182299
0,0,0.182668
0,0,0.183191
0,0,0.183607
0,0,0.18392
0,0,0.184168
0,0,0.184705
0,0,0.185273
0,0,0.185446
0,0,0.186035
0,0,0.18621
0,0,0.18657
0,0,0.186926
0,0,0.187187
0,0,0.187868
0,0,0.188594
0,0,0.189225
0,0,0.189786
0,0,0.190207
0,0,0.190255
0,0,0.190987
0,0,0.191383
0,0,0.191655
0,0,0.192271
0,0,0.194096
0,0,0.194491
0,0,0.194583
0,0,0.195362
0,0,0.195731
0,0,0.197036
0,0,0.197665
0,0,0.197977
0,0,0.19805
0,0,0.198227
0,0,0.198897
0,0,0.198988
0,0,0.199587
0,0,0.201071
0,0,0.201261
0,0,0.201446
0,0,0.201474
0,0,0.201785
0,0,0.202458
0,0,0.20302
0,0,0.203148
0,0,0.203377
0,0,0.203563
0,0,0.203617
0,0,0.204455
0,0,0.20534
0,0,0.205507
0,0,0.206018
0,0,0.206055
0,0,0.207666
0,0,0.208035
0,0,0.209426
0,0,0.209519
0,0,0.209669
0,0,0.210027
0,0,0.210965
0,0,0.211712
0,0,0.212022
0,0,0.212413
0,0,0.212729
0,0,0.212779
0,0,0.212828
0,0,0.213005
0,0,0.213103
0,0,0.214188
0,0,0.214341
0,0,0.214762
0,0,0.215254
0,0,0.217367
0,0,0.21759
0,0,0.217868
0,0,0.217937
0,0,0.219784
0,0,0.22021
0,0,0.220592
0,0,0.220808
0,0,0.220866
0,0,0.220878
0,0,0.220941
0,0,0.222071
0,0,0.222897
0,0,0.223389
0,0,0.22441
0,0,0.224708
0,0,0.225085
0,0,0.226012
0,0,0.226183
0,0,0.226412
0,0,0.227354
0,0,0.227508
0,0,0.22808
0,0,0.228177
0,0,0.2287
0,0,0.228997
0,0,0.229597
0,0,0.229621
0,0,0.229918
0,0,0.231091
0,0,0.231331
0,0,0.231963
0,0,0.232352
0,0,0.233386
0,0,0.23386
0,0,0.234197
0,0,0.235195
0,0,0.23548
0,0,0.236005
0,0,0.238873
0,0,0.239683
0,0,0.240071
0,0,0.240715
0,0,0.24092
0,0,0.241092
0,0,0.241331
0,0,0.241415
0,0,0.242127
0,0,0.242531
0,0,0.244997
0,0,0.245808
0,0,0.246992
0,0,0.247049
0,0,0.248015
0,0,0.249054
0,0,0.249251
0,0,0.249417
0,0,0.249475
0,0,0.251625
0,0,0.252374
0,0,0.252511
0,0,0.253186
0,0,0.253636
0,0,0.253992
0,0,0.255041
0,0,0.255212
0,0,0.256138
0,0,0.256485
0,0,0.256675
0,0,0.257695
0,0,0.258304
0,0,0.258376
0,0,0.258476
0,0,0.258667
0,0,0.258787
0,0,0.25958
0,0,0.260089
0,0,0.260813
0,0,0.260969
0,0,0.260986
0,0,0.261015
0,0,0.261208
0,0,0.261587
0,0,0.262498
0,0,0.26271
0,0,0.263026
0,0,0.263517
0,0,0.263559
0,0,0.263643
0,0,0.263925
0,0,0.264372
0,0,0.264451
0,0,0.265081
0,0,0.265121
0,0,0.266349
0,0,0.268608
0,0,0.268753
0,0,0.269382
0,0,0.269485
0,0,0.269842
0,0,0.270493
0,0,0.270802
0,0,0.270899
0,0,0.27133
0,0,0.273619
0,0,0.274223
0,0,0.274523
0,0,0.274544
0,0,0.274995
0,0,0.275685
0,0,0.276249
0,0,0.27653
0,0,0.278176
0,0,0.278675
0,0,0.280431
0,0,0.280861
0,0,0.280878
0,0,0.281146
0,0,0.281279
0,0,0.281583
0,0,0.281748
0,0,0.282303
0,0,0.282654
0,0,0.284266
0,0,0.284513
0,0,0.284556
0,0,0.286426
0,0,0.287473
0,0,0.288638
0,0,0.289207
0,0,0.28985
0,0,0.290277
0,0,0.290352
0,0,0.290759
0,0,0.29101
0,0,0.29107
0,0,0.29176
0,0,0.292368
0,0,0.292403
0,0,0.293315
0,0,0.293589
0,0,0.293808
0,0,0.29426
0,0,0.294953
0,0,0.295434
0,0,0.296035
0,0,0.296528
0,0,0.296662
0,0,0.296672
0,0,0.29685
0,0,0.297023
0,0,0.297304
0,0,0.29836
0,0,0.298386
0,0,0.299021
0,0,0.299038
0,0,0.300224
0,0,0.300225
0,0,0.300535
0,0,0.300678
0,0,0.302021
0,0,0.302374
0,0,0.30259
0,0,0.303314
0,0,0.303657
0,0,0.306706
0,0,0.30752
0,0,0.30873
0,0,0.309575
0,0,0.311286
0,0,0.311909
0,0,0.312892
0,0,0.314454
0,0,0.316261
0,0,0.316278
0,0,0.316637
0,0,0.317276
0,0,0.318032
0,0,0.318527
0,0,0.319326
0,0,0.319628
0,0,0.322291
0,0,0.32232
0,0,0.322366
0,0,0.322371
0,0,0.323801
0,0,0.323904
0,0,0.324013
0,0,0.32403
0,0,0.327218
0,0,0.327743
0,0,0.330081
0,0,0.332574
0,0,0.332678
0,0,0.33465
0,0,0.334707
0,0,0.335223
0,0,0.335233
0,0,0.336818
0,0,0.338794
0,0,0.34264
0,0,0.346323
0,0,0.34695
0,0,0.349083
0,0,0.351107
0,0,0.351499
0,0,0.352671
0,0,0.352687
0,0,0.352845
0,0,0.355886
0,0,0.35595
0,0,0.356088
0,0,0.357431
0,0,0.357639
0,0,0.358802
0,0,0.359165
0,0,0.360104
0,0,0.360195
0,0,0.360442
0,0,0.36166
0,0,0.36398
0,0,0.365911
0,0,0.367069
0,0,0.368663
0,0,0.36889
0,0,0.3725
0,0,0.375314
0,0,0.375419
0,0,0.376356
0,0,0.376734
0,0,0.378496
0,0,0.379126
0,0,0.380132
0,0,0.380398
0,0,0.381241
0,0,0.384578
0,0,0.387578
0,0,0.388705
0,0,0.391272
0,0,0.394357
0,0,0.395087
0,0,0.398243
0,0,0.403468
0,0,0.405711
0,0,0.405941
0,0,0.406901
0,0,0.40841
0,0,0.408919
0,0,0.415481
0,0,0.416289
0,0,0.417159
0,0,0.425327
0,0,0.425746
0,0,0.42816
0,0,0.428717
0,0,0.429458
0,0,0.430085
0,0,0.432543
0,0,0.435804
0,0,0.435845
0,0,0.440007
0,0,0.444537
0,0,0.447073
0,0,0.454196
0,0,0.456939
0,0,0.458315
0,0,0.459826
0,0,0.464718
0,0,0.467349
0,0,0.468421
0,0,0.475465
0,0,0.488001
0,0,0.488291
0,0,0.491356
0,0,0.499368
0,0,0.500277
0,0,0.50537
0,0,0.509251
0,0,0.515215
0,0,0.516377
0,0,0.521712
0,0,0.52633
0,0,0.531235
0,0,0.532574
0,0,0.536046
0,0,0.561491
0,0,0.565202
0,0,0.566376
0,0,0.567352
0,0,0.567405
0,0,0.581683
0,0,0.588786
0,0,0.590537
0,0,0.597522
0,0,0.607527
0,0,0.611283
0,0,0.625948
0,0,0.670206
0,0,0.676955
0,0,0.687504
0,0,0.701869
0,0,0.70256
0,0,0.706167
0,0,0.719535
0,0,0.735926
0,0,0.799009
0,0,0.806729
0,0,0.820588
0,0,0.855064
0,0,1.01737
0,0,1.482
0,0,1.59622
0,0,3
1,1.6353,1.70058
1,1.52107,1.67857
1,1.46876,1.65464
1,1.46448,1.46554
1,1.33088,1.33964
1,1.1272,1.2848
1,1.04372,1.05331
1,0.994132,1.17963
1,0.992081,1.38505
1,0.923829,1.04395
1,0.920307,1.09511
1,0.910837,0.940792
1,0.900067,1.19863
1,0.890912,0.988822
1,0.868515,1.11849
1,0.831415,1.0434
1,0.817229,1.15155
1,0.802182,0.811178
1,0.801922,0.842907
1,0.792568,0.804741
1,0.788954,0.798825
1,0.771306,0.781549
1,0.763984,0.823888
1,0.748386,1.13888
1,0.746404,0.872656
1,0.72922,0.841382
1,0.722915,0.794954
1,0.721641,0.737422
1,0.703103,0.783575
1,0.65752,0.722004
1,0.652143,0.676389
1,0.651259,0.787055
1,0.644962,1.1382
1,0.642514,0.643018
1,0.629833,1.08073
1,0.621367,0.637892
1,0.621255,0.671068
1,0.598601,0.640109
1,0.594495,0.680683
1,0.586551,0.670909
1,0.579288,0.843819
1,0.564354,0.572823
1,0.549567,0.768437
1,0.543475,0.629854
1,0.543,0.622982
1,0.533586,0.655295
1,0.533578,0.546633
1,0.530802,0.534346
1,0.530638,0.56357
1,0.529256,0.75408
1,0.527055,0.53033
1,0.521969,0.532873
1,0.520796,0.685032
1,0.520124,0.524815
1,0.51969,0.533141
1,0.501028,0.582752
1,0.500168,0.797791
1,0.496891,0.53909
1,0.495645,0.552959
1,0.486365,0.545977
1,0.483803,0.595842
1,0.482025,0.577345
1,0.47569,0.498387
1,0.475442,0.646531
1,0.474997,0.479162
1,0.474679,0.50618
1,0.471832,0.769558
1,0.468617,0.490104
1,0.466439,0.475176
1,0.462749,0.485394
1,0.458412,0.552713
1,0.454217,0.688551
1,0.446397,0.473319
1,0.439742,0.448625
1,0.437992,0.445925
1,0.436189,0.534678
1,0.435808,0.437185
1,0.434413,0.464314
1,0.433814,0.444404
1,0.433377,0.477138
1,0.427761,0.606776
1,0.427742,0.442625
1,0.418167,0.458507
1,0.41706,0.490621
1,0.416658,0.447514
1,0.416517,0.474398
1,0.412107,0.445722
1,0.401249,0.717782
1,0.400298,0.473369
1,0.39683,0.409918
1,0.396029,0.429757
1,0.395758,0.61136
1,0.395291,0.411301
1,0.390414,0.46932
1,0.387537,0.436308
1,0.386517,0.511992
1,0.386281,0.39093
1,0.384117,0.524803
1,0.383018,0.384979
1,0.382525,0.416851
1,0.381616,0.439568
1,0.381491,0.647206
1,0.381278,0.661235
1,0.380605,0.392216
1,0.380068,0.425816
1,0.379018,0.447868
1,0.378354,0.412663
1,0.377346,0.530268
1,0.376274,0.395526
1,0.375207,0.43026
1,0.374475,0.514778
1,0.369504,0.443575
1,0.367975,0.525955
1,0.367521,0.39008
1,0.363564,0.389955
1,0.361856,0.429634
1,0.353231,0.435702
1,0.351818,0.368984
1,0.34589,0.380628
1,0.345695,0.478403
1,0.344036,0.352088
1,0.341297,0.405339
1,0.34056,0.353653
1,0.335177,0.391349
1,0.334065,0.340303
1,0.330318,0.351389
1,0.32896,0.453936
1,0.32868,0.350567
1,0.326079,0.438055
1,0.320151,0.462507
1,0.319203,0.327741
1,0.318435,0.398269
1,0.318225,0.321788
1,0.318053,0.34436
1,0.317965,0.471697
1,0.316589,0.502322
1,0.315397,0.31867
1,0.311712,0.314163
1,0.311271,0.318813
1,0.310629,0.582896
1,0.302983,0.314909
1,0.30059,0.31136
1,0.298139,0.359517
1,0.297183,0.449476
1,0.295877,0.352964
1,0.29555,0.356736
1,0.294318,0.32306
1,0.294316,0.362166
1,0.291887,0.371459
1,0.291665,0.32205
1,0.284273,0.349695
1,0.284123,0.355504
1,0.283494,0.355925
1,0.282042,0.304026
1,0.281803,0.330862
1,0.27902,0.287355
1,0.279003,0.29996
1,0.274912,0.28966
1,0.27487,0.287806
1,0.273265,0.346282
1,0.272262,0.272582
1,0.272179,0.335916
1,0.268163,0.281272
1,0.263465,0.284824
1,0.262347,0.308589
1,0.260837,0.278219
1,0.260795,0.332276
1,0.260247,0.285387
1,0.258292,0.264963
1,0.256619,0.37217
1,0.252012,0.271027
1,0.249147,0.29483
1,0.246615,0.255236
1,0.246376,0.319645
1,0.244418,0.259145
1,0.242438,0.254
1,0.241783,0.244953
1,0.241089,0.277307
1,0.239367,0.278328
1,0.238866,0.307497
1,0.238037,0.318788
1,0.23759,0.245627
1,0.236788,0.2859
1,0.235445,0.30951
1,0.235291,0.293858
1,0.233585,0.253674
1,0.232959,0.246874
1,0.231973,0.235504
1,0.230505,0.234452
1,0.230196,0.23296
1,0.230108,0.278645
1,0.226477,0.23179
1,0.224527,0.254827
1,0.220863,0.287372
1,0.218057,0.22329
1,0.213973,0.222647
1,0.213575,0.238703
1,0.213272,0.217275
1,0.21264,0.232371
1,0.210223,0.218979
1,0.209088,0.243941
1,0.206427,0.234702
1,0.205093,0.220296
1,0.203439,0.206906
1,0.203346,0.206626
1,0.202114,0.231642
1,0.201814,0.208261
1,0.20163,0.226435
1,0.200792,0.202784
1,0.200561,0.202032
1,0.199277,0.202199
1,0.196378,0.2603
1,0.195896,0.202836
1,0.194987,0.242464
1,0.193471,0.22888
1,0.193296,0.196756
1,0.19278,0.210254
1,0.190923,0.231824
1,0.187873,0.216282
1,0.182956,0.286431
1,0.182936,0.207755
1,0.182403,0.214804
1,0.180754,0.182269
1,0.179897,0.212736
1,0.179682,0.217256
1,0.176369,0.202904
1,0.171583,0.210378
1,0.171516,0.222442
1,0.171286,0.202477
1,0.170362,0.174224
1,0.166861,0.171052
1,0.16579,0.171096
1,0.16179,0.172244
1,0.161337,0.191814
1,0.160738,0.186336
1,0.160466,0.161845
1,0.159265,0.166861
1,0.157958,0.168234
1,0.157608,0.165739
1,0.15752,0.171396
1,0.157342,0.159732
1,0.156905,0.23391
1,0.15599,0.190518
1,0.15546,0.182616
1,0.153852,0.155769
1,0.152831,0.205474
1,0.152635,0.161322
1,0.151693,0.1538
1,0.151004,0.157389
1,0.150749,0.165259
1,0.150692,0.154155
1,0.150328,0.163808
1,0.149301,0.166184
1,0.14901,0.160177
1,0.148989,0.154101
1,0.148537,0.152735
1,0.146903,0.17528
1,0.146897,0.152892
1,0.145858,0.182851
1,0.144851,0.151039
1,0.142157,0.162278
1,0.141947,0.145216
1,0.140239,0.150779
1,0.13953,0.176762
1,0.139493,0.142168
1,0.138651,0.170656
1,0.138244,0.160292
1,0.137488,0.156638
1,0.136469,0.186604
1,0.13591,0.142307
1,0.135346,0.196546
1,0.132518,0.138936
1,0.131152,0.134485
1,0.131088,0.157188
1,0.12827,0.18689
1,0.127181,0.158043
1,0.126111,0.133646
1,0.125731,0.129803
1,0.125138,0.132147
1,0.124887,0.139007
1,0.116811,0.122535
1,0.115708,0.122936
1,0.11557,0.118928
1,0.112592,0.113387
1,0.111963,0.120858
1,0.111694,0.114171
1,0.111386,0.11362
1,0.110234,0.128095
1,0.106231,0.165627
1,0.105553,0.119609
1,0.105101,0.123897
1,0.104819,0.118305
1,0.102667,0.138997
1,0.0979102,0.108065
1,0.0969106,0.0979138
1,0.0965622,0.0970085
1,0.0958246,0.101892
1,0.094653,0.130995
1,0.0944847,0.110314
1,0.0938578,0.108132
1,0.0933862,0.0961882
1,0.0919262,0.108222
1,0.0899346,0.109068
1,0.0896649,0.10461
1,0.0893744,0.101369
1,0.085924,0.0911739
1,0.0829362,0.0900422
1,0.0828709,0.100015
1,0.0825266,0.116445
1,0.0820155,0.0943992
1,0.080656,0.0885243
1,0.0788912,0.094485
1,0.0788342,0.107942
1,0.0769329,0.0807159
1,0.0764176,0.0925565
1,0.0748518,0.0837804
1,0.0744077,0.0943342
1,0.0741598,0.0925565
1,0.0741394,0.0915746
1,0.0727984,0.0764063
1,0.0712339,0.0834293
1,0.0707986,0.0711707
1,0.0703304,0.0713436
1,0.0698605,0.072311
1,0.0686449,0.0808395
1,0.0673547,0.0736623
1,0.0671021,0.0732579
1,0.066061,0.0666806
1,0.0645957,0.0770521
1,0.0644462,0.0724111
1,0.0633716,0.0692124
1,0.0629584,0.0666245
1,0.0616281,0.0780636
1,0.0583317,0.073292
1,0.0569698,0.0626049
1,0.0557235,0.0600916
1,0.0535204,0.0582415
1,0.0529669,0.0572067
1,0.0518073,0.0537094
1,0.0506349,0.059578
1,0.049371,0.0587074
1,0.0472226,0.051366
1,0.0470155,0.0526887
1,0.0469901,0.0640726
1,0.0447435,0.0558012
1,0.040019,0.0499992
1,0.0373432,0.0394696
1,0.0293204,0.0313316
2,2.0358,2.09054
2,1.95548,1.96594
2,1.57057,1.6148
2,1.23384,1.27715
2,1.21616,1.25151
2,0.978691,0.986259
2,0.886986,0.890583
2,0.787893,0.824608
2,0.756823,0.757193
2,0.617384,0.644704
2,0.61108,0.631197
2,0.507865,0.532117
2,0.50239,0.508012
2,0.472636,0.492975
2,0.462152,0.480266
2,0.447934,0.458407
2,0.356452,0.367873
2,0.322738,0.358689
2,0.283076,0.296726
2,0.268404,0.273222
2,0.229715,0.234355
2,0.19663,0.198153
2,0.192297,0.193225
2,0.189665,0.216366
2,0.179617,0.181975
2,0.111402,0.114988
2,0.106485,0.112931
2,0.105064,0.112039
2,0.0993721,0.10828
2,0.0945979,0.100676
2,0.0918632,0.096604
2,0.0831527,0.0890114
2,0.0732967,0.075934
