point cloud with 1578 points in dimension 3
0,0,0.00301992
0,0,0.00357007
0,0,0.00626039
0,0,0.00671478
0,0,0.00766384
0,0,0.00769856
0,0,0.00778712
0,0,0.00780909
0,0,0.00827207
0,0,0.00839883
0,0,0.00901301
0,0,0.00978578
0,0,0.0102025
0,0,0.0102512
0,0,0.010407
0,0,0.0104609
0,0,0.0105827
0,0,0.0108669
0,0,0.0108832
0,0,0.011951
0,0,0.0121553
0,0,0.0123558
0,0,0.0131722
0,0,0.0131907
0,0,0.0135083
0,0,0.0135114
0,0,0.0136846
0,0,0.0136907
0,0,0.013887
0,0,0.0139187
0,0,0.0140517
0,0,0.0141352
0,0,0.0141449
0,0,0.0142332
0,0,0.0147472
0,0,0.0150119
0,0,0.0152476
0,0,0.0157098
0,0,0.0157337
0,0,0.0157999
0,0,0.0160774
0,0,0.0161155
0,0,0.0161155
0,0,0.016226
0,0,0.0166036
0,0,0.0166912
0,0,0.0169295
0,0,0.0169933
0,0,0.0171832
0,0,0.0172529
0,0,0.0177546
0,0,0.0181275
0,0,0.0184666
0,0,0.0185709
0,0,0.0189162
0,0,0.0190498
0,0,0.0195013
0,0,0.0195931
0,0,0.0197637
0,0,0.0199142
0,0,0.0200967
0,0,0.0201712
0,0,0.0203006
0,0,0.0203421
0,0,0.0204814
0,0,0.0205142
0,0,0.0205355
0,0,0.020579
0,0,0.0207026
0,0,0.0208336
0,0,0.0209139
0,0,0.0209941
0,0,0.0210285
0,0,0.0212519
0,0,0.0213197
0,0,0.0217667
0,0,0.0218835
0,0,0.0220143
0,0,0.0221837
0,0,0.022247
0,0,0.0223598
0,0,0.0224286
0,0,0.0224364
0,0,0.0225588
0,0,0.0225693
0,0,0.022639
0,0,0.0227054
0,0,0.0230194
0,0,0.023115
0,0,0.0231709
0,0,0.023201
0,0,0.0233942
0,0,0.0234967
0,0,0.0236271
0,0,0.0237361
0,0,0.0237706
0,0,0.0239455
0,0,0.0242644
0,0,0.0242878
0,0,0.0246838
0,0,0.0248121
0,0,0.0248913
0,0,0.0249103
0,0,0.0249715
0,0,0.0251179
0,0,0.0252355
0,0,0.0252471
0,0,0.0254233
0,0,0.0254565
0,0,0.0257677
0,0,0.0257795
0,0,0.0258329
0,0,0.0258461
0,0,0.0259807
0,0,0.0260734
0,0,0.0262771
0,0,0.0263065
0,0,0.0264637
0,0,0.0264801
0,0,0.0265728
0,0,0.0265938
0,0,0.0266119
0,0,0.0269583
0,0,0.0270814
0,0,0.0272639
0,0,0.0274346
0,0,0.0277767
0,0,0.0278132
0,0,0.0279134
0,0,0.0282074
0,0,0.0284655
0,0,0.0285928
0,0,0.0288338
0,0,0.0288627
0,0,0.028912
0,0,0.0289448
0,0,0.0289716
0,0,0.0290435
0,0,0.0291399
0,0,0.0293921
0,0,0.0295306
0,0,0.0297059
0,0,0.0297358
0,0,0.0299
0,0,0.0303052
0,0,0.0303199
0,0,0.0303654
0,0,0.0304968
0,0,0.0305204
0,0,0.0305581
0,0,0.0307388
0,0,0.0312316
0,0,0.0314633
0,0,0.0316476
0,0,0.0318124
0,0,0.032004
0,0,0.0320684
0,0,0.0322032
0,0,0.0322762
0,0,0.0322763
0,0,0.0323635
0,0,0.032458
0,0,0.0324963
0,0,0.0325772
0,0,0.0325833
0,0,0.0326167
0,0,0.0327407
0,0,0.033083
0,0,0.033144
0,0,0.0331463
0,0,0.033158
0,0,0.0332291
0,0,0.0334012
0,0,0.0335019
0,0,0.0335066
0,0,0.0335141
0,0,0.033586
0,0,0.0336349
0,0,0.0338198
0,0,0.0340264
0,0,0.0342037
0,0,0.0342324
0,0,0.0342721
0,0,0.034405
0,0,0.0344784
0,0,0.0345423
0,0,0.0345929
0,0,0.034608
0,0,0.0346309
0,0,0.0347123
0,0,0.0347989
0,0,0.0348712
0,0,0.0349237
0,0,0.0350119
0,0,0.0350137
0,0,0.0350886
0,0,0.0350894
0,0,0.0350949
0,0,0.0352789
0,0,0.0355211
0,0,0.0355429
0,0,0.0356293
0,0,0.0356544
0,0,0.0358474
0,0,0.0358477
0,0,0.0363173
0,0,0.0363244
0,0,0.0363806
0,0,0.0365085
0,0,0.036572
0,0,0.0365933
0,0,0.0366536
0,0,0.0367075
0,0,0.0367218
0,0,0.0368049
0,0,0.0369005
0,0,0.0369086
0,0,0.0371287
0,0,0.0372054
0,0,0.0372554
0,0,0.0373909
0,0,0.0374731
0,0,0.0377336
0,0,0.0377619
0,0,0.0377857
0,0,0.0379132
0,0,0.0379358
0,0,0.0379686
0,0,0.038169
0,0,0.0382678
0,0,0.0382752
0,0,0.0383451
0,0,0.0384786
0,0,0.0384881
0,0,0.0390907
0,0,0.039104
0,0,0.0391973
0,0,0.0396242
0,0,0.0396468
0,0,0.0397207
0,0,0.039759
0,0,0.040061
0,0,0.0401138
0,0,0.0401439
0,0,0.0401873
0,0,0.040231
0,0,0.0402889
0,0,0.0403138
0,0,0.0406354
0,0,0.0407336
0,0,0.0407777
0,0,0.0407799
0,0,0.0408934
0,0,0.041439
0,0,0.0414622
0,0,0.0415151
0,0,0.0415889
0,0,0.0417884
0,0,0.0420077
0,0,0.0422219
0,0,0.0422829
0,0,0.0424376
0,0,0.0424882
0,0,0.0426524
0,0,0.0427904
0,0,0.0428855
0,0,0.042924
0,0,0.0430597
0,0,0.0431828
0,0,0.0432812
0,0,0.0433741
0,0,0.0434307
0,0,0.0435759
0,0,0.0435794
0,0,0.0438892
0,0,0.0439652
0,0,0.0441567
0,0,0.0442445
0,0,0.0442474
0,0,0.0442483
0,0,0.044315
0,0,0.0443877
0,0,0.0444728
0,0,0.0444884
0,0,0.0444981
0,0,0.0445528
0,0,0.0445948
0,0,0.0446042
0,0,0.0447319
0,0,0.0448196
0,0,0.0448419
0,0,0.0448943
0,0,0.0452195
0,0,0.0453616
0,0,0.0455379
0,0,0.0455867
0,0,0.0456485
0,0,0.0458249
0,0,0.045849
0,0,0.0460413
0,0,0.0462339
0,0,0.046282
0,0,0.0464005
0,0,0.0465073
0,0,0.046614
0,0,0.0466285
0,0,0.0466607
0,0,0.0468613
0,0,0.0470736
0,0,0.0470966
0,0,0.0471183
0,0,0.0471372
0,0,0.0479401
0,0,0.0479428
0,0,0.047975
0,0,0.0480959
0,0,0.0481633
0,0,0.0482637
0,0,0.0482687
0,0,0.0483677
0,0,0.0484572
0,0,0.0484946
0,0,0.0485008
0,0,0.0485253
0,0,0.0485687
0,0,0.0488982
0,0,0.0490191
0,0,0.0490941
0,0,0.0491793
0,0,0.0493577
0,0,0.0494207
0,0,0.049613
0,0,0.0496193
0,0,0.0496853
0,0,0.049801
0,0,0.0498448
0,0,0.0498934
0,0,0.0500795
0,0,0.050178
0,0,0.0502533
0,0,0.0503035
0,0,0.0503904
0,0,0.0504928
0,0,0.0505328
0,0,0.0505391
0,0,0.0510878
0,0,0.0511278
0,0,0.0513167
0,0,0.0514169
0,0,0.0515365
0,0,0.0515417
0,0,0.0516932
0,0,0.0517291
0,0,0.0517562
0,0,0.0518096
0,0,0.0518266
0,0,0.0518549
0,0,0.0525833
0,0,0.0527768
0,0,0.0527918
0,0,0.0528402
0,0,0.0529199
0,0,0.0532112
0,0,0.053284
0,0,0.0533176
0,0,0.0534695
0,0,0.0537497
0,0,0.0538065
0,0,0.0539936
0,0,0.0540528
0,0,0.0541114
0,0,0.0541631
0,0,0.0544427
0,0,0.054577
0,0,0.0546595
0,0,0.0546709
0,0,0.054873
0,0,0.055034
0,0,0.0551482
0,0,0.055151
0,0,0.0552337
0,0,0.0552361
0,0,0.0553695
0,0,0.0554009
0,0,0.0554164
0,0,0.055486
0,0,0.0557997
0,0,0.0558092
0,0,0.0558265
0,0,0.0560538
0,0,0.0561604
0,0,0.0562006
0,0,0.0562219
0,0,0.0562808
0,0,0.05639
0,0,0.0564655
0,0,0.0565335
0,0,0.0565716
0,0,0.0566486
0,0,0.0568525
0,0,0.0569331
0,0,0.0571867
0,0,0.0572667
0,0,0.0573726
0,0,0.0574383
0,0,0.0574976
0,0,0.0575133
0,0,0.0575438
0,0,0.0575877
0,0,0.0577183
0,0,0.0579407
0,0,0.0580699
0,0,0.0581178
0,0,0.058244
0,0,0.0583756
0,0,0.058406
0,0,0.0584107
0,0,0.0584694
0,0,0.0586067
0,0,0.0586454
0,0,0.0587271
0,0,0.0587337
0,0,0.0588088
0,0,0.0589106
0,0,0.0589909
0,0,0.0590345
0,0,0.0590974
0,0,0.0591077
0,0,0.0591603
0,0,0.0592559
0,0,0.0593102
0,0,0.0593275
0,0,0.0595788
0,0,0.0596203
0,0,0.0597717
0,0,0.0600208
0,0,0.0602449
0,0,0.0602919
0,0,0.0604863
0,0,0.0605212
0,0,0.0607027
0,0,0.0607311
0,0,0.0608033
0,0,0.0608891
0,0,0.0609924
0,0,0.061051
0,0,0.0611
0,0,0.0611345
0,0,0.061394
0,0,0.0614722
0,0,0.0615452
0,0,0.0617236
0,0,0.0621413
0,0,0.062486
0,0,0.0625209
0,0,0.0625896
0,0,0.0625952
0,0,0.0626458
0,0,0.0630458
0,0,0.0634869
0,0,0.0635918
0,0,0.0637032
0,0,0.0638639
0,0,0.0639135
0,0,0.0639321
0,0,0.0639693
0,0,0.0639841
0,0,0.0640399
0,0,0.0640795
0,0,0.0641834
0,0,0.0642118
0,0,0.0644597
0,0,0.0645126
0,0,0.0648222
0,0,0.0648702
0,0,0.0648958
0,0,0.0650058
0,0,0.0650865
0,0,0.0653174
0,0,0.0653849
0,0,0.0654244
0,0,0.0654505
0,0,0.0655553
0,0,0.0657075
0,0,0.0657623
0,0,0.0658912
0,0,0.0659722
0,0,0.0661465
0,0,0.0664651
0,0,0.0666912
0,0,0.0668039
0,0,0.0668847
0,0,0.066894
0,0,0.0673753
0,0,0.0676012
0,0,0.0678575
0,0,0.0679995
0,0,0.0681076
0,0,0.0683912
0,0,0.0684612
0,0,0.0684885
0,0,0.0684941
0,0,0.0686681
0,0,0.0687479
0,0,0.0692749
0,0,0.0693365
0,0,0.0694403
0,0,0.0694601
0,0,0.0694688
0,0,0.0698206
0,0,0.06984
0,0,0.0699101
0,0,0.0702364
0,0,0.0702765
0,0,0.0702898
0,0,0.0703646
0,0,0.0704586
0,0,0.0705936
0,0,0.0706499
0,0,0.0707049
0,0,0.0709784
0,0,0.0710747
0,0,0.0710799
0,0,0.0713509
0,0,0.0713656
0,0,0.071394
0,0,0.0714241
0,0,0.0715585
0,0,0.0716528
0,0,0.0717568
0,0,0.0719273
0,0,0.072106
0,0,0.0725828
0,0,0.0725992
0,0,0.0727525
0,0,0.0728645
0,0,0.0730194
0,0,0.07306
0,0,0.0734742
0,0,0.0734887
0,0,0.0737883
0,0,0.0739939
0,0,0.0741538
0,0,0.0742337
0,0,0.0742363
0,0,0.0742856
0,0,0.0744779
0,0,0.0745062
0,0,0.0745242
0,0,0.0748206
0,0,0.0748251
0,0,0.0749307
0,0,0.0751665
0,0,0.0752409
0,0,0.0752469
0,0,0.0752473
0,0,0.0752588
0,0,0.0752876
0,0,0.0752954
0,0,0.0753231
0,0,0.0753508
0,0,0.0753616
0,0,0.0754208
0,0,0.0754452
0,0,0.0754839
0,0,0.0755399
0,0,0.0755882
0,0,0.0756122
0,0,0.0758907
0,0,0.0759022
0,0,0.0759791
0,0,0.0760208
0,0,0.0760332
0,0,0.0760456
0,0,0.0760905
0,0,0.0762965
0,0,0.0763371
0,0,0.0764379
0,0,0.0765572
0,0,0.0766085
0,0,0.0766107
0,0,0.0767556
0,0,0.0767601
0,0,0.0769131
0,0,0.0769208
0,0,0.0770001
0,0,0.0770039
0,0,0.0771628
0,0,0.0772635
0,0,0.0774232
0,0,0.0776086
0,0,0.0776609
0,0,0.0778325
0,0,0.0779382
0,0,0.0782061
0,0,0.078503
0,0,0.0785193
0,0,0.0787821
0,0,0.0793179
0,0,0.0795047
0,0,0.0797101
0,0,0.0800041
0,0,0.0801646
0,0,0.080165
0,0,0.0807406
0,0,0.0808459
0,0,0.0813275
0,0,0.0815385
0,0,0.0816165
0,0,0.0819182
0,0,0.0819683
0,0,0.0819819
0,0,0.0819917
0,0,0.082582
0,0,0.0826647
0,0,0.0827685
0,0,0.0828079
0,0,0.0828103
0,0,0.0830611
0,0,0.0832054
0,0,0.0835962
0,0,0.083646
0,0,0.0836894
0,0,0.0836952
0,0,0.0837435
0,0,0.0837503
0,0,0.0838885
0,0,0.0840204
0,0,0.084088
0,0,0.0842442
0,0,0.0843815
0,0,0.0844983
0,0,0.0846205
0,0,0.0849503
0,0,0.0852905
0,0,0.0855938
0,0,0.0856084
0,0,0.0856773
0,0,0.0857858
0,0,0.0859914
0,0,0.0860357
0,0,0.0862937
0,0,0.0863352
0,0,0.0864158
0,0,0.0864362
0,0,0.0867792
0,0,0.086839
0,0,0.0870429
0,0,0.087053
0,0,0.0872585
0,0,0.0873007
0,0,0.0875264
0,0,0.0879446
0,0,0.0879823
0,0,0.0882599
0,0,0.0882811
0,0,0.0884082
0,0,0.0884659
0,0,0.0885394
0,0,0.0885765
0,0,0.0886512
0,0,0.0887734
0,0,0.0888527
0,0,0.0888703
0,0,0.0888814
0,0,0.0889285
0,0,0.0889689
0,0,0.0891625
0,0,0.0892251
0,0,0.0894321
0,0,0.0897318
0,0,0.0900413
0,0,0.0902715
0,0,0.0903133
0,0,0.0903744
0,0,0.0905607
0,0,0.0906174
0,0,0.0907934
0,0,0.0909175
0,0,0.0914656
0,0,0.0915686
0,0,0.091971
0,0,0.0921352
0,0,0.0921361
0,0,0.0923483
0,0,0.0925506
0,0,0.0925874
0,0,0.0927036
0,0,0.0927064
0,0,0.0927514
0,0,0.0928139
0,0,0.0930682
0,0,0.0931838
0,0,0.0937999
0,0,0.0938541
0,0,0.0939103
0,0,0.0939358
0,0,0.0943046
0,0,0.0946061
0,0,0.0946124
0,0,0.0947994
0,0,0.0953108
0,0,0.0955066
0,0,0.0955798
0,0,0.0955801
0,0,0.095615
0,0,0.0956565
0,0,0.095696
0,0,0.095953
0,0,0.0959967
0,0,0.0967016
0,0,0.0972719
0,0,0.0973127
0,0,0.0973984
0,0,0.0974163
0,0,0.0974879
0,0,0.097488
0,0,0.0974908
0,0,0.0976324
0,0,0.0976506
0,0,0.0977312
0,0,0.0977962
0,0,0.0980501
0,0,0.0981521
0,0,0.0982347
0,0,0.0983779
0,0,0.0984105
0,0,0.098443
0,0,0.0985198
0,0,0.0987376
0,0,0.0987633
0,0,0.0989209
0,0,0.0992051
0,0,0.0992464
0,0,0.0993462
0,0,0.0993686
0,0,0.0993984
0,0,0.0995139
0,0,0.0996769
0,0,0.0997323
0,0,0.0999254
0,0,0.0999319
0,0,0.0999676
0,0,0.100274
0,0,0.100524
0,0,0.100558
0,0,0.100662
0,0,0.100799
0,0,0.10117
0,0,0.101299
0,0,0.101496
0,0,0.10188
0,0,0.102033
0,0,0.102318
0,0,0.102809
0,0,0.102823
0,0,0.102908
0,0,0.103161
0,0,0.103235
0,0,0.103297
0,0,0.10333
0,0,0.103388
0,0,0.103475
0,0,0.104305
0,0,0.104457
0,0,0.1048
0,0,0.105285
0,0,0.105359
0,0,0.105382
0,0,0.105409
0,0,0.10578
0,0,0.105883
0,0,0.10597
0,0,0.106075
0,0,0.106293
0,0,0.106411
0,0,0.106529
0,0,0.106636
0,0,0.106725
0,0,0.107012
0,0,0.107377
0,0,0.107627
0,0,0.107969
0,0,0.108114
0,0,0.10819
0,0,0.108206
0,0,0.10836
0,0,0.108364
0,0,0.108441
0,0,0.108592
0,0,0.108926
0,0,0.109091
0,0,0.109162
0,0,0.109229
0,0,0.109244
0,0,0.109318
0,0,0.109359
0,0,0.10943
0,0,0.109513
0,0,0.109695
0,0,0.110384
0,0,0.110427
0,0,0.110487
0,0,0.110541
0,0,0.110795
0,0,0.111038
0,0,0.111148
0,0,0.111225
0,0,0.111292
0,0,0.111362
0,0,0.11141
0,0,0.111687
0,0,0.111815
0,0,0.111831
0,0,0.111994
0,0,0.11214
0,0,0.112642
0,0,0.112669
0,0,0.112942
0,0,0.113195
0,0,0.113204
0,0,0.113222
0,0,0.113505
0,0,0.113581
0,0,0.113992
0,0,0.114113
0,0,0.114129
0,0,0.114279
0,0,0.114589
0,0,0.114687
0,0,0.114708
0,0,0.114899
0,0,0.114993
0,0,0.115427
0,0,0.115645
0,0,0.116252
0,0,0.116431
0,0,0.116858
0,0,0.116904
0,0,0.116989
0,0,0.117164
0,0,0.11722
0,0,0.117257
0,0,0.117271
0,0,0.117565
0,0,0.117608
0,0,0.117629
0,0,0.11768
0,0,0.117872
0,0,0.118074
0,0,0.118158
0,0,0.11859
0,0,0.119409
0,0,0.119444
0,0,0.119907
0,0,0.119989
0,0,0.119998
0,0,0.120231
0,0,0.120447
0,0,0.120714
0,0,0.120782
0,0,0.120896
0,0,0.120929
0,0,0.121012
0,0,0.121116
0,0,0.121143
0,0,0.121143
0,0,0.121662
0,0,0.12174
0,0,0.122177
0,0,0.122444
0,0,0.122446
0,0,0.122683
0,0,0.122686
0,0,0.122989
0,0,0.123036
0,0,0.12329
0,0,0.123376
0,0,0.123796
0,0,0.124214
0,0,0.124236
0,0,0.12448
0,0,0.125342
0,0,0.125373
0,0,0.125748
0,0,0.125998
0,0,0.125999
0,0,0.126223
0,0,0.126427
0,0,0.126444
0,0,0.126471
0,0,0.126682
0,0,0.126859
0,0,0.127109
0,0,0.127178
0,0,0.127354
0,0,0.12771
0,0,0.127834
0,0,0.1279
0,0,0.127936
0,0,0.128145
0,0,0.128278
0,0,0.128914
0,0,0.129017
0,0,0.129031
0,0,0.129177
0,0,0.129479
0,0,0.129799
0,0,0.1304
0,0,0.130804
0,0,0.130813
0,0,0.131241
0,0,0.131323
0,0,0.131455
0,0,0.13192
0,0,0.132003
0,0,0.132116
0,0,0.132349
0,0,0.132457
0,0,0.132587
0,0,0.132689
0,0,0.132857
0,0,0.133136
0,0,0.133436
0,0,0.133609
0,0,0.133897
0,0,0.1339
0,0,0.133925
0,0,0.134293
0,0,0.134979
0,0,0.135728
0,0,0.135735
0,0,0.135803
0,0,0.135907
0,0,0.135976
0,0,0.136785
0,0,0.136904
0,0,0.137181
0,0,0.137331
0,0,0.137372
0,0,0.137403
0,0,0.137605
0,0,0.137704
0,0,0.137768
0,0,0.138306
0,0,0.138338
0,0,0.138412
0,0,0.138415
0,0,0.138611
0,0,0.138715
0,0,0.139067
0,0,0.139082
0,0,0.139251
0,0,0.139434
0,0,0.139507
0,0,0.139789
0,0,0.139791
0,0,0.139815
0,0,0.139823
0,0,0.139963
0,0,0.140622
0,0,0.141073
0,0,0.141092
0,0,0.141444
0,0,0.14163
0,0,0.141859
0,0,0.142117
0,0,0.142591
0,0,0.142857
0,0,0.142858
0,0,0.143117
0,0,0.143232
0,0,0.143262
0,0,0.143302
0,0,0.14346
0,0,0.143778
0,0,0.144013
0,0,0.14421
0,0,0.144405
0,0,0.144645
0,0,0.144733
0,0,0.144908
0,0,0.144946
0,0,0.144958
0,0,0.145122
0,0,0.145781
0,0,0.145938
0,0,0.146115
0,0,0.146245
0,0,0.146324
0,0,0.146398
0,0,0.146776
0,0,0.146819
0,0,0.146981
0,0,0.147405
0,0,0.147429
0,0,0.147776
0,0,0.147923
0,0,0.148151
0,0,0.148371
0,0,0.148685
0,0,0.149233
0,0,0.149256
0,0,0.149863
0,0,0.150846
0,0,0.151023
0,0,0.15119
0,0,0.151262
0,0,0.151356
0,0,0.151458
0,0,0.151562
0,0,0.151646
0,0,0.151837
0,0,0.152433
0,0,0.152499
0,0,0.152773
0,0,0.153478
0,0,0.153824
0,0,0.153896
0,0,0.154492
0,0,0.154722
0,0,0.155111
0,0,0.15519
0,0,0.15543
0,0,0.15576
0,0,0.155763
0,0,0.155816
0,0,0.156148
0,0,0.156171
0,0,0.156185
0,0,0.156268
0,0,0.156529
0,0,0.156835
0,0,0.15687
0,0,0.157708
0,0,0.15793
0,0,0.157955
0,0,0.158077
0,0,0.158665
0,0,0.159239
0,0,0.159446
0,0,0.159538
0,0,0.159809
0,0,0.160061
0,0,0.160236
0,0,0.160373
0,0,0.160383
0,0,0.161024
0,0,0.161391
0,0,0.161856
0,0,0.162102
0,0,0.162356
0,0,0.162685
0,0,0.16304
0,0,0.163094
0,0,0.163838
0,0,0.164045
0,0,0.164069
0,0,0.16428
0,0,0.164432
0,0,0.164597
0,0,0.164658
0,0,0.165219
0,0,0.165321
0,0,0.165775
0,0,0.165937
0,0,0.166047
0,0,0.166215
0,0,0.166435
0,0,0.166985
0,0,0.167244
0,0,0.167289
0,0,0.167306
0,0,0.167382
0,0,0.167509
0,0,0.167535
0,0,0.167603
0,0,0.167688
0,0,0.167813
0,0,0.167894
0,0,0.167944
0,0,0.168184
0,0,0.168186
0,0,0.168192
0,0,0.168393
0,0,0.168444
0,0,0.168608
0,0,0.168645
0,0,0.168701
0,0,0.168791
0,0,0.168892
0,0,0.16893
0,0,0.169773
0,0,0.169917
0,0,0.170145
0,0,0.170324
0,0,0.170545
0,0,0.170703
0,0,0.170915
0,0,0.171381
0,0,0.17173
0,0,0.172071
0,0,0.172382
0,0,0.17257
0,0,0.172702
0,0,0.172963
0,0,0.173149
0,0,0.174054
0,0,0.174278
0,0,0.174382
0,0,0.17466
0,0,0.174717
0,0,0.175437
0,0,0.175531
0,0,0.175728
0,0,0.176095
0,0,0.176155
0,0,0.17617
0,0,0.1763
0,0,0.177858
0,0,0.178408
0,0,0.178477
0,0,0.178606
0,0,0.178978
0,0,0.179005
0,0,0.179076
0,0,0.179149
0,0,0.179517
0,0,0.179628
0,0,0.179892
0,0,0.180202
0,0,0.18021
0,0,0.18068
0,0,0.180958
0,0,0.181219
0,0,0.181379
0,0,0.181533
0,0,0.182517
0,0,0.183103
0,0,0.183431
0,0,0.183582
0,0,0.183894
0,0,0.185217
0,0,0.186046
0,0,0.186256
0,0,0.187946
0,0,0.188154
0,0,0.188211
0,0,0.188239
0,0,0.188512
0,0,0.188733
0,0,0.188986
0,0,0.189233
0,0,0.189331
0,0,0.189338
0,0,0.190119
0,0,0.19018
0,0,0.1904
0,0,0.191026
0,0,0.191029
0,0,0.191113
0,0,0.191294
0,0,0.191567
0,0,0.193267
0,0,0.194756
0,0,0.194961
0,0,0.19522
0,0,0.195278
0,0,0.195279
0,0,0.195335
0,0,0.196153
0,0,0.1962
0,0,0.196226
0,0,0.19647
0,0,0.196706
0,0,0.196707
0,0,0.197371
0,0,0.197536
0,0,0.197612
0,0,0.197711
0,0,0.197847
0,0,0.198384
0,0,0.198577
0,0,0.198813
0,0,0.200414
0,0,0.200865
0,0,0.200871
0,0,0.200976
0,0,0.201246
0,0,0.201369
0,0,0.202085
0,0,0.202443
0,0,0.202569
0,0,0.202623
0,0,0.203127
0,0,0.203626
0,0,0.203737
0,0,0.204012
0,0,0.20431
0,0,0.204979
0,0,0.205767
0,0,0.206623
0,0,0.206647
0,0,0.206812
0,0,0.207347
0,0,0.207436
0,0,0.207485
0,0,0.207943
0,0,0.208335
0,0,0.209523
0,0,0.209902
0,0,0.210603
0,0,0.210611
0,0,0.211084
0,0,0.212204
0,0,0.213214
0,0,0.213328
0,0,0.213478
0,0,0.213741
0,0,0.21385
0,0,0.214062
0,0,0.214162
0,0,0.214709
0,0,0.21487
0,0,0.215244
0,0,0.215342
0,0,0.216183
0,0,0.216541
0,0,0.216965
0,0,0.218012
0,0,0.218683
0,0,0.218712
0,0,0.219936
0,0,0.22052
0,0,0.22081
0,0,0.221369
0,0,0.221517
0,0,0.221776
0,0,0.222828
0,0,0.222938
0,0,0.223472
0,0,0.223623
0,0,0.223631
0,0,0.22534
0,0,0.225813
0,0,0.227992
0,0,0.228037
0,0,0.228178
0,0,0.228516
0,0,0.228838
0,0,0.229193
0,0,0.229271
0,0,0.230024
0,0,0.230259
0,0,0.230542
0,0,0.231627
0,0,0.23165
0,0,0.231768
0,0,0.23271
0,0,0.232797
0,0,0.232938
0,0,0.233496
0,0,0.23502
0,0,0.235036
0,0,0.235528
0,0,0.235816
0,0,0.235874
0,0,0.236338
0,0,0.236409
0,0,0.23655
0,0,0.236578
0,0,0.237035
0,0,0.237075
0,0,0.237417
0,0,0.237629
0,0,0.237891
0,0,0.238506
0,0,0.239512
0,0,0.239999
0,0,0.240286
0,0,0.240376
0,0,0.240605
0,0,0.240727
0,0,0.240841
0,0,0.241772
0,0,0.241853
0,0,0.242148
0,0,0.242675
0,0,0.242736
0,0,0.242751
0,0,0.242988
0,0,0.243297
0,0,0.243417
0,0,0.243698
0,0,0.243705
0,0,0.243964
0,0,0.244017
0,0,0.244021
0,0,0.244194
0,0,0.244484
0,0,0.245177
0,0,0.24521
0,0,0.245917
0,0,0.246137
0,0,0.246399
0,0,0.246723
0,0,0.246894
0,0,0.24822
0,0,0.248668
0,0,0.249285
0,0,0.250436
0,0,0.250596
0,0,0.250881
0,0,0.251408
0,0,0.253001
0,0,0.253002
0,0,0.253018
0,0,0.253538
0,0,0.253722
0,0,0.253803
0,0,0.254056
0,0,0.254191
0,0,0.254952
0,0,0.255711
0,0,0.255724
0,0,0.256518
0,0,0.256556
0,0,0.257561
0,0,0.258539
0,0,0.258547
0,0,0.258974
0,0,0.259737
0,0,0.259902
0,0,0.260878
0,0,0.261327
0,0,0.261952
0,0,0.262415
0,0,0.262844
0,0,0.262861
0,0,0.263356
0,0,0.263555
0,0,0.263726
0,0,0.264117
0,0,0.264239
0,0,0.264804
0,0,0.265333
0,0,0.265379
0,0,0.265728
0,0,0.267653
0,0,0.268067
0,0,0.268974
0,0,0.269213
0,0,0.269573
0,0,0.270082
0,0,0.270179
0,0,0.271113
0,0,0.271821
0,0,0.27213
0,0,0.273371
0,0,0.273989
0,0,0.274286
0,0,0.274396
0,0,0.274508
0,0,0.275079
0,0,0.275745
0,0,0.275947
0,0,0.276647
0,0,0.277506
0,0,0.277525
0,0,0.278284
0,0,0.278498
0,0,0.27854
0,0,0.278669
0,0,0.279879
0,0,0.280213
0,0,0.280514
0,0,0.281598
0,0,0.281708
0,0,0.282036
0,0,0.282746
0,0,0.283884
0,0,0.284118
0,0,0.286577
0,0,0.286733
0,0,0.287233
0,0,0.287573
0,0,0.28877
0,0,0.288831
0,0,0.288891
0,0,0.289331
0,0,0.289852
0,0,0.289863
0,0,0.29014
0,0,0.290331
0,0,0.290969
0,0,0.291263
0,0,0.292771
0,0,0.293314
0,0,0.293416
0,0,0.294907
0,0,0.29545
0,0,0.295588
0,0,0.295639
0,0,0.296228
0,0,0.297057
0,0,0.297106
0,0,0.297429
0,0,0.298484
0,0,0.299422
0,0,0.299729
0,0,0.299909
0,0,0.29993
0,0,0.300713
0,0,0.300817
0,0,0.301081
0,0,0.301612
0,0,0.30287
0,0,0.303254
0,0,0.30505
0,0,0.308791
0,0,0.308867
0,0,0.309796
0,0,0.311081
0,0,0.312294
0,0,0.312299
0,0,0.312606
0,0,0.312692
0,0,0.313033
0,0,0.313308
0,0,0.314204
0,0,0.314289
0,0,0.314759
0,0,0.315462
0,0,0.318944
0,0,0.319478
0,0,0.320657
0,0,0.320714
0,0,0.320766
0,0,0.321943
0,0,0.323348
0,0,0.324091
0,0,0.328814
0,0,0.329466
0,0,0.332283
0,0,0.332341
0,0,0.332382
0,0,0.332593
0,0,0.332737
0,0,0.333437
0,0,0.333793
0,0,0.337014
0,0,0.337069
0,0,0.337602
0,0,0.337625
0,0,0.339681
0,0,0.341915
0,0,0.34241
0,0,0.344419
0,0,0.346191
0,0,0.34686
0,0,0.347094
0,0,0.347141
0,0,0.351445
0,0,0.351839
0,0,0.352716
0,0,0.353279
0,0,0.353786
0,0,0.354894
0,0,0.35683
0,0,0.360577
0,0,0.362342
0,0,0.36335
0,0,0.363994
0,0,0.365055
0,0,0.366073
0,0,0.366535
0,0,0.368132
0,0,0.369363
0,0,0.369708
0,0,0.370007
0,0,0.370331
0,0,0.371041
0,0,0.371296
0,0,0.373532
0,0,0.375432
0,0,0.376402
0,0,0.376677
0,0,0.379201
0,0,0.379804
0,0,0.382223
0,0,0.382412
0,0,0.382884
0,0,0.383152
0,0,0.38514
0,0,0.388152
0,0,0.389179
0,0,0.389391
0,0,0.392998
0,0,0.393713
0,0,0.395511
0,0,0.397226
0,0,0.398277
0,0,0.398714
0,0,0.40076
0,0,0.401053
0,0,0.404416
0,0,0.409106
0,0,0.410943
0,0,0.411905
0,0,0.412255
0,0,0.414429
0,0,0.414683
0,0,0.415496
0,0,0.415789
0,0,0.417602
0,0,0.417908
0,0,0.42235
0,0,0.424377
0,0,0.424779
0,0,0.425682
0,0,0.428195
0,0,0.437806
0,0,0.439477
0,0,0.442078
0,0,0.444458
0,0,0.444763
0,0,0.445977
0,0,0.448066
0,0,0.449087
0,0,0.449771
0,0,0.450751
0,0,0.452292
0,0,0.454741
0,0,0.45547
0,0,0.456874
0,0,0.45835
0,0,0.460877
0,0,0.462062
0,0,0.466311
0,0,0.469863
0,0,0.473316
0,0,0.478394
0,0,0.483607
0,0,0.495007
0,0,0.498633
0,0,0.50227
0,0,0.505818
0,0,0.508511
0,0,0.51065
0,0,0.512728
0,0,0.514308
0,0,0.526463
0,0,0.530423
0,0,0.537805
0,0,0.559035
0,0,0.561996
0,0,0.564035
0,0,0.572681
0,0,0.582472
0,0,0.584877
0,0,0.589119
0,0,0.600895
0,0,0.601061
0,0,0.609553
0,0,0.615015
0,0,0.627226
0,0,0.628763
0,0,0.64066
0,0,0.692638
0,0,0.709575
0,0,0.776252
0,0,0.804587
0,0,0.822806
0,0,0.828839
0,0,0.943973
0,0,1.09875
0,0,1.32708
0,0,3
1,1.50932,1.61413
1,1.27095,1.38724
1,1.00176,1.01722
1,0.918967,0.95249
1,0.910717,0.943272
1,0.865217,0.966928
1,0.863094,0.937712
1,0.815096,0.818161
1,0.813444,0.938591
1,0.79916,1.02383
1,0.782544,0.786836
1,0.778344,0.794976
1,0.771259,1.14275
1,0.744349,0.808109
1,0.731618,0.988103
1,0.727908,0.743262
1,0.721181,0.75238
1,0.705824,0.801977
1,0.704975,0.767172
1,0.699662,0.707748
1,0.697999,0.825455
1,0.690879,0.755521
1,0.686755,0.709276
1,0.686141,0.824532
1,0.680981,0.6811
1,0.679919,0.812235
1,0.67979,0.90425
1,0.675999,0.722139
1,0.674484,0.688658
1,0.669738,0.706619
1,0.662823,0.773555
1,0.657602,0.695808
1,0.65712,0.72605
1,0.656222,0.724846
1,0.65501,0.660897
1,0.652949,0.700601
1,0.650249,0.665493
1,0.645298,0.769102
1,0.637878,0.783712
1,0.637738,0.726446
1,0.635747,0.717772
1,0.631599,0.724641
1,0.631161,0.913441
1,0.629517,0.7402
1,0.617769,0.9366
1,0.61642,0.617016
1,0.61244,0.726446
1,0.609192,0.974749
1,0.606677,0.637951
1,0.601198,0.604701
1,0.594036,0.607348
1,0.594024,0.698313
1,0.590407,0.731578
1,0.59012,0.622047
1,0.585604,0.681794
1,0.585133,0.615426
1,0.584059,0.611144
1,0.573671,0.8392
1,0.563974,0.791254
1,0.561993,0.601529
1,0.556856,0.560723
1,0.555048,0.657465
1,0.55445,0.574045
1,0.551806,0.584988
1,0.55039,0.554477
1,0.548221,0.549231
1,0.54702,0.550469
1,0.543474,0.584268
1,0.541866,0.544004
1,0.54061,0.570652
1,0.53813,0.591366
1,0.531448,0.661165
1,0.53125,0.572263
1,0.526396,0.529988
1,0.519042,0.564741
1,0.517459,0.530447
1,0.515059,0.549593
1,0.506378,0.638921
1,0.504783,0.520921
1,0.504355,0.518428
1,0.502478,0.646096
1,0.502145,0.585762
1,0.49543,0.673607
1,0.492386,0.640296
1,0.491051,0.521942
1,0.488333,0.515481
1,0.484978,0.506476
1,0.482947,0.498756
1,0.482036,0.524598
1,0.481161,0.506533
1,0.47918,0.493497
1,0.478349,0.509145
1,0.477695,0.488973
1,0.474681,0.53505
1,0.464997,0.468125
1,0.464624,0.479736
1,0.464223,0.478053
1,0.463047,0.674222
1,0.460986,0.50189
1,0.460731,0.486966
1,0.456889,0.463675
1,0.456579,0.539227
1,0.454925,0.505513
1,0.449555,0.471911
1,0.449376,0.485873
1,0.447286,0.459055
1,0.446084,0.515098
1,0.445137,0.49057
1,0.444784,0.470884
1,0.44426,0.444314
1,0.438608,0.462141
1,0.437953,0.519454
1,0.437859,0.481658
1,0.433189,0.489907
1,0.432972,0.477235
1,0.432752,0.474366
1,0.431777,0.436008
1,0.431326,0.443242
1,0.430035,0.445371
1,0.427076,0.511652
1,0.426398,0.454026
1,0.425962,0.439484
1,0.425642,0.513868
1,0.422706,0.515733
1,0.422201,0.47077
1,0.417519,0.626445
1,0.412034,0.498579
1,0.411515,0.481584
1,0.410865,0.440887
1,0.410531,0.518165
1,0.40963,0.716993
1,0.408603,0.600041
1,0.408445,0.537144
1,0.408212,0.600641
1,0.40803,0.606602
1,0.405831,0.45776
1,0.405324,0.407982
1,0.400356,0.421679
1,0.400192,0.597941
1,0.399872,0.40144
1,0.398955,0.626445
1,0.398047,0.468051
1,0.397761,0.488911
1,0.391307,0.41919
1,0.390227,0.405174
1,0.38853,0.453058
1,0.387978,0.519396
1,0.387936,0.413142
1,0.386847,0.444579
1,0.386796,0.428908
1,0.384388,0.39731
1,0.382234,0.397584
1,0.380094,0.434494
1,0.379532,0.402824
1,0.37849,0.467502
1,0.377924,0.625037
1,0.377106,0.426067
1,0.376373,0.398079
1,0.374463,0.505991
1,0.373836,0.455853
1,0.371736,0.517948
1,0.37097,0.431302
1,0.370165,0.499814
1,0.369453,0.444917
1,0.367465,0.684258
1,0.36662,0.384232
1,0.364263,0.465692
1,0.361156,0.542765
1,0.359279,0.363148
1,0.35772,0.369838
1,0.355903,0.513161
1,0.351932,0.490288
1,0.351491,0.391011
1,0.351066,0.353455
1,0.349094,0.375252
1,0.348501,0.377152
1,0.335632,0.352701
1,0.334904,0.487928
1,0.334749,0.582648
1,0.334685,0.501672
1,0.333946,0.358351
1,0.333017,0.430871
1,0.328144,0.338916
1,0.327779,0.364541
1,0.327132,0.355939
1,0.326658,0.476292
1,0.32622,0.33825
1,0.324168,0.532807
1,0.322875,0.533799
1,0.321042,0.474997
1,0.320951,0.538471
1,0.317629,0.354955
1,0.317179,0.375305
1,0.314282,0.371441
1,0.31268,0.336768
1,0.310176,0.335872
1,0.308379,0.338395
1,0.30801,0.316389
1,0.307858,0.316956
1,0.305966,0.393821
1,0.303956,0.30629
1,0.303556,0.33517
1,0.303038,0.356863
1,0.302336,0.394883
1,0.301579,0.320481
1,0.300767,0.355226
1,0.294691,0.397254
1,0.294208,0.306489
1,0.293269,0.308196
1,0.292416,0.310931
1,0.291952,0.351332
1,0.291677,0.368946
1,0.291519,0.325623
1,0.290503,0.46524
1,0.28936,0.292956
1,0.287726,0.288459
1,0.281379,0.309214
1,0.280531,0.297525
1,0.280224,0.320066
1,0.278776,0.280761
1,0.277669,0.298675
1,0.276635,0.293238
1,0.271979,0.27455
1,0.271858,0.302494
1,0.271765,0.285548
1,0.271513,0.285548
1,0.270839,0.342612
1,0.269453,0.277004
1,0.268257,0.287344
1,0.267334,0.294098
1,0.266687,0.267335
1,0.266531,0.27426
1,0.266068,0.267932
1,0.265382,0.303813
1,0.264205,0.395213
1,0.263406,0.323362
1,0.261998,0.275122
1,0.261139,0.266786
1,0.260544,0.331081
1,0.260363,0.348519
1,0.259773,0.272484
1,0.259121,0.263264
1,0.258686,0.307913
1,0.253633,0.26783
1,0.252732,0.312172
1,0.252513,0.363937
1,0.252488,0.276882
1,0.248797,0.256555
1,0.248375,0.342565
1,0.248219,0.27748
1,0.246784,0.270463
1,0.246138,0.30225
1,0.245794,0.292652
1,0.244064,0.247607
1,0.244053,0.319533
1,0.242564,0.27934
1,0.242225,0.250943
1,0.24078,0.279266
1,0.237497,0.287178
1,0.236421,0.250727
1,0.236246,0.258189
1,0.23563,0.305526
1,0.235,0.26109
1,0.234333,0.247848
1,0.233973,0.236162
1,0.232268,0.243806
1,0.231464,0.282289
1,0.231211,0.265975
1,0.229784,0.246872
1,0.229694,0.25617
1,0.22793,0.232277
1,0.226521,0.255199
1,0.225601,0.287585
1,0.225429,0.242712
1,0.225043,0.242845
1,0.224941,0.310497
1,0.22485,0.348315
1,0.22411,0.227068
1,0.222456,0.242772
1,0.221956,0.282458
1,0.221211,0.237657
1,0.220976,0.223616
1,0.220357,0.225329
1,0.21697,0.2484
1,0.214307,0.266508
1,0.213171,0.244749
1,0.212202,0.230537
1,0.211163,0.251132
1,0.210949,0.224358
1,0.210811,0.253343
1,0.210059,0.210073
1,0.20996,0.264709
1,0.204767,0.226671
1,0.201801,0.211285
1,0.201223,0.20871
1,0.200354,0.203678
1,0.19999,0.200062
1,0.199425,0.222327
1,0.196309,0.282392
1,0.196247,0.21166
1,0.194877,0.202973
1,0.19404,0.21454
1,0.193606,0.20523
1,0.193112,0.215163
1,0.193036,0.222556
1,0.192012,0.200903
1,0.191773,0.200305
1,0.191135,0.206219
1,0.18928,0.199553
1,0.189229,0.204604
1,0.188297,0.213924
1,0.187759,0.21319
1,0.186944,0.19156
1,0.185941,0.211102
1,0.185578,0.21729
1,0.18333,0.196512
1,0.181867,0.190956
1,0.181829,0.18336
1,0.181308,0.20447
1,0.180616,0.207028
1,0.178519,0.192068
1,0.178477,0.199239
1,0.177657,0.205316
1,0.176487,0.22991
1,0.176216,0.180833
1,0.175864,0.179349
1,0.175767,0.21077
1,0.175673,0.212465
1,0.17523,0.29784
1,0.174374,0.277573
1,0.17397,0.193485
1,0.172366,0.200097
1,0.170118,0.184017
1,0.169788,0.356126
1,0.167741,0.176872
1,0.167634,0.193862
1,0.165382,0.167587
1,0.164759,0.225024
1,0.162209,0.179255
1,0.161994,0.170101
1,0.161079,0.180623
1,0.160867,0.182591
1,0.158416,0.182516
1,0.15838,0.158786
1,0.158378,0.170617
1,0.156953,0.199171
1,0.155557,0.207921
1,0.154498,0.157798
1,0.154401,0.171144
1,0.152199,0.215478
1,0.152194,0.176355
1,0.150276,0.193301
1,0.149855,0.176409
1,0.148591,0.17838
1,0.147744,0.152684
1,0.14765,0.157226
1,0.145025,0.203889
1,0.142686,0.185514
1,0.142676,0.176313
1,0.141724,0.155814
1,0.141184,0.149127
1,0.139334,0.162335
1,0.138636,0.206377
1,0.136882,0.160598
1,0.136266,0.136428
1,0.135933,0.153706
1,0.135522,0.14041
1,0.134956,0.148644
1,0.134432,0.156148
1,0.134169,0.191184
1,0.133968,0.138425
1,0.132691,0.151216
1,0.131197,0.135158
1,0.131085,0.133966
1,0.130911,0.133387
1,0.130525,0.148718
1,0.126309,0.183524
1,0.125676,0.136124
1,0.125026,0.16296
1,0.124961,0.158082
1,0.124906,0.141239
1,0.123458,0.134274
1,0.121926,0.130561
1,0.121438,0.150961
1,0.120765,0.130708
1,0.120628,0.124874
1,0.11985,0.12807
1,0.117665,0.149409
1,0.117298,0.149566
1,0.116758,0.119142
1,0.1158,0.12324
1,0.115131,0.124137
1,0.114861,0.138381
1,0.112702,0.117762
1,0.112339,0.12141
1,0.108391,0.155442
1,0.107473,0.107512
1,0.106477,0.141904
1,0.106214,0.125136
1,0.105573,0.112457
1,0.104756,0.110953
1,0.104698,0.112559
1,0.104069,0.13187
1,0.103456,0.108421
1,0.103295,0.111879
1,0.102977,0.115328
1,0.102166,0.112171
1,0.101983,0.103316
1,0.101725,0.105953
1,0.101411,0.116437
1,0.101013,0.109985
1,0.100794,0.105661
1,0.099629,0.101888
1,0.0990968,0.107062
1,0.0989723,0.113349
1,0.098133,0.100048
1,0.0937779,0.109145
1,0.0929236,0.111821
1,0.0922415,0.101486
1,0.0919898,0.0958397
1,0.0911184,0.103759
1,0.0904916,0.0958397
1,0.0904304,0.100858
1,0.090224,0.100491
1,0.0892457,0.103362
1,0.0861461,0.0961838
1,0.0846879,0.0943545
1,0.0846444,0.0912638
1,0.0843133,0.105159
1,0.0821726,0.11344
1,0.0807277,0.0963048
1,0.0806489,0.0893
1,0.0803325,0.0964727
1,0.0800106,0.0926893
1,0.0792774,0.0879263
1,0.0785444,0.094931
1,0.0785362,0.109055
1,0.0780002,0.0821751
1,0.0775617,0.0868355
1,0.0770525,0.08884
1,0.0768266,0.0934395
1,0.0764376,0.0782947
1,0.0753738,0.0786378
1,0.0749803,0.0839199
1,0.0746454,0.0917844
1,0.0745023,0.0889085
1,0.0743823,0.126985
1,0.0742663,0.0895733
1,0.0721199,0.10673
1,0.0720764,0.0749001
1,0.0719296,0.0728647
1,0.0716845,0.0739371
1,0.071419,0.0907403
1,0.0712658,0.0791438
1,0.0712155,0.101995
1,0.0707034,0.0797075
1,0.0689285,0.0710836
1,0.068592,0.0751196
1,0.0685291,0.100965
1,0.0684693,0.0775444
1,0.0680971,0.0832222
1,0.0679968,0.0743183
1,0.0672077,0.0755179
1,0.0671502,0.0678275
1,0.0670798,0.0782596
1,0.0669259,0.0798051
1,0.0669103,0.0770385
1,0.066833,0.0773755
1,0.0662398,0.0680176
1,0.0653596,0.0796465
1,0.065106,0.0709481
1,0.0648779,0.0666116
1,0.0648658,0.0721717
1,0.0642414,0.0690536
1,0.0640488,0.065021
1,0.0627513,0.0850021
1,0.0623475,0.0717041
1,0.0623286,0.0750192
1,0.0623148,0.0637861
1,0.0600102,0.0631661
1,0.059988,0.072605
1,0.0599408,0.0602471
1,0.0599399,0.0696013
1,0.059717,0.0715998
1,0.0596624,0.0785737
1,0.05958,0.0946901
1,0.059486,0.0712285
1,0.0587618,0.0728019
1,0.057885,0.0586919
1,0.0577687,0.061971
1,0.0573975,0.0606066
1,0.0573566,0.0636152
1,0.0570774,0.0724108
1,0.0569884,0.081977
1,0.0545705,0.0546718
1,0.0541721,0.064389
1,0.0536221,0.0621688
1,0.0534458,0.0556649
1,0.0532413,0.0550261
1,0.0526247,0.0676997
1,0.0488738,0.0541223
1,0.0488221,0.0611305
1,0.0479476,0.063855
1,0.0471605,0.0521715
1,0.0455795,0.0501759
1,0.0442293,0.0462362
1,0.0388336,0.0389086
1,0.0373727,0.0383003
1,0.036732,0.0421306
1,0.0365186,0.0396198
1,0.0358038,0.0367452
2,1.71045,1.75337
2,1.2653,1.27251
2,1.14227,1.16722
2,1.14011,1.19879
2,1.05792,1.06147
2,0.8392,0.852278
2,0.82997,0.852248
2,0.823211,0.86335
2,0.807972,0.814453
2,0.802478,0.80983
2,0.801241,0.814881
2,0.795461,0.816487
2,0.777179,0.80564
2,0.718385,0.766563
2,0.718362,0.761898
2,0.711431,0.752973
2,0.706729,0.79244
2,0.704262,0.715579
2,0.690076,0.699821
2,0.681794,0.731212
2,0.667263,0.693753
2,0.66661,0.671306
2,0.655812,0.659117
2,0.624088,0.651671
2,0.603169,0.606961
2,0.5936,0.606961
2,0.571282,0.601222
2,0.570497,0.57986
2,0.569479,0.603541
2,0.558429,0.607116
2,0.54615,0.551252
2,0.539493,0.564551
2,0.527399,0.593414
2,0.521951,0.540942
2,0.517536,0.521728
2,0.507267,0.50957
2,0.500088,0.500768
2,0.480566,0.483831
2,0.479768,0.489325
2,0.470693,0.485431
2,0.447773,0.466288
2,0.443029,0.455852
2,0.433406,0.433495
2,0.401429,0.426036
2,0.375047,0.391827
2,0.373017,0.37522
2,0.370211,0.37181
2,0.349126,0.352296
2,0.348315,0.349993
2,0.344813,0.356919
2,0.318562,0.329755
2,0.313341,0.323445
2,0.308086,0.324999
2,0.300742,0.306796
2,0.298957,0.346154
2,0.291267,0.298203
2,0.281012,0.287021
2,0.255971,0.258806
2,0.255606,0.265286
2,0.221529,0.223825
2,0.201828,0.20259
2,0.196758,0.203819
2,0.189282,0.194629
2,0.187525,0.196096
2,0.186622,0.190109
2,0.184767,0.194594
2,0.131901,0.138596
2,0.124093,0.131801
2,0.123686,0.125502
2,0.117636,0.122125
2,0.103991,0.106146
2,0.10104,0.102284
2,0.0950129,0.0963743
2,0.0871843,0.0948638
2,0.0844799,0.0846241
2,0.0836285,0.0846336
2,0.0827752,0.0861162
2,0.0728839,0.077456
