point cloud with 1301 points in dimension 3
0,0,0.00588738
0,0,0.00646852
0,0,0.00653494
0,0,0.00744742
0,0,0.00767384
0,0,0.00798354
0,0,0.00825004
0,0,0.00866317
0,0,0.00874926
0,0,0.00905043
0,0,0.00908048
0,0,0.00948012
0,0,0.00962445
0,0,0.00997897
0,0,0.0102802
0,0,0.0103277
0,0,0.0104957
0,0,0.0105001
0,0,0.0105582
0,0,0.0107527
0,0,0.0112716
0,0,0.0122872
0,0,0.0123121
0,0,0.0134887
0,0,0.0135401
0,0,0.0137999
0,0,0.0146971
0,0,0.0153315
0,0,0.0155481
0,0,0.0156518
0,0,0.0161298
0,0,0.0165945
0,0,0.016968
0,0,0.0170198
0,0,0.0170876
0,0,0.0171704
0,0,0.0172566
0,0,0.0177609
0,0,0.0181663
0,0,0.0185361
0,0,0.0185589
0,0,0.0188866
0,0,0.0189546
0,0,0.0194419
0,0,0.0195964
0,0,0.0197286
0,0,0.0198201
0,0,0.0198772
0,0,0.0201376
0,0,0.0204418
0,0,0.0207267
0,0,0.020788
0,0,0.0208956
0,0,0.0210562
0,0,0.0210748
0,0,0.0211505
0,0,0.0216359
0,0,0.0218028
0,0,0.0221472
0,0,0.0221935
0,0,0.0224546
0,0,0.02247
0,0,0.0225851
0,0,0.0228781
0,0,0.0229601
0,0,0.0230505
0,0,0.0230599
0,0,0.0230991
0,0,0.0235882
0,0,0.0236242
0,0,0.0236547
0,0,0.0236783
0,0,0.0236939
0,0,0.0238681
0,0,0.0239227
0,0,0.0240519
0,0,0.0241121
0,0,0.0242319
0,0,0.024324
0,0,0.0245041
0,0,0.0247294
0,0,0.0247357
0,0,0.024812
0,0,0.0248535
0,0,0.0248632
0,0,0.0248712
0,0,0.025107
0,0,0.025108
0,0,0.0251085
0,0,0.0257726
0,0,0.0260526
0,0,0.0261792
0,0,0.0263847
0,0,0.0264608
0,0,0.0265058
0,0,0.0265381
0,0,0.0268212
0,0,0.0268347
0,0,0.0270115
0,0,0.0271208
0,0,0.0271356
0,0,0.0273629
0,0,0.0274175
0,0,0.0275859
0,0,0.0276154
0,0,0.0277022
0,0,0.0278246
0,0,0.027838
0,0,0.028001
0,0,0.028036
0,0,0.0280662
0,0,0.0281768
0,0,0.0282335
0,0,0.0282893
0,0,0.0283314
0,0,0.0283501
0,0,0.0284339
0,0,0.0285557
0,0,0.0285843
0,0,0.0288058
0,0,0.0289602
0,0,0.0289906
0,0,0.0290152
0,0,0.0291367
0,0,0.0292495
0,0,0.0293118
0,0,0.0293522
0,0,0.0293959
0,0,0.0294427
0,0,0.0294792
0,0,0.0295615
0,0,0.0296376
0,0,0.0297526
0,0,0.029788
0,0,0.0298667
0,0,0.0299991
0,0,0.0300118
0,0,0.0300605
0,0,0.0301783
0,0,0.0302328
0,0,0.0302752
0,0,0.0302927
0,0,0.0306329
0,0,0.0307041
0,0,0.0307054
0,0,0.0307278
0,0,0.0307398
0,0,0.0308021
0,0,0.0309023
0,0,0.0310895
0,0,0.0312351
0,0,0.0313442
0,0,0.0316351
0,0,0.0318159
0,0,0.0318272
0,0,0.0319051
0,0,0.0319657
0,0,0.0321538
0,0,0.0322417
0,0,0.0323004
0,0,0.0324815
0,0,0.0325034
0,0,0.0326207
0,0,0.0328141
0,0,0.0328514
0,0,0.0331191
0,0,0.0332235
0,0,0.0333232
0,0,0.0333682
0,0,0.0334558
0,0,0.033532
0,0,0.0336652
0,0,0.0337059
0,0,0.0338522
0,0,0.0338556
0,0,0.0340142
0,0,0.0340279
0,0,0.0340851
0,0,0.0340948
0,0,0.0341706
0,0,0.0342653
0,0,0.0343464
0,0,0.0343849
0,0,0.0344732
0,0,0.0345681
0,0,0.0346172
0,0,0.0347098
0,0,0.0347759
0,0,0.0348316
0,0,0.0348527
0,0,0.0349299
0,0,0.0349475
0,0,0.0350758
0,0,0.0351056
0,0,0.0351348
0,0,0.0351581
0,0,0.0354431
0,0,0.0354663
0,0,0.0355892
0,0,0.0356469
0,0,0.0359342
0,0,0.0359728
0,0,0.0360821
0,0,0.0365625
0,0,0.0365703
0,0,0.0366257
0,0,0.0366423
0,0,0.0366617
0,0,0.0366953
0,0,0.0368181
0,0,0.0368301
0,0,0.0368619
0,0,0.0368843
0,0,0.0369521
0,0,0.037189
0,0,0.0372211
0,0,0.0372842
0,0,0.0373316
0,0,0.0374329
0,0,0.0376127
0,0,0.0376388
0,0,0.0379794
0,0,0.0380034
0,0,0.0381191
0,0,0.0382838
0,0,0.0383421
0,0,0.0383991
0,0,0.0384031
0,0,0.0385358
0,0,0.0385986
0,0,0.0387659
0,0,0.0388383
0,0,0.0390333
0,0,0.0391056
0,0,0.0391606
0,0,0.0391987
0,0,0.0392183
0,0,0.0392513
0,0,0.0393486
0,0,0.0394526
0,0,0.0394847
0,0,0.0395977
0,0,0.0396188
0,0,0.0396368
0,0,0.0396517
0,0,0.039818
0,0,0.0400659
0,0,0.0401343
0,0,0.0402072
0,0,0.0402417
0,0,0.0403587
0,0,0.0404006
0,0,0.0405207
0,0,0.0405475
0,0,0.0406643
0,0,0.0407267
0,0,0.0408532
0,0,0.0410274
0,0,0.0411757
0,0,0.0412672
0,0,0.0413764
0,0,0.0414969
0,0,0.0416226
0,0,0.0417381
0,0,0.0417445
0,0,0.0418217
0,0,0.0418431
0,0,0.0420317
0,0,0.0420887
0,0,0.0421488
0,0,0.0422389
0,0,0.0422987
0,0,0.0423377
0,0,0.0425069
0,0,0.0425969
0,0,0.0429173
0,0,0.0431013
0,0,0.0431389
0,0,0.0431439
0,0,0.0433364
0,0,0.0434166
0,0,0.0435216
0,0,0.0435525
0,0,0.043664
0,0,0.0437967
0,0,0.0440647
0,0,0.0443583
0,0,0.044608
0,0,0.0446143
0,0,0.0446596
0,0,0.0447188
0,0,0.0450323
0,0,0.0450586
0,0,0.0450879
0,0,0.0451461
0,0,0.0451587
0,0,0.0451787
0,0,0.0452043
0,0,0.0453337
0,0,0.0454502
0,0,0.0455474
0,0,0.0456251
0,0,0.0456559
0,0,0.0457302
0,0,0.0457752
0,0,0.0458836
0,0,0.0462368
0,0,0.0463673
0,0,0.0466349
0,0,0.0466541
0,0,0.0466974
0,0,0.0467473
0,0,0.0467609
0,0,0.0468616
0,0,0.0471307
0,0,0.0472865
0,0,0.047297
0,0,0.047331
0,0,0.0473747
0,0,0.0474895
0,0,0.0474935
0,0,0.047523
0,0,0.0475602
0,0,0.0477243
0,0,0.0477273
0,0,0.0479904
0,0,0.0479967
0,0,0.0483596
0,0,0.0483621
0,0,0.0485145
0,0,0.0485714
0,0,0.0485862
0,0,0.048765
0,0,0.0487899
0,0,0.0487967
0,0,0.048926
0,0,0.0490261
0,0,0.0490285
0,0,0.0491752
0,0,0.0492824
0,0,0.0493783
0,0,0.0494954
0,0,0.0495146
0,0,0.0495927
0,0,0.0497254
0,0,0.0497422
0,0,0.0497691
0,0,0.0497939
0,0,0.0499578
0,0,0.0501831
0,0,0.0501928
0,0,0.0502448
0,0,0.0503782
0,0,0.0504884
0,0,0.0504889
0,0,0.0505051
0,0,0.0505516
0,0,0.0505794
0,0,0.0506442
0,0,0.050767
0,0,0.0507873
0,0,0.0510308
0,0,0.0510942
0,0,0.0512494
0,0,0.0513075
0,0,0.0513424
0,0,0.0514514
0,0,0.0514868
0,0,0.0519943
0,0,0.0523964
0,0,0.0525255
0,0,0.0526264
0,0,0.0530042
0,0,0.0530703
0,0,0.0530984
0,0,0.0532979
0,0,0.0534179
0,0,0.053545
0,0,0.0539319
0,0,0.0539831
0,0,0.0541555
0,0,0.0541588
0,0,0.054166
0,0,0.0543334
0,0,0.0544287
0,0,0.0545485
0,0,0.0547066
0,0,0.0547329
0,0,0.0548006
0,0,0.0549486
0,0,0.0550772
0,0,0.055096
0,0,0.0551621
0,0,0.0551808
0,0,0.0552766
0,0,0.0555749
0,0,0.0555895
0,0,0.0557771
0,0,0.0559597
0,0,0.0560153
0,0,0.056075
0,0,0.0562556
0,0,0.0566393
0,0,0.0567485
0,0,0.0568695
0,0,0.0573887
0,0,0.0577277
0,0,0.0577376
0,0,0.0579229
0,0,0.0580892
0,0,0.058615
0,0,0.0586907
0,0,0.058921
0,0,0.0590828
0,0,0.0591344
0,0,0.0591726
0,0,0.0592986
0,0,0.0593884
0,0,0.0596734
0,0,0.0599782
0,0,0.0600133
0,0,0.0600482
0,0,0.0601065
0,0,0.0603192
0,0,0.0605212
0,0,0.0605339
0,0,0.0606183
0,0,0.0606468
0,0,0.0607188
0,0,0.0609803
0,0,0.0611075
0,0,0.061111
0,0,0.0611528
0,0,0.0612756
0,0,0.0615666
0,0,0.0618799
0,0,0.0618866
0,0,0.0618949
0,0,0.0619004
0,0,0.0619292
0,0,0.0620006
0,0,0.0620353
0,0,0.0620489
0,0,0.062211
0,0,0.0623051
0,0,0.0625292
0,0,0.0627374
0,0,0.0627528
0,0,0.0629438
0,0,0.0629951
0,0,0.0631779
0,0,0.0631839
0,0,0.0634196
0,0,0.0636219
0,0,0.0636235
0,0,0.0636958
0,0,0.0637075
0,0,0.0641765
0,0,0.0650396
0,0,0.0650576
0,0,0.0653209
0,0,0.0654156
0,0,0.0654728
0,0,0.0655918
0,0,0.0656269
0,0,0.0656392
0,0,0.0656892
0,0,0.0659545
0,0,0.0659775
0,0,0.0660445
0,0,0.066045
0,0,0.0661476
0,0,0.0667227
0,0,0.0667546
0,0,0.0668105
0,0,0.0668228
0,0,0.0668756
0,0,0.0670302
0,0,0.0671079
0,0,0.0674699
0,0,0.0675106
0,0,0.0675127
0,0,0.0675407
0,0,0.067542
0,0,0.0676585
0,0,0.0676878
0,0,0.0677654
0,0,0.0681698
0,0,0.0681957
0,0,0.0682679
0,0,0.0683843
0,0,0.0684814
0,0,0.0685561
0,0,0.0685657
0,0,0.0685852
0,0,0.068624
0,0,0.0686753
0,0,0.0689044
0,0,0.0691884
0,0,0.069237
0,0,0.069343
0,0,0.0693698
0,0,0.0694271
0,0,0.0694804
0,0,0.0695182
0,0,0.0696287
0,0,0.0696599
0,0,0.069854
0,0,0.0698654
0,0,0.0699893
0,0,0.0702287
0,0,0.0702548
0,0,0.0702894
0,0,0.0703111
0,0,0.0705689
0,0,0.0706366
0,0,0.0708748
0,0,0.0714675
0,0,0.0715176
0,0,0.0718035
0,0,0.0718355
0,0,0.0720508
0,0,0.0723416
0,0,0.0724581
0,0,0.0725131
0,0,0.072523
0,0,0.0726312
0,0,0.0726425
0,0,0.0726604
0,0,0.0727521
0,0,0.0729761
0,0,0.0729869
0,0,0.0729932
0,0,0.0729944
0,0,0.0733025
0,0,0.0736844
0,0,0.0737639
0,0,0.0737678
0,0,0.0739619
0,0,0.073987
0,0,0.0741469
0,0,0.0746388
0,0,0.0748168
0,0,0.0749344
0,0,0.0749371
0,0,0.0755161
0,0,0.0757472
0,0,0.0758929
0,0,0.0759026
0,0,0.076126
0,0,0.076255
0,0,0.076377
0,0,0.0765012
0,0,0.0768241
0,0,0.0768626
0,0,0.0770311
0,0,0.0770475
0,0,0.0772218
0,0,0.0774738
0,0,0.0774999
0,0,0.0775832
0,0,0.0776277
0,0,0.0777899
0,0,0.0778078
0,0,0.0778225
0,0,0.0780384
0,0,0.0780557
0,0,0.07815
0,0,0.0784898
0,0,0.078637
0,0,0.0786892
0,0,0.0789543
0,0,0.079377
0,0,0.0796131
0,0,0.0797589
0,0,0.0798553
0,0,0.0799189
0,0,0.0800855
0,0,0.0802271
0,0,0.0806212
0,0,0.0806443
0,0,0.0806639
0,0,0.0807246
0,0,0.0810331
0,0,0.0811603
0,0,0.0812421
0,0,0.0813593
0,0,0.0814223
0,0,0.0815188
0,0,0.0818545
0,0,0.08207
0,0,0.0822032
0,0,0.0822745
0,0,0.0824147
0,0,0.0824917
0,0,0.0826207
0,0,0.082996
0,0,0.0834475
0,0,0.0834552
0,0,0.0834978
0,0,0.0836123
0,0,0.083671
0,0,0.0838164
0,0,0.0840394
0,0,0.0841127
0,0,0.0843027
0,0,0.084581
0,0,0.0851178
0,0,0.0851742
0,0,0.0853232
0,0,0.0853623
0,0,0.0855203
0,0,0.0859281
0,0,0.0859693
0,0,0.0859965
0,0,0.0861762
0,0,0.086196
0,0,0.0862889
0,0,0.0873804
0,0,0.0875862
0,0,0.0877398
0,0,0.0880381
0,0,0.0882311
0,0,0.0883982
0,0,0.0884445
0,0,0.0885373
0,0,0.0887343
0,0,0.0890338
0,0,0.0890633
0,0,0.089113
0,0,0.0894095
0,0,0.0896922
0,0,0.0898158
0,0,0.0900535
0,0,0.090104
0,0,0.0901691
0,0,0.090223
0,0,0.0903292
0,0,0.0904745
0,0,0.0908725
0,0,0.0909989
0,0,0.0910753
0,0,0.0912023
0,0,0.0912648
0,0,0.0913647
0,0,0.0914378
0,0,0.091698
0,0,0.0917584
0,0,0.0918282
0,0,0.0920672
0,0,0.092276
0,0,0.0923609
0,0,0.0926216
0,0,0.0926512
0,0,0.092674
0,0,0.0927828
0,0,0.0928024
0,0,0.0929851
0,0,0.0930737
0,0,0.0933436
0,0,0.093492
0,0,0.0936209
0,0,0.0943493
0,0,0.0944978
0,0,0.0946347
0,0,0.0950712
0,0,0.0951279
0,0,0.0952577
0,0,0.0953166
0,0,0.0956005
0,0,0.0960261
0,0,0.0963698
0,0,0.0963894
0,0,0.0965877
0,0,0.0967434
0,0,0.0968532
0,0,0.0973506
0,0,0.0977701
0,0,0.0980737
0,0,0.0983047
0,0,0.0983895
0,0,0.0984086
0,0,0.098413
0,0,0.098422
0,0,0.0986314
0,0,0.0989464
0,0,0.0990101
0,0,0.0991832
0,0,0.099347
0,0,0.0994345
0,0,0.0998384
0,0,0.0999147
0,0,0.0999269
0,0,0.100651
0,0,0.1007
0,0,0.100746
0,0,0.10125
0,0,0.101295
0,0,0.101726
0,0,0.102044
0,0,0.102273
0,0,0.102344
0,0,0.102366
0,0,0.102855
0,0,0.102906
0,0,0.103448
0,0,0.103662
0,0,0.103734
0,0,0.103805
0,0,0.103828
0,0,0.104152
0,0,0.104429
0,0,0.104529
0,0,0.104627
0,0,0.104921
0,0,0.105038
0,0,0.105043
0,0,0.105291
0,0,0.105343
0,0,0.105683
0,0,0.105797
0,0,0.106046
0,0,0.106147
0,0,0.10619
0,0,0.10627
0,0,0.106422
0,0,0.106597
0,0,0.107082
0,0,0.107251
0,0,0.107435
0,0,0.107594
0,0,0.107851
0,0,0.108257
0,0,0.108323
0,0,0.108437
0,0,0.10844
0,0,0.108667
0,0,0.108695
0,0,0.109266
0,0,0.10993
0,0,0.109984
0,0,0.110841
0,0,0.111301
0,0,0.111362
0,0,0.111775
0,0,0.112414
0,0,0.112782
0,0,0.11312
0,0,0.113456
0,0,0.113595
0,0,0.113667
0,0,0.113925
0,0,0.113925
0,0,0.114052
0,0,0.114397
0,0,0.11453
0,0,0.114539
0,0,0.114694
0,0,0.115017
0,0,0.115243
0,0,0.115479
0,0,0.115908
0,0,0.116356
0,0,0.116647
0,0,0.117205
0,0,0.11734
0,0,0.117717
0,0,0.11783
0,0,0.117841
0,0,0.118122
0,0,0.118143
0,0,0.118225
0,0,0.118311
0,0,0.118506
0,0,0.119041
0,0,0.119723
0,0,0.119751
0,0,0.119901
0,0,0.12002
0,0,0.12018
0,0,0.120299
0,0,0.120334
0,0,0.120714
0,0,0.12139
0,0,0.121455
0,0,0.121784
0,0,0.122126
0,0,0.122301
0,0,0.122393
0,0,0.122475
0,0,0.122641
0,0,0.122764
0,0,0.123224
0,0,0.124081
0,0,0.124362
0,0,0.124839
0,0,0.124899
0,0,0.125013
0,0,0.125258
0,0,0.125551
0,0,0.12565
0,0,0.126182
0,0,0.12619
0,0,0.126772
0,0,0.126829
0,0,0.127182
0,0,0.127271
0,0,0.127302
0,0,0.127465
0,0,0.129695
0,0,0.12987
0,0,0.129912
0,0,0.130979
0,0,0.13168
0,0,0.131767
0,0,0.132055
0,0,0.132523
0,0,0.1327
0,0,0.132803
0,0,0.133218
0,0,0.133348
0,0,0.133512
0,0,0.134362
0,0,0.134743
0,0,0.134744
0,0,0.135626
0,0,0.135811
0,0,0.1359
0,0,0.137767
0,0,0.137811
0,0,0.138119
0,0,0.138446
0,0,0.138467
0,0,0.139004
0,0,0.139073
0,0,0.139109
0,0,0.139717
0,0,0.139842
0,0,0.14093
0,0,0.141127
0,0,0.141579
0,0,0.141868
0,0,0.141922
0,0,0.14265
0,0,0.142801
0,0,0.143376
0,0,0.14345
0,0,0.143674
0,0,0.144652
0,0,0.14476
0,0,0.14564
0,0,0.145927
0,0,0.146279
0,0,0.146592
0,0,0.146872
0,0,0.146924
0,0,0.147345
0,0,0.147916
0,0,0.147997
0,0,0.148129
0,0,0.148154
0,0,0.148301
0,0,0.148361
0,0,0.148584
0,0,0.148894
0,0,0.149487
0,0,0.149615
0,0,0.150624
0,0,0.150774
0,0,0.15117
0,0,0.151895
0,0,0.153446
0,0,0.154242
0,0,0.154766
0,0,0.155722
0,0,0.155835
0,0,0.156033
0,0,0.156037
0,0,0.156361
0,0,0.156369
0,0,0.156615
0,0,0.156652
0,0,0.156781
0,0,0.157023
0,0,0.157993
0,0,0.158857
0,0,0.159269
0,0,0.15965
0,0,0.160091
0,0,0.160444
0,0,0.161127
0,0,0.162387
0,0,0.162611
0,0,0.163773
0,0,0.163787
0,0,0.163811
0,0,0.163837
0,0,0.164084
0,0,0.164279
0,0,0.165005
0,0,0.165196
0,0,0.165233
0,0,0.165312
0,0,0.165586
0,0,0.165989
0,0,0.167288
0,0,0.167494
0,0,0.167637
0,0,0.168062
0,0,0.168183
0,0,0.168197
0,0,0.168234
0,0,0.168871
0,0,0.169012
0,0,0.169044
0,0,0.169605
0,0,0.169728
0,0,0.171146
0,0,0.171439
0,0,0.171453
0,0,0.171857
0,0,0.172065
0,0,0.173111
0,0,0.173794
0,0,0.17389
0,0,0.174072
0,0,0.174453
0,0,0.174492
0,0,0.175355
0,0,0.176003
0,0,0.176343
0,0,0.176826
0,0,0.177739
0,0,0.177786
0,0,0.178094
0,0,0.178835
0,0,0.178838
0,0,0.17929
0,0,0.179651
0,0,0.179667
0,0,0.180457
0,0,0.180808
0,0,0.18086
0,0,0.180909
0,0,0.181046
0,0,0.181057
0,0,0.181339
0,0,0.181871
0,0,0.182431
0,0,0.182954
0,0,0.185418
0,0,0.18554
0,0,0.18557
0,0,0.185945
0,0,0.186303
0,0,0.186523
0,0,0.186539
0,0,0.18668
0,0,0.186878
0,0,0.186922
0,0,0.187952
0,0,0.190134
0,0,0.190216
0,0,0.190342
0,0,0.19041
0,0,0.190411
0,0,0.190663
0,0,0.191603
0,0,0.191852
0,0,0.191876
0,0,0.192208
0,0,0.192321
0,0,0.19307
0,0,0.193264
0,0,0.193818
0,0,0.194979
0,0,0.195394
0,0,0.195909
0,0,0.195939
0,0,0.196134
0,0,0.196141
0,0,0.19698
0,0,0.197532
0,0,0.198031
0,0,0.199377
0,0,0.199665
0,0,0.199926
0,0,0.200241
0,0,0.201679
0,0,0.202077
0,0,0.202259
0,0,0.202417
0,0,0.204947
0,0,0.205445
0,0,0.206056
0,0,0.2063
0,0,0.206633
0,0,0.206756
0,0,0.207031
0,0,0.20725
0,0,0.208078
0,0,0.208197
0,0,0.208237
0,0,0.208601
0,0,0.209006
0,0,0.209816
0,0,0.209851
0,0,0.209948
0,0,0.210058
0,0,0.211046
0,0,0.21119
0,0,0.211806
0,0,0.211835
0,0,0.211911
0,0,0.212151
0,0,0.21231
0,0,0.212575
0,0,0.212757
0,0,0.212926
0,0,0.213048
0,0,0.213098
0,0,0.213183
0,0,0.213567
0,0,0.213578
0,0,0.213754
0,0,0.213881
0,0,0.214639
0,0,0.215227
0,0,0.216042
0,0,0.216201
0,0,0.216325
0,0,0.217051
0,0,0.217945
0,0,0.220088
0,0,0.221749
0,0,0.221791
0,0,0.222992
0,0,0.223139
0,0,0.223168
0,0,0.223243
0,0,0.223736
0,0,0.224223
0,0,0.224616
0,0,0.224701
0,0,0.22846
0,0,0.228488
0,0,0.22908
0,0,0.229188
0,0,0.229415
0,0,0.231016
0,0,0.231597
0,0,0.231672
0,0,0.232852
0,0,0.233682
0,0,0.233721
0,0,0.236343
0,0,0.237089
0,0,0.239358
0,0,0.241188
0,0,0.241962
0,0,0.242152
0,0,0.243733
0,0,0.244096
0,0,0.245683
0,0,0.248959
0,0,0.250448
0,0,0.250497
0,0,0.251481
0,0,0.251946
0,0,0.252413
0,0,0.254033
0,0,0.255235
0,0,0.256209
0,0,0.256405
0,0,0.258605
0,0,0.259406
0,0,0.261584
0,0,0.261713
0,0,0.264668
0,0,0.265202
0,0,0.265779
0,0,0.271547
0,0,0.273427
0,0,0.27442
0,0,0.275061
0,0,0.275214
0,0,0.27593
0,0,0.27653
0,0,0.276698
0,0,0.2772
0,0,0.277492
0,0,0.27789
0,0,0.279161
0,0,0.279642
0,0,0.280381
0,0,0.280801
0,0,0.282064
0,0,0.282874
0,0,0.283895
0,0,0.284142
0,0,0.284276
0,0,0.285289
0,0,0.285318
0,0,0.285647
0,0,0.285974
0,0,0.286002
0,0,0.286538
0,0,0.29007
0,0,0.290439
0,0,0.290676
0,0,0.291087
0,0,0.291745
0,0,0.292102
0,0,0.292391
0,0,0.292945
0,0,0.293043
0,0,0.293731
0,0,0.294014
0,0,0.294492
0,0,0.295402
0,0,0.295432
0,0,0.295546
0,0,0.298489
0,0,0.298672
0,0,0.299035
0,0,0.299072
0,0,0.299654
0,0,0.301286
0,0,0.303764
0,0,0.305096
0,0,0.305645
0,0,0.306576
0,0,0.306616
0,0,0.306953
0,0,0.308117
0,0,0.308826
0,0,0.309111
0,0,0.309599
0,0,0.310389
0,0,0.310563
0,0,0.310623
0,0,0.310651
0,0,0.311076
0,0,0.311485
0,0,0.31267
0,0,0.313547
0,0,0.315091
0,0,0.315643
0,0,0.31631
0,0,0.317083
0,0,0.317192
0,0,0.317894
0,0,0.318218
0,0,0.319225
0,0,0.319333
0,0,0.319357
0,0,0.321544
0,0,0.321646
0,0,0.322204
0,0,0.323922
0,0,0.324143
0,0,0.324507
0,0,0.324713
0,0,0.328314
0,0,0.328649
0,0,0.330439
0,0,0.330591
0,0,0.330715
0,0,0.331917
0,0,0.336524
0,0,0.338392
0,0,0.339768
0,0,0.341197
0,0,0.341675
0,0,0.341705
0,0,0.341709
0,0,0.342077
0,0,0.342088
0,0,0.347521
0,0,0.347963
0,0,0.348533
0,0,0.351956
0,0,0.354518
0,0,0.35473
0,0,0.355163
0,0,0.355285
0,0,0.355384
0,0,0.356284
0,0,0.357391
0,0,0.358146
0,0,0.359572
0,0,0.362643
0,0,0.365155
0,0,0.365719
0,0,0.366173
0,0,0.366189
0,0,0.366985
0,0,0.367442
0,0,0.368276
0,0,0.368393
0,0,0.36841
0,0,0.369047
0,0,0.370162
0,0,0.370312
0,0,0.372158
0,0,0.372565
0,0,0.372904
0,0,0.374008
0,0,0.375314
0,0,0.377109
0,0,0.378167
0,0,0.378736
0,0,0.378868
0,0,0.379868
0,0,0.383535
0,0,0.385079
0,0,0.386586
0,0,0.388286
0,0,0.388345
0,0,0.388926
0,0,0.39007
0,0,0.391776
0,0,0.393842
0,0,0.394648
0,0,0.395887
0,0,0.396075
0,0,0.398587
0,0,0.400682
0,0,0.401298
0,0,0.403038
0,0,0.406168
0,0,0.412571
0,0,0.422485
0,0,0.422547
0,0,0.423138
0,0,0.423821
0,0,0.425115
0,0,0.42858
0,0,0.430035
0,0,0.431576
0,0,0.431738
0,0,0.432092
0,0,0.434502
0,0,0.435772
0,0,0.443675
0,0,0.444441
0,0,0.444902
0,0,0.445652
0,0,0.44642
0,0,0.450864
0,0,0.453183
0,0,0.456021
0,0,0.461736
0,0,0.462043
0,0,0.475231
0,0,0.476571
0,0,0.480425
0,0,0.486378
0,0,0.496681
0,0,0.508509
0,0,0.513428
0,0,0.51538
0,0,0.519816
0,0,0.52841
0,0,0.542051
0,0,0.546683
0,0,0.570849
0,0,0.584905
0,0,0.60343
0,0,0.603745
0,0,0.604825
0,0,0.620378
0,0,0.626299
0,0,0.628673
0,0,0.631869
0,0,0.633458
0,0,0.635944
0,0,0.643376
0,0,0.646676
0,0,0.66173
0,0,0.669306
0,0,0.673058
0,0,0.675945
0,0,0.678979
0,0,0.679339
0,0,0.68063
0,0,0.686671
0,0,0.697041
0,0,0.69713
0,0,0.69753
0,0,0.725334
0,0,0.740169
0,0,0.747215
0,0,0.750744
0,0,0.75373
0,0,0.767386
0,0,0.794421
0,0,0.817477
0,0,0.900238
0,0,0.921616
0,0,3
1,1.36204,1.42682
1,1.36121,1.48755
1,1.24407,1.45523
1,1.19795,1.50557
1,1.19312,1.39118
1,1.09717,1.36026
1,1.08812,1.26559
1,1.00143,1.1665
1,0.980951,1.3623
1,0.952405,1.07566
1,0.933679,0.987576
1,0.917893,0.934528
1,0.905424,1.0883
1,0.891675,1.21823
1,0.880851,1.02885
1,0.867706,1.74614
1,0.853103,0.854336
1,0.835777,0.877053
1,0.832391,0.968327
1,0.831277,0.942711
1,0.822226,0.912797
1,0.814104,1.64631
1,0.80449,0.861257
1,0.779425,0.815924
1,0.771884,0.805368
1,0.766228,0.829421
1,0.754797,0.787875
1,0.741286,0.749228
1,0.72542,0.883897
1,0.719123,0.75644
1,0.715466,0.765302
1,0.707865,1.01095
1,0.692677,0.701326
1,0.67577,0.703188
1,0.67159,1.19811
1,0.665734,0.924805
1,0.662035,0.679411
1,0.657933,0.681472
1,0.655505,0.671913
1,0.653859,0.821387
1,0.644044,0.669039
1,0.637567,0.656408
1,0.634324,0.651816
1,0.633028,0.786641
1,0.621044,0.682463
1,0.619426,0.645374
1,0.60472,0.662293
1,0.587983,0.715322
1,0.580729,1.12098
1,0.577799,0.655957
1,0.575079,0.624315
1,0.57313,0.684474
1,0.565484,0.568498
1,0.56414,0.572623
1,0.558258,0.639211
1,0.557169,0.588833
1,0.550727,0.718822
1,0.550582,0.634377
1,0.546412,0.600924
1,0.537515,0.622208
1,0.530143,0.533578
1,0.528228,0.590422
1,0.527086,0.590234
1,0.52512,0.987544
1,0.519947,0.574718
1,0.518978,0.594889
1,0.516576,0.522799
1,0.509113,0.691955
1,0.501202,0.528851
1,0.497315,0.520787
1,0.496981,0.596795
1,0.496073,0.51803
1,0.493763,0.505427
1,0.492865,0.536141
1,0.488828,0.600498
1,0.488689,0.592438
1,0.479645,0.488752
1,0.476514,0.511843
1,0.47364,0.550177
1,0.472711,0.483746
1,0.470496,0.481507
1,0.470454,0.823922
1,0.468211,0.547544
1,0.46787,0.536502
1,0.467218,0.572565
1,0.466118,0.483583
1,0.464094,0.474476
1,0.462349,0.512087
1,0.461154,0.589602
1,0.461001,0.502138
1,0.457776,0.527875
1,0.456267,0.576508
1,0.453922,0.532467
1,0.452225,0.505192
1,0.447271,0.454387
1,0.445374,0.452932
1,0.44421,0.517503
1,0.443716,0.589378
1,0.438965,0.641653
1,0.438493,0.492313
1,0.436664,0.489676
1,0.435961,0.46423
1,0.430885,0.470634
1,0.430104,0.450528
1,0.430062,0.585537
1,0.429056,0.802036
1,0.427053,0.449141
1,0.426755,0.482576
1,0.426156,0.477924
1,0.425661,0.522799
1,0.424529,0.452547
1,0.421583,0.481973
1,0.420879,0.542904
1,0.419544,0.41997
1,0.419373,0.635271
1,0.414465,0.496124
1,0.407719,0.4138
1,0.405898,0.481838
1,0.405012,0.443544
1,0.402146,0.407562
1,0.401976,0.478244
1,0.400485,0.408814
1,0.398992,0.439924
1,0.397295,0.622915
1,0.392803,0.399395
1,0.390109,0.402004
1,0.389736,0.391147
1,0.388739,0.397513
1,0.386749,0.401992
1,0.386749,0.491428
1,0.386684,0.47441
1,0.384454,0.392867
1,0.38418,0.644484
1,0.378662,0.444336
1,0.378657,0.392062
1,0.373785,0.38976
1,0.371305,0.492124
1,0.36487,0.42054
1,0.363842,0.436056
1,0.361283,0.432582
1,0.352022,0.430184
1,0.346279,0.347494
1,0.338041,0.349805
1,0.337559,0.338204
1,0.335106,0.357722
1,0.329153,0.340251
1,0.328816,0.35992
1,0.322914,0.346896
1,0.318842,0.357655
1,0.307704,0.354564
1,0.306228,0.367065
1,0.305504,0.337716
1,0.297928,0.299114
1,0.296945,0.315505
1,0.294512,0.342748
1,0.292225,0.314248
1,0.291553,0.330511
1,0.291349,0.300359
1,0.28472,0.322256
1,0.279395,0.293384
1,0.277892,0.29716
1,0.274653,0.300909
1,0.273445,0.305366
1,0.262586,0.264019
1,0.257765,0.257838
1,0.252804,0.298913
1,0.242596,0.245275
1,0.236374,0.28996
1,0.23598,0.255008
1,0.235764,0.239093
1,0.233907,0.23605
1,0.232201,0.244908
1,0.231655,0.24276
1,0.226685,0.261283
1,0.220045,0.225396
1,0.219393,0.239137
1,0.217864,0.258197
1,0.217448,0.250802
1,0.215394,0.264348
1,0.211995,0.214606
1,0.208628,0.222194
1,0.207961,0.210869
1,0.205561,0.236359
1,0.204925,0.258588
1,0.203404,0.243251
1,0.201612,0.232383
1,0.198688,0.206813
1,0.19593,0.228544
1,0.195835,0.204159
1,0.191223,0.196105
1,0.189348,0.205132
1,0.188499,0.23184
1,0.187893,0.203079
1,0.187233,0.232383
1,0.186264,0.21105
1,0.184575,0.223113
1,0.184554,0.203079
1,0.184418,0.248744
1,0.179799,0.182318
1,0.17637,0.215726
1,0.17379,0.180087
1,0.173688,0.196934
1,0.173381,0.20686
1,0.173275,0.211926
1,0.17184,0.184563
1,0.171747,0.221115
1,0.168016,0.189693
1,0.16625,0.180557
1,0.163415,0.193093
1,0.162942,0.173736
1,0.16261,0.184148
1,0.161155,0.162172
1,0.160925,0.178545
1,0.156861,0.171676
1,0.155679,0.160802
1,0.154682,0.179924
1,0.154074,0.184567
1,0.153793,0.166207
1,0.153633,0.153664
1,0.15009,0.159293
1,0.14878,0.176466
1,0.148139,0.202328
1,0.148049,0.15394
1,0.147838,0.149815
1,0.146522,0.159843
1,0.144486,0.175786
1,0.143615,0.151134
1,0.143518,0.185468
1,0.142324,0.161006
1,0.142194,0.151751
1,0.141683,0.142737
1,0.141398,0.179396
1,0.141222,0.197162
1,0.140221,0.154852
1,0.138924,0.141322
1,0.137941,0.177548
1,0.136828,0.140598
1,0.136448,0.173554
1,0.136439,0.146352
1,0.136128,0.140262
1,0.136063,0.146116
1,0.136043,0.171456
1,0.135962,0.142661
1,0.135954,0.136669
1,0.133631,0.143554
1,0.133593,0.1379
1,0.133435,0.14431
1,0.131129,0.139922
1,0.130608,0.149966
1,0.130047,0.160521
1,0.129205,0.163268
1,0.128631,0.14136
1,0.127534,0.152236
1,0.125996,0.153319
1,0.125445,0.127675
1,0.124922,0.129737
1,0.12459,0.129779
1,0.124292,0.153852
1,0.123934,0.124182
1,0.123657,0.126656
1,0.122968,0.162251
1,0.122746,0.126244
1,0.122677,0.162007
1,0.12209,0.122595
1,0.121719,0.148953
1,0.121171,0.1593
1,0.121077,0.166787
1,0.120943,0.124303
1,0.119605,0.127726
1,0.119288,0.125526
1,0.117788,0.141767
1,0.117421,0.140743
1,0.116653,0.127288
1,0.116375,0.142843
1,0.116146,0.119959
1,0.115934,0.116288
1,0.115896,0.135811
1,0.114273,0.154961
1,0.113777,0.126298
1,0.11237,0.116016
1,0.111269,0.133797
1,0.108941,0.124133
1,0.105597,0.117248
1,0.103427,0.122856
1,0.102964,0.108315
1,0.102166,0.113933
1,0.10118,0.126395
1,0.100867,0.116693
1,0.100431,0.120376
1,0.100037,0.121438
1,0.0997028,0.100399
1,0.0984208,0.106317
1,0.098267,0.101208
1,0.0978503,0.13427
1,0.0975185,0.10043
1,0.0975172,0.119753
1,0.0970227,0.122392
1,0.0968026,0.132387
1,0.0964015,0.121631
1,0.0955234,0.0970806
1,0.0950201,0.102811
1,0.0944055,0.104964
1,0.094398,0.114597
1,0.0943306,0.100382
1,0.0940702,0.0983279
1,0.0931609,0.103155
1,0.0921121,0.0955236
1,0.0920844,0.0936562
1,0.0914148,0.107904
1,0.0912746,0.0917382
1,0.0902726,0.10816
1,0.0902465,0.15991
1,0.0895117,0.114586
1,0.0887597,0.100968
1,0.0886699,0.102156
1,0.0886652,0.124558
1,0.0886153,0.108073
1,0.0870879,0.0915031
1,0.0867948,0.139864
1,0.0867014,0.0969175
1,0.0866153,0.0956865
1,0.0861527,0.103846
1,0.0850955,0.134849
1,0.0850895,0.0943393
1,0.0849678,0.087126
1,0.0846331,0.0951717
1,0.0835522,0.109883
1,0.08349,0.112786
1,0.0808706,0.124381
1,0.08048,0.0895282
1,0.0790797,0.107754
1,0.0786253,0.079326
1,0.078063,0.0931006
1,0.0773671,0.0963102
1,0.0768048,0.0840714
1,0.0763455,0.111686
1,0.0761103,0.0829953
1,0.0754549,0.0771578
1,0.0748942,0.0792593
1,0.0742811,0.0752757
1,0.0738416,0.091285
1,0.0738092,0.0940852
1,0.0736042,0.07754
1,0.0735967,0.0789528
1,0.0729868,0.0746201
1,0.0724719,0.0969388
1,0.0716597,0.0789528
1,0.0715374,0.090622
1,0.0709728,0.081489
1,0.0705818,0.0773826
1,0.0705676,0.083876
1,0.0703229,0.0707241
1,0.0682429,0.0742142
1,0.0680751,0.0861049
1,0.0679531,0.07893
1,0.0675364,0.0727524
1,0.0672233,0.0738045
1,0.0670614,0.080925
1,0.0661365,0.0709807
1,0.0646714,0.0744825
1,0.0644908,0.0690186
1,0.0634544,0.0692772
1,0.0631474,0.0640734
1,0.0631395,0.0687969
1,0.0616577,0.0621305
1,0.0612463,0.071404
1,0.0601064,0.0625311
1,0.0598642,0.0826271
1,0.0594162,0.0596229
1,0.0589907,0.0595483
1,0.0588012,0.0631213
1,0.0542908,0.0597761
1,0.0540935,0.0565677
1,0.0540304,0.0722433
1,0.0534762,0.054002
1,0.0527481,0.0676787
1,0.0523698,0.0672358
1,0.052269,0.0649103
1,0.0522401,0.054844
1,0.0520607,0.0530965
1,0.0514157,0.0543106
1,0.0504967,0.064124
1,0.0492305,0.0557143
1,0.0466769,0.0541175
1,0.046377,0.057631
1,0.045263,0.0577797
1,0.044697,0.0548133
1,0.0445349,0.0523324
1,0.0445087,0.0461023
1,0.0443182,0.0637201
1,0.0440022,0.0524546
1,0.0438982,0.0575705
1,0.0438596,0.0534651
1,0.0428399,0.0532879
1,0.0421007,0.0594487
1,0.041687,0.0485315
1,0.0416849,0.0481273
1,0.0398183,0.053839
1,0.0392933,0.0397646
1,0.0335094,0.0425156
2,2.02079,2.0237
2,1.88928,1.89531
2,1.76194,2.05693
2,1.40464,1.41399
2,1.39282,1.40377
2,1.36793,1.37093
2,0.932878,0.992699
2,0.880705,0.890029
2,0.771633,0.772224
2,0.703129,0.715362
2,0.695284,0.715296
2,0.694405,0.696014
2,0.688469,0.695944
2,0.685028,0.699077
2,0.39804,0.410862
2,0.26755,0.275503
2,0.264095,0.270224
2,0.252587,0.272054
2,0.227015,0.234914
2,0.224091,0.224985
2,0.212493,0.218267
2,0.211679,0.228057
2,0.20428,0.20922
2,0.186652,0.192391
2,0.185288,0.191956
2,0.185288,0.193021
2,0.181882,0.184057
2,0.179799,0.182533
2,0.178588,0.187402
2,0.175463,0.19663
2,0.175066,0.179552
2,0.173677,0.181408
2,0.173273,0.173443
2,0.167781,0.173087
2,0.167729,0.185201
2,0.165024,0.165914
2,0.164214,0.16755
2,0.163248,0.167717
2,0.160241,0.166322
2,0.155905,0.164829
2,0.151987,0.163417
2,0.144136,0.146135
2,0.142542,0.147648
2,0.140222,0.142947
2,0.135782,0.138259
2,0.12789,0.128423
2,0.125776,0.13198
2,0.125585,0.130275
2,0.121407,0.126125
2,0.105917,0.106572
2,0.0915116,0.0927034
2,0.0911059,0.0974703
2,0.0831861,0.0849758
2,0.0743547,0.081943
2,0.0728639,0.0741269
2,0.0580303,0.0618614
