point cloud with 2064 points in dimension 3
0,0,0.00408265
0,0,0.00413749
0,0,0.00512672
0,0,0.00602412
0,0,0.00612475
0,0,0.00625143
0,0,0.0070815
0,0,0.00771077
0,0,0.0081921
0,0,0.00847285
0,0,0.00921776
0,0,0.00934872
0,0,0.00949694
0,0,0.00975548
0,0,0.00996664
0,0,0.0103516
0,0,0.010425
0,0,0.0106025
0,0,0.0110687
0,0,0.0110884
0,0,0.0111892
0,0,0.0112733
0,0,0.0117426
0,0,0.0123993
0,0,0.0124196
0,0,0.0124332
0,0,0.0125079
0,0,0.0129929
0,0,0.013006
0,0,0.0130795
0,0,0.0130853
0,0,0.0131932
0,0,0.0134341
0,0,0.0134693
0,0,0.0141846
0,0,0.0147364
0,0,0.0162023
0,0,0.0162731
0,0,0.0162736
0,0,0.0163275
0,0,0.0163468
0,0,0.0165094
0,0,0.0166107
0,0,0.0167645
0,0,0.0169029
0,0,0.0170988
0,0,0.0171312
0,0,0.0171962
0,0,0.0174448
0,0,0.017567
0,0,0.0177806
0,0,0.017856
0,0,0.017865
0,0,0.0180332
0,0,0.0180767
0,0,0.018119
0,0,0.0182332
0,0,0.0185419
0,0,0.0185868
0,0,0.0186348
0,0,0.018964
0,0,0.0190117
0,0,0.0190586
0,0,0.0191714
0,0,0.0193252
0,0,0.0193777
0,0,0.0194505
0,0,0.0194563
0,0,0.0194573
0,0,0.0195119
0,0,0.0195587
0,0,0.0195798
0,0,0.0196544
0,0,0.0197424
0,0,0.0197517
0,0,0.0197574
0,0,0.0197811
0,0,0.0205822
0,0,0.0206989
0,0,0.020918
0,0,0.0211882
0,0,0.0212028
0,0,0.0212221
0,0,0.0213596
0,0,0.0214994
0,0,0.021677
0,0,0.0217188
0,0,0.0217223
0,0,0.0217677
0,0,0.0219069
0,0,0.0220069
0,0,0.0220249
0,0,0.0221087
0,0,0.022254
0,0,0.0224364
0,0,0.0227186
0,0,0.0227933
0,0,0.0228066
0,0,0.0228903
0,0,0.0230919
0,0,0.0231259
0,0,0.0231965
0,0,0.0233627
0,0,0.023416
0,0,0.0235221
0,0,0.0237287
0,0,0.0239891
0,0,0.0239997
0,0,0.0240637
0,0,0.0241334
0,0,0.0242385
0,0,0.0242941
0,0,0.0243452
0,0,0.0243811
0,0,0.0246002
0,0,0.0246052
0,0,0.0248715
0,0,0.0249057
0,0,0.0253599
0,0,0.0255278
0,0,0.0255824
0,0,0.0257036
0,0,0.0258314
0,0,0.0259347
0,0,0.0260409
0,0,0.0261253
0,0,0.0262217
0,0,0.0262612
0,0,0.0263924
0,0,0.026648
0,0,0.0266745
0,0,0.0267159
0,0,0.0268739
0,0,0.0270132
0,0,0.0270223
0,0,0.027105
0,0,0.0271561
0,0,0.0271621
0,0,0.0272831
0,0,0.0273022
0,0,0.0274446
0,0,0.028236
0,0,0.0282545
0,0,0.0283813
0,0,0.0283886
0,0,0.028591
0,0,0.0285964
0,0,0.0286461
0,0,0.0286484
0,0,0.0287469
0,0,0.0287834
0,0,0.0288991
0,0,0.0290491
0,0,0.0290627
0,0,0.0290702
0,0,0.0291489
0,0,0.0295337
0,0,0.0296497
0,0,0.0297656
0,0,0.0297917
0,0,0.0298113
0,0,0.029883
0,0,0.0299119
0,0,0.0299699
0,0,0.0299965
0,0,0.0300213
0,0,0.03003
0,0,0.0301161
0,0,0.0301746
0,0,0.0302207
0,0,0.0303108
0,0,0.0303121
0,0,0.030448
0,0,0.0304515
0,0,0.0306926
0,0,0.0308311
0,0,0.0308443
0,0,0.0308972
0,0,0.0309905
0,0,0.0310583
0,0,0.031069
0,0,0.0310719
0,0,0.0311683
0,0,0.0313274
0,0,0.0313536
0,0,0.0313602
0,0,0.0313848
0,0,0.031518
0,0,0.0315548
0,0,0.0315696
0,0,0.0317343
0,0,0.0317827
0,0,0.031807
0,0,0.031819
0,0,0.0318708
0,0,0.03201
0,0,0.0320484
0,0,0.0321968
0,0,0.0322359
0,0,0.0322927
0,0,0.0323216
0,0,0.0323541
0,0,0.0324336
0,0,0.0324981
0,0,0.0326711
0,0,0.0327599
0,0,0.0328749
0,0,0.0330254
0,0,0.0331157
0,0,0.0332087
0,0,0.0332918
0,0,0.0333982
0,0,0.0334463
0,0,0.0335855
0,0,0.0336224
0,0,0.0336751
0,0,0.0338599
0,0,0.034025
0,0,0.0341697
0,0,0.034215
0,0,0.0343526
0,0,0.0344269
0,0,0.0344617
0,0,0.0345861
0,0,0.0346232
0,0,0.0346651
0,0,0.0347599
0,0,0.034854
0,0,0.0349129
0,0,0.0349157
0,0,0.0349162
0,0,0.0349469
0,0,0.0350696
0,0,0.0352091
0,0,0.0353996
0,0,0.0354181
0,0,0.035504
0,0,0.035568
0,0,0.0356057
0,0,0.0356684
0,0,0.0357525
0,0,0.0357956
0,0,0.0359564
0,0,0.0359931
0,0,0.0360098
0,0,0.036116
0,0,0.0361273
0,0,0.0362977
0,0,0.036328
0,0,0.0363532
0,0,0.0363842
0,0,0.0363901
0,0,0.036428
0,0,0.0365385
0,0,0.0365911
0,0,0.0365912
0,0,0.0366638
0,0,0.036675
0,0,0.0367056
0,0,0.0367265
0,0,0.036847
0,0,0.0369712
0,0,0.0370934
0,0,0.0371915
0,0,0.0372058
0,0,0.0372328
0,0,0.0372639
0,0,0.0373865
0,0,0.0375113
0,0,0.0376553
0,0,0.0376672
0,0,0.0377421
0,0,0.0377953
0,0,0.0380548
0,0,0.0381202
0,0,0.0381525
0,0,0.0381596
0,0,0.0381965
0,0,0.038246
0,0,0.0382544
0,0,0.0382856
0,0,0.0383959
0,0,0.0384301
0,0,0.0385226
0,0,0.0385551
0,0,0.0386204
0,0,0.0388121
0,0,0.0388723
0,0,0.0389713
0,0,0.0389883
0,0,0.0390569
0,0,0.0390882
0,0,0.0391304
0,0,0.0391414
0,0,0.0391747
0,0,0.0392413
0,0,0.0393533
0,0,0.0395227
0,0,0.0395729
0,0,0.0396066
0,0,0.0396431
0,0,0.0396971
0,0,0.0398406
0,0,0.0398897
0,0,0.039961
0,0,0.0399784
0,0,0.0400132
0,0,0.0400294
0,0,0.0400431
0,0,0.0402359
0,0,0.0403094
0,0,0.0404624
0,0,0.0406302
0,0,0.0406568
0,0,0.0406799
0,0,0.0406939
0,0,0.0407079
0,0,0.0407122
0,0,0.0411718
0,0,0.0411725
0,0,0.0412009
0,0,0.0412357
0,0,0.0413214
0,0,0.0414092
0,0,0.0414983
0,0,0.0417554
0,0,0.0417728
0,0,0.0418398
0,0,0.0418451
0,0,0.0420343
0,0,0.0420897
0,0,0.0421536
0,0,0.0423161
0,0,0.04233
0,0,0.0423462
0,0,0.0424004
0,0,0.042464
0,0,0.0425503
0,0,0.0428377
0,0,0.0428881
0,0,0.0429739
0,0,0.043083
0,0,0.0431398
0,0,0.0432129
0,0,0.0432337
0,0,0.0433471
0,0,0.0433865
0,0,0.0433965
0,0,0.0435826
0,0,0.0436803
0,0,0.0437174
0,0,0.0437514
0,0,0.0437821
0,0,0.0438262
0,0,0.043911
0,0,0.0439253
0,0,0.0440053
0,0,0.0440191
0,0,0.0440241
0,0,0.0441525
0,0,0.0441558
0,0,0.044213
0,0,0.0442273
0,0,0.0442416
0,0,0.0443422
0,0,0.0443496
0,0,0.0443583
0,0,0.0445252
0,0,0.0445562
0,0,0.0445586
0,0,0.0445671
0,0,0.0446066
0,0,0.0446249
0,0,0.0447054
0,0,0.0447798
0,0,0.0447933
0,0,0.0448037
0,0,0.0448088
0,0,0.0449648
0,0,0.0451313
0,0,0.045196
0,0,0.0453581
0,0,0.0453796
0,0,0.0454371
0,0,0.0454645
0,0,0.0455311
0,0,0.0455627
0,0,0.0455798
0,0,0.0455841
0,0,0.045602
0,0,0.0457008
0,0,0.045707
0,0,0.0457409
0,0,0.0457554
0,0,0.0458553
0,0,0.0459286
0,0,0.0459534
0,0,0.0462362
0,0,0.046304
0,0,0.046306
0,0,0.0463253
0,0,0.0464365
0,0,0.0464833
0,0,0.0465205
0,0,0.0468839
0,0,0.0469735
0,0,0.0470505
0,0,0.04706
0,0,0.0470931
0,0,0.0472713
0,0,0.0473596
0,0,0.0473896
0,0,0.0474218
0,0,0.0474657
0,0,0.0475955
0,0,0.0476921
0,0,0.0477365
0,0,0.0478292
0,0,0.0478397
0,0,0.0479107
0,0,0.0479478
0,0,0.0479509
0,0,0.0479552
0,0,0.0480032
0,0,0.0480627
0,0,0.0480677
0,0,0.0481062
0,0,0.0482762
0,0,0.0482812
0,0,0.0483163
0,0,0.0483587
0,0,0.0483858
0,0,0.0483907
0,0,0.0484705
0,0,0.0485778
0,0,0.048869
0,0,0.048977
0,0,0.0490704
0,0,0.0491095
0,0,0.0491777
0,0,0.0492629
0,0,0.0492836
0,0,0.04938
0,0,0.0494634
0,0,0.0495772
0,0,0.0496058
0,0,0.0496449
0,0,0.0496645
0,0,0.0497005
0,0,0.0498395
0,0,0.0498409
0,0,0.0499034
0,0,0.0499575
0,0,0.0500083
0,0,0.0500725
0,0,0.050282
0,0,0.0502959
0,0,0.0503219
0,0,0.0503869
0,0,0.0504329
0,0,0.0504559
0,0,0.0505365
0,0,0.0507725
0,0,0.0507767
0,0,0.0509136
0,0,0.0510292
0,0,0.0510295
0,0,0.0510586
0,0,0.051177
0,0,0.0513228
0,0,0.0514057
0,0,0.0514812
0,0,0.0516245
0,0,0.0516849
0,0,0.0516997
0,0,0.0518121
0,0,0.0518886
0,0,0.0519219
0,0,0.0519403
0,0,0.0520164
0,0,0.0520173
0,0,0.0520865
0,0,0.0521216
0,0,0.0521445
0,0,0.0523971
0,0,0.0524244
0,0,0.0524457
0,0,0.0526271
0,0,0.0526501
0,0,0.0526597
0,0,0.0527659
0,0,0.0527769
0,0,0.0527909
0,0,0.0528702
0,0,0.0529209
0,0,0.052971
0,0,0.0530101
0,0,0.0530315
0,0,0.0531262
0,0,0.0532755
0,0,0.0534221
0,0,0.0535372
0,0,0.053569
0,0,0.0536938
0,0,0.0537164
0,0,0.0537552
0,0,0.0538744
0,0,0.053943
0,0,0.0539554
0,0,0.0539865
0,0,0.0540609
0,0,0.0541359
0,0,0.054235
0,0,0.0542609
0,0,0.054309
0,0,0.0543838
0,0,0.0547651
0,0,0.0549172
0,0,0.0549619
0,0,0.0550787
0,0,0.0551162
0,0,0.0552872
0,0,0.0553068
0,0,0.0555022
0,0,0.0555422
0,0,0.0557082
0,0,0.0557574
0,0,0.0557763
0,0,0.0559239
0,0,0.0560288
0,0,0.0560643
0,0,0.0561489
0,0,0.0561974
0,0,0.0563871
0,0,0.0564687
0,0,0.0568068
0,0,0.0568168
0,0,0.0568549
0,0,0.0568865
0,0,0.0569193
0,0,0.0572552
0,0,0.0572887
0,0,0.0573818
0,0,0.0574171
0,0,0.0575918
0,0,0.0577198
0,0,0.0579628
0,0,0.0579744
0,0,0.0580355
0,0,0.0580661
0,0,0.0580935
0,0,0.0580996
0,0,0.0581448
0,0,0.0582121
0,0,0.0584138
0,0,0.0585073
0,0,0.0585441
0,0,0.0585721
0,0,0.0586029
0,0,0.0590151
0,0,0.0591306
0,0,0.0591357
0,0,0.0591799
0,0,0.0591924
0,0,0.059193
0,0,0.0591997
0,0,0.059234
0,0,0.0593365
0,0,0.0593499
0,0,0.0593886
0,0,0.0596177
0,0,0.0596687
0,0,0.0597632
0,0,0.059912
0,0,0.0599304
0,0,0.059931
0,0,0.0599524
0,0,0.0600955
0,0,0.0601852
0,0,0.0605229
0,0,0.0605451
0,0,0.0605543
0,0,0.0606009
0,0,0.0609701
0,0,0.0611242
0,0,0.0613409
0,0,0.0613446
0,0,0.0614205
0,0,0.0615702
0,0,0.0616336
0,0,0.0616846
0,0,0.0619278
0,0,0.0620334
0,0,0.0622188
0,0,0.0624627
0,0,0.062725
0,0,0.0628439
0,0,0.0628777
0,0,0.0629441
0,0,0.0629537
0,0,0.0629618
0,0,0.0629625
0,0,0.0629919
0,0,0.063011
0,0,0.063038
0,0,0.0631159
0,0,0.0631538
0,0,0.0631676
0,0,0.063207
0,0,0.0633705
0,0,0.0635832
0,0,0.0636691
0,0,0.0636839
0,0,0.0636921
0,0,0.0637728
0,0,0.0638051
0,0,0.0638052
0,0,0.0638099
0,0,0.063887
0,0,0.0638974
0,0,0.0640097
0,0,0.0640377
0,0,0.0641002
0,0,0.0641417
0,0,0.0643847
0,0,0.0643983
0,0,0.0645307
0,0,0.06477
0,0,0.0649684
0,0,0.0651224
0,0,0.0652291
0,0,0.0653454
0,0,0.0653932
0,0,0.0655345
0,0,0.066009
0,0,0.0663072
0,0,0.0663366
0,0,0.0664894
0,0,0.0664902
0,0,0.0665155
0,0,0.0665327
0,0,0.066613
0,0,0.0666954
0,0,0.0667225
0,0,0.0669038
0,0,0.0670419
0,0,0.0670866
0,0,0.0670943
0,0,0.0671167
0,0,0.0674471
0,0,0.0676312
0,0,0.0676764
0,0,0.067694
0,0,0.0677757
0,0,0.0678829
0,0,0.0679745
0,0,0.0680316
0,0,0.0682726
0,0,0.0683234
0,0,0.0683655
0,0,0.0684127
0,0,0.0684665
0,0,0.0685515
0,0,0.068575
0,0,0.0687309
0,0,0.0687453
0,0,0.0689707
0,0,0.0689723
0,0,0.069124
0,0,0.0691484
0,0,0.069183
0,0,0.0691949
0,0,0.069202
0,0,0.0693656
0,0,0.0694328
0,0,0.0694504
0,0,0.069471
0,0,0.0696255
0,0,0.0696302
0,0,0.0698421
0,0,0.0699191
0,0,0.069938
0,0,0.0700038
0,0,0.0700245
0,0,0.0703461
0,0,0.0703643
0,0,0.0705082
0,0,0.0707097
0,0,0.0708272
0,0,0.0708924
0,0,0.0710812
0,0,0.0711048
0,0,0.0712345
0,0,0.0713828
0,0,0.0713953
0,0,0.0714509
0,0,0.0714572
0,0,0.0714928
0,0,0.0715194
0,0,0.0715348
0,0,0.0715832
0,0,0.0716387
0,0,0.0717944
0,0,0.0718157
0,0,0.0718458
0,0,0.0719815
0,0,0.0721318
0,0,0.0721538
0,0,0.0721558
0,0,0.0722298
0,0,0.0722656
0,0,0.0723875
0,0,0.072432
0,0,0.0724881
0,0,0.0724941
0,0,0.0725569
0,0,0.072651
0,0,0.0726595
0,0,0.0727271
0,0,0.0727381
0,0,0.0727909
0,0,0.0728484
0,0,0.0728631
0,0,0.0728699
0,0,0.0729365
0,0,0.0729761
0,0,0.0729845
0,0,0.0730519
0,0,0.0733265
0,0,0.0733971
0,0,0.0736152
0,0,0.0736533
0,0,0.0736645
0,0,0.0736965
0,0,0.073818
0,0,0.0738267
0,0,0.0738496
0,0,0.0738876
0,0,0.0739209
0,0,0.0741048
0,0,0.0741909
0,0,0.0741911
0,0,0.0742599
0,0,0.0742645
0,0,0.0744352
0,0,0.0744434
0,0,0.0744653
0,0,0.0745376
0,0,0.0745777
0,0,0.0747356
0,0,0.0749392
0,0,0.0749935
0,0,0.0750874
0,0,0.0751378
0,0,0.0751584
0,0,0.0751616
0,0,0.0751848
0,0,0.0752963
0,0,0.0754448
0,0,0.0754731
0,0,0.0754982
0,0,0.0755393
0,0,0.075664
0,0,0.0757636
0,0,0.0757813
0,0,0.0759342
0,0,0.0762159
0,0,0.0763458
0,0,0.0765973
0,0,0.0770475
0,0,0.0771451
0,0,0.0771529
0,0,0.0772051
0,0,0.077354
0,0,0.0773581
0,0,0.0774872
0,0,0.0778239
0,0,0.0779427
0,0,0.0780198
0,0,0.0780554
0,0,0.0780677
0,0,0.0781868
0,0,0.0783343
0,0,0.0783643
0,0,0.078456
0,0,0.0784878
0,0,0.0786419
0,0,0.0787076
0,0,0.0790595
0,0,0.0792557
0,0,0.0794715
0,0,0.0798474
0,0,0.0798585
0,0,0.0799422
0,0,0.0800498
0,0,0.0800503
0,0,0.0806493
0,0,0.0808443
0,0,0.0808939
0,0,0.0809486
0,0,0.0811569
0,0,0.0811802
0,0,0.0812213
0,0,0.0813606
0,0,0.0815414
0,0,0.0818899
0,0,0.0819441
0,0,0.0820561
0,0,0.0820616
0,0,0.0820662
0,0,0.0822994
0,0,0.0823359
0,0,0.082354
0,0,0.0824073
0,0,0.0824164
0,0,0.0824726
0,0,0.0824979
0,0,0.0826021
0,0,0.082824
0,0,0.0829663
0,0,0.0830118
0,0,0.0832862
0,0,0.0832894
0,0,0.0833939
0,0,0.0834919
0,0,0.0835038
0,0,0.0836434
0,0,0.0837976
0,0,0.0839137
0,0,0.0839899
0,0,0.0840331
0,0,0.0841478
0,0,0.0842573
0,0,0.0842702
0,0,0.0843576
0,0,0.0843922
0,0,0.0845009
0,0,0.0845531
0,0,0.0847696
0,0,0.0849874
0,0,0.0850015
0,0,0.0850315
0,0,0.0850883
0,0,0.0851446
0,0,0.0851612
0,0,0.0851736
0,0,0.0852216
0,0,0.0853484
0,0,0.0855486
0,0,0.0855917
0,0,0.0856417
0,0,0.0856836
0,0,0.0857528
0,0,0.0857738
0,0,0.0857985
0,0,0.0860206
0,0,0.0860859
0,0,0.0866061
0,0,0.0867068
0,0,0.0867583
0,0,0.0867678
0,0,0.0867935
0,0,0.0869628
0,0,0.0869785
0,0,0.0870094
0,0,0.0870682
0,0,0.0871256
0,0,0.0871459
0,0,0.0872201
0,0,0.0874005
0,0,0.0875379
0,0,0.0876072
0,0,0.0876927
0,0,0.0876979
0,0,0.0877422
0,0,0.0877798
0,0,0.0880772
0,0,0.0881146
0,0,0.0881216
0,0,0.0881426
0,0,0.0881753
0,0,0.088227
0,0,0.0882949
0,0,0.0885655
0,0,0.088639
0,0,0.0888583
0,0,0.089098
0,0,0.089191
0,0,0.0892504
0,0,0.0892651
0,0,0.0893022
0,0,0.0893279
0,0,0.0894738
0,0,0.0894923
0,0,0.0895294
0,0,0.0895447
0,0,0.0896166
0,0,0.0896711
0,0,0.0896915
0,0,0.0897042
0,0,0.0897143
0,0,0.08978
0,0,0.0903092
0,0,0.0903644
0,0,0.0903952
0,0,0.0904813
0,0,0.0906521
0,0,0.0908313
0,0,0.0908634
0,0,0.0909953
0,0,0.0910702
0,0,0.0911367
0,0,0.0916117
0,0,0.0916569
0,0,0.0918365
0,0,0.0918439
0,0,0.0921165
0,0,0.092119
0,0,0.0924442
0,0,0.0924808
0,0,0.0925169
0,0,0.0925878
0,0,0.0927648
0,0,0.0927863
0,0,0.0928248
0,0,0.0928514
0,0,0.0929048
0,0,0.092923
0,0,0.0931246
0,0,0.0931292
0,0,0.0934023
0,0,0.0934872
0,0,0.0934971
0,0,0.093498
0,0,0.0935297
0,0,0.0935377
0,0,0.0935764
0,0,0.093579
0,0,0.093586
0,0,0.0936989
0,0,0.0937614
0,0,0.0938492
0,0,0.0939016
0,0,0.0939164
0,0,0.0939272
0,0,0.0942819
0,0,0.0944948
0,0,0.0945901
0,0,0.0946407
0,0,0.0946792
0,0,0.094706
0,0,0.0948288
0,0,0.0949728
0,0,0.0951126
0,0,0.0951798
0,0,0.0954105
0,0,0.095571
0,0,0.095574
0,0,0.0955767
0,0,0.0958089
0,0,0.0959462
0,0,0.0960322
0,0,0.0961271
0,0,0.096203
0,0,0.0962925
0,0,0.0964139
0,0,0.0965583
0,0,0.0965967
0,0,0.0966355
0,0,0.096917
0,0,0.0971597
0,0,0.0972612
0,0,0.0972903
0,0,0.0976669
0,0,0.0977129
0,0,0.0977187
0,0,0.0981327
0,0,0.0982588
0,0,0.0982755
0,0,0.0982836
0,0,0.0983644
0,0,0.0986404
0,0,0.0987074
0,0,0.0987107
0,0,0.0987274
0,0,0.0989925
0,0,0.0991088
0,0,0.0993921
0,0,0.0995517
0,0,0.0995548
0,0,0.0995745
0,0,0.099773
0,0,0.100599
0,0,0.10062
0,0,0.101247
0,0,0.101279
0,0,0.101501
0,0,0.10153
0,0,0.101657
0,0,0.101949
0,0,0.102784
0,0,0.102851
0,0,0.103051
0,0,0.103073
0,0,0.103127
0,0,0.103417
0,0,0.103495
0,0,0.103549
0,0,0.104028
0,0,0.104319
0,0,0.104404
0,0,0.104429
0,0,0.104454
0,0,0.104457
0,0,0.104492
0,0,0.104498
0,0,0.104579
0,0,0.104734
0,0,0.104862
0,0,0.104872
0,0,0.105516
0,0,0.105529
0,0,0.105623
0,0,0.10572
0,0,0.105727
0,0,0.105847
0,0,0.106528
0,0,0.106627
0,0,0.106724
0,0,0.106776
0,0,0.107036
0,0,0.107114
0,0,0.107124
0,0,0.107436
0,0,0.107474
0,0,0.107524
0,0,0.107648
0,0,0.107697
0,0,0.107711
0,0,0.107902
0,0,0.108085
0,0,0.108153
0,0,0.108355
0,0,0.108378
0,0,0.108491
0,0,0.108504
0,0,0.108623
0,0,0.108707
0,0,0.109019
0,0,0.109086
0,0,0.109247
0,0,0.109451
0,0,0.109582
0,0,0.109805
0,0,0.109882
0,0,0.110149
0,0,0.110156
0,0,0.110213
0,0,0.110258
0,0,0.110477
0,0,0.110532
0,0,0.110686
0,0,0.110903
0,0,0.110931
0,0,0.110996
0,0,0.111069
0,0,0.111228
0,0,0.111242
0,0,0.111544
0,0,0.111706
0,0,0.111764
0,0,0.111945
0,0,0.112267
0,0,0.11239
0,0,0.112418
0,0,0.112445
0,0,0.112561
0,0,0.112643
0,0,0.112809
0,0,0.112938
0,0,0.112974
0,0,0.113063
0,0,0.113136
0,0,0.113142
0,0,0.113202
0,0,0.113548
0,0,0.113574
0,0,0.113671
0,0,0.114353
0,0,0.11453
0,0,0.114541
0,0,0.114653
0,0,0.114691
0,0,0.114978
0,0,0.115042
0,0,0.115305
0,0,0.115339
0,0,0.115511
0,0,0.115516
0,0,0.115543
0,0,0.115552
0,0,0.115709
0,0,0.115998
0,0,0.116047
0,0,0.116442
0,0,0.116597
0,0,0.117172
0,0,0.117221
0,0,0.117295
0,0,0.117585
0,0,0.117624
0,0,0.117662
0,0,0.117741
0,0,0.117787
0,0,0.117829
0,0,0.117883
0,0,0.117893
0,0,0.118162
0,0,0.118297
0,0,0.118302
0,0,0.118373
0,0,0.118761
0,0,0.118957
0,0,0.119009
0,0,0.119312
0,0,0.119355
0,0,0.119405
0,0,0.119535
0,0,0.119601
0,0,0.119971
0,0,0.120084
0,0,0.120279
0,0,0.120519
0,0,0.120547
0,0,0.120578
0,0,0.120718
0,0,0.120724
0,0,0.121069
0,0,0.121133
0,0,0.121281
0,0,0.121371
0,0,0.121385
0,0,0.121391
0,0,0.121495
0,0,0.121608
0,0,0.122019
0,0,0.122059
0,0,0.122131
0,0,0.122143
0,0,0.122164
0,0,0.122261
0,0,0.122278
0,0,0.122566
0,0,0.122601
0,0,0.12269
0,0,0.123077
0,0,0.123142
0,0,0.123246
0,0,0.123283
0,0,0.123516
0,0,0.123894
0,0,0.123955
0,0,0.124072
0,0,0.124753
0,0,0.125073
0,0,0.125086
0,0,0.125192
0,0,0.125298
0,0,0.12553
0,0,0.125562
0,0,0.125992
0,0,0.126044
0,0,0.126245
0,0,0.126451
0,0,0.126471
0,0,0.126484
0,0,0.126775
0,0,0.127031
0,0,0.12735
0,0,0.127995
0,0,0.128033
0,0,0.128182
0,0,0.128475
0,0,0.128484
0,0,0.128516
0,0,0.128893
0,0,0.129026
0,0,0.129584
0,0,0.12959
0,0,0.12967
0,0,0.129773
0,0,0.129889
0,0,0.129919
0,0,0.130184
0,0,0.130324
0,0,0.130422
0,0,0.130488
0,0,0.130768
0,0,0.130816
0,0,0.130915
0,0,0.13107
0,0,0.131142
0,0,0.131402
0,0,0.131436
0,0,0.131451
0,0,0.131604
0,0,0.131628
0,0,0.131858
0,0,0.131876
0,0,0.131899
0,0,0.131963
0,0,0.132287
0,0,0.132291
0,0,0.132816
0,0,0.13318
0,0,0.133554
0,0,0.133643
0,0,0.133992
0,0,0.134051
0,0,0.134168
0,0,0.134221
0,0,0.134386
0,0,0.134439
0,0,0.134461
0,0,0.134572
0,0,0.134745
0,0,0.134798
0,0,0.134832
0,0,0.135052
0,0,0.1351
0,0,0.135529
0,0,0.135699
0,0,0.135737
0,0,0.135932
0,0,0.135991
0,0,0.136044
0,0,0.136148
0,0,0.136197
0,0,0.136299
0,0,0.136455
0,0,0.13651
0,0,0.136567
0,0,0.136803
0,0,0.136876
0,0,0.137017
0,0,0.137248
0,0,0.137289
0,0,0.137521
0,0,0.137592
0,0,0.137687
0,0,0.137969
0,0,0.138132
0,0,0.13841
0,0,0.138463
0,0,0.138691
0,0,0.138756
0,0,0.13876
0,0,0.138815
0,0,0.138825
0,0,0.139083
0,0,0.139231
0,0,0.139342
0,0,0.139366
0,0,0.139443
0,0,0.139486
0,0,0.139737
0,0,0.140256
0,0,0.140356
0,0,0.140376
0,0,0.140436
0,0,0.14047
0,0,0.140659
0,0,0.141034
0,0,0.141108
0,0,0.14117
0,0,0.141193
0,0,0.141254
0,0,0.141639
0,0,0.141709
0,0,0.141824
0,0,0.141882
0,0,0.14228
0,0,0.142425
0,0,0.142636
0,0,0.143302
0,0,0.14344
0,0,0.143497
0,0,0.143555
0,0,0.143677
0,0,0.14411
0,0,0.144203
0,0,0.144214
0,0,0.14431
0,0,0.144343
0,0,0.144355
0,0,0.14449
0,0,0.14457
0,0,0.14481
0,0,0.144881
0,0,0.1449
0,0,0.145482
0,0,0.145651
0,0,0.145985
0,0,0.146188
0,0,0.146226
0,0,0.1463
0,0,0.14631
0,0,0.146412
0,0,0.147268
0,0,0.147439
0,0,0.147495
0,0,0.147698
0,0,0.147897
0,0,0.148104
0,0,0.148346
0,0,0.148487
0,0,0.148543
0,0,0.148624
0,0,0.148765
0,0,0.148844
0,0,0.148976
0,0,0.149258
0,0,0.149379
0,0,0.149446
0,0,0.149784
0,0,0.149859
0,0,0.149883
0,0,0.150031
0,0,0.150128
0,0,0.150294
0,0,0.150302
0,0,0.150444
0,0,0.150491
0,0,0.150554
0,0,0.151428
0,0,0.151457
0,0,0.151551
0,0,0.151636
0,0,0.151793
0,0,0.152049
0,0,0.152232
0,0,0.152342
0,0,0.152343
0,0,0.152364
0,0,0.152442
0,0,0.152499
0,0,0.152605
0,0,0.152645
0,0,0.152809
0,0,0.152841
0,0,0.152842
0,0,0.152998
0,0,0.153281
0,0,0.153358
0,0,0.153379
0,0,0.153387
0,0,0.15385
0,0,0.154015
0,0,0.154066
0,0,0.154654
0,0,0.154743
0,0,0.154771
0,0,0.154794
0,0,0.155137
0,0,0.155244
0,0,0.155291
0,0,0.155426
0,0,0.155758
0,0,0.155825
0,0,0.155918
0,0,0.156101
0,0,0.156273
0,0,0.156444
0,0,0.156452
0,0,0.156566
0,0,0.1567
0,0,0.156703
0,0,0.156826
0,0,0.156891
0,0,0.157056
0,0,0.157182
0,0,0.157374
0,0,0.157422
0,0,0.157718
0,0,0.157819
0,0,0.158084
0,0,0.158496
0,0,0.158531
0,0,0.158543
0,0,0.158684
0,0,0.158734
0,0,0.158779
0,0,0.158938
0,0,0.159104
0,0,0.159174
0,0,0.159179
0,0,0.159743
0,0,0.159841
0,0,0.160106
0,0,0.160246
0,0,0.160533
0,0,0.160795
0,0,0.160839
0,0,0.160979
0,0,0.161181
0,0,0.161453
0,0,0.161681
0,0,0.161782
0,0,0.161846
0,0,0.161888
0,0,0.161953
0,0,0.161991
0,0,0.162326
0,0,0.162493
0,0,0.162734
0,0,0.162761
0,0,0.16315
0,0,0.163156
0,0,0.163164
0,0,0.16318
0,0,0.163667
0,0,0.163916
0,0,0.163932
0,0,0.1641
0,0,0.164107
0,0,0.164123
0,0,0.164218
0,0,0.164525
0,0,0.164682
0,0,0.164914
0,0,0.165189
0,0,0.165282
0,0,0.165469
0,0,0.165516
0,0,0.165677
0,0,0.165778
0,0,0.166015
0,0,0.166325
0,0,0.166392
0,0,0.166465
0,0,0.166737
0,0,0.166778
0,0,0.166937
0,0,0.167067
0,0,0.167931
0,0,0.168131
0,0,0.168177
0,0,0.168342
0,0,0.168449
0,0,0.168671
0,0,0.168693
0,0,0.168899
0,0,0.168921
0,0,0.168964
0,0,0.169123
0,0,0.169463
0,0,0.169893
0,0,0.169902
0,0,0.170239
0,0,0.170576
0,0,0.170634
0,0,0.170687
0,0,0.170798
0,0,0.171078
0,0,0.171127
0,0,0.171199
0,0,0.171806
0,0,0.171887
0,0,0.171977
0,0,0.172369
0,0,0.172912
0,0,0.172932
0,0,0.17315
0,0,0.173695
0,0,0.173756
0,0,0.173798
0,0,0.17401
0,0,0.174051
0,0,0.17423
0,0,0.174451
0,0,0.175063
0,0,0.175473
0,0,0.175481
0,0,0.175495
0,0,0.175767
0,0,0.176363
0,0,0.17647
0,0,0.176596
0,0,0.177031
0,0,0.177063
0,0,0.177233
0,0,0.177264
0,0,0.177304
0,0,0.177439
0,0,0.177458
0,0,0.177475
0,0,0.178155
0,0,0.178192
0,0,0.17822
0,0,0.178525
0,0,0.178603
0,0,0.178621
0,0,0.178991
0,0,0.179093
0,0,0.17915
0,0,0.179366
0,0,0.179635
0,0,0.179693
0,0,0.180086
0,0,0.18027
0,0,0.180383
0,0,0.180931
0,0,0.181114
0,0,0.181233
0,0,0.181525
0,0,0.18186
0,0,0.181977
0,0,0.182551
0,0,0.182601
0,0,0.182973
0,0,0.183637
0,0,0.183874
0,0,0.183908
0,0,0.184315
0,0,0.18467
0,0,0.184811
0,0,0.184919
0,0,0.185052
0,0,0.185066
0,0,0.185354
0,0,0.185541
0,0,0.185915
0,0,0.185923
0,0,0.186072
0,0,0.186418
0,0,0.187284
0,0,0.187408
0,0,0.187428
0,0,0.188018
0,0,0.1881
0,0,0.188956
0,0,0.189005
0,0,0.189424
0,0,0.18958
0,0,0.189715
0,0,0.18973
0,0,0.189902
0,0,0.190124
0,0,0.190367
0,0,0.190528
0,0,0.190875
0,0,0.190978
0,0,0.191152
0,0,0.191301
0,0,0.191808
0,0,0.192099
0,0,0.192252
0,0,0.192397
0,0,0.192689
0,0,0.193246
0,0,0.193435
0,0,0.193457
0,0,0.193597
0,0,0.193657
0,0,0.193676
0,0,0.194312
0,0,0.194836
0,0,0.194839
0,0,0.195026
0,0,0.195271
0,0,0.195566
0,0,0.195896
0,0,0.196878
0,0,0.197097
0,0,0.197285
0,0,0.197406
0,0,0.19749
0,0,0.197677
0,0,0.197738
0,0,0.197816
0,0,0.198543
0,0,0.198704
0,0,0.198761
0,0,0.198908
0,0,0.199004
0,0,0.199065
0,0,0.199112
0,0,0.19924
0,0,0.199486
0,0,0.199954
0,0,0.20015
0,0,0.200311
0,0,0.200847
0,0,0.201005
0,0,0.201294
0,0,0.201321
0,0,0.201347
0,0,0.201871
0,0,0.201896
0,0,0.201953
0,0,0.202286
0,0,0.202441
0,0,0.202554
0,0,0.202622
0,0,0.202649
0,0,0.202927
0,0,0.203086
0,0,0.203559
0,0,0.204006
0,0,0.204694
0,0,0.204722
0,0,0.204943
0,0,0.205878
0,0,0.206692
0,0,0.206902
0,0,0.206953
0,0,0.207365
0,0,0.207384
0,0,0.207607
0,0,0.207811
0,0,0.207867
0,0,0.208108
0,0,0.208232
0,0,0.208432
0,0,0.2094
0,0,0.20946
0,0,0.209488
0,0,0.209618
0,0,0.209858
0,0,0.209863
0,0,0.210101
0,0,0.210395
0,0,0.210671
0,0,0.210738
0,0,0.211318
0,0,0.211736
0,0,0.211964
0,0,0.212417
0,0,0.212863
0,0,0.212937
0,0,0.213037
0,0,0.213077
0,0,0.213796
0,0,0.214418
0,0,0.214461
0,0,0.214538
0,0,0.214734
0,0,0.21526
0,0,0.215483
0,0,0.215559
0,0,0.215824
0,0,0.216002
0,0,0.216003
0,0,0.216021
0,0,0.216422
0,0,0.216671
0,0,0.217081
0,0,0.217646
0,0,0.217683
0,0,0.217831
0,0,0.218109
0,0,0.218193
0,0,0.218243
0,0,0.218329
0,0,0.218933
0,0,0.219054
0,0,0.219439
0,0,0.220248
0,0,0.220763
0,0,0.220769
0,0,0.221155
0,0,0.221329
0,0,0.221393
0,0,0.222186
0,0,0.222355
0,0,0.222605
0,0,0.22263
0,0,0.222878
0,0,0.222931
0,0,0.223085
0,0,0.223263
0,0,0.223472
0,0,0.22431
0,0,0.224472
0,0,0.22466
0,0,0.224706
0,0,0.224755
0,0,0.225255
0,0,0.22539
0,0,0.225723
0,0,0.226091
0,0,0.226394
0,0,0.226432
0,0,0.227077
0,0,0.227078
0,0,0.227771
0,0,0.228055
0,0,0.228182
0,0,0.228699
0,0,0.228743
0,0,0.228989
0,0,0.22939
0,0,0.229552
0,0,0.229889
0,0,0.230456
0,0,0.230615
0,0,0.230705
0,0,0.23093
0,0,0.231175
0,0,0.231477
0,0,0.231489
0,0,0.232478
0,0,0.232959
0,0,0.233055
0,0,0.233741
0,0,0.233815
0,0,0.233878
0,0,0.234445
0,0,0.234931
0,0,0.234956
0,0,0.235518
0,0,0.236978
0,0,0.237185
0,0,0.237258
0,0,0.237676
0,0,0.237951
0,0,0.23801
0,0,0.238351
0,0,0.238382
0,0,0.238802
0,0,0.238828
0,0,0.238843
0,0,0.239
0,0,0.23998
0,0,0.240891
0,0,0.240893
0,0,0.241017
0,0,0.241375
0,0,0.241563
0,0,0.242535
0,0,0.242723
0,0,0.243426
0,0,0.243487
0,0,0.243495
0,0,0.243739
0,0,0.24382
0,0,0.244047
0,0,0.244117
0,0,0.244118
0,0,0.244558
0,0,0.244569
0,0,0.244621
0,0,0.244808
0,0,0.245257
0,0,0.245366
0,0,0.24546
0,0,0.24621
0,0,0.247086
0,0,0.248053
0,0,0.248173
0,0,0.248179
0,0,0.248753
0,0,0.248869
0,0,0.249017
0,0,0.24951
0,0,0.249716
0,0,0.249985
0,0,0.25019
0,0,0.250695
0,0,0.250795
0,0,0.250825
0,0,0.251401
0,0,0.252035
0,0,0.252121
0,0,0.252579
0,0,0.25315
0,0,0.253169
0,0,0.253452
0,0,0.254286
0,0,0.254537
0,0,0.255049
0,0,0.2555
0,0,0.255508
0,0,0.256073
0,0,0.256113
0,0,0.256133
0,0,0.256278
0,0,0.256467
0,0,0.256526
0,0,0.256857
0,0,0.257273
0,0,0.257497
0,0,0.257504
0,0,0.257586
0,0,0.258207
0,0,0.258738
0,0,0.259126
0,0,0.259717
0,0,0.261675
0,0,0.26198
0,0,0.262285
0,0,0.263885
0,0,0.263969
0,0,0.264157
0,0,0.264192
0,0,0.264516
0,0,0.264915
0,0,0.26597
0,0,0.266127
0,0,0.26656
0,0,0.266651
0,0,0.267738
0,0,0.267802
0,0,0.268936
0,0,0.269065
0,0,0.269114
0,0,0.269673
0,0,0.270452
0,0,0.270991
0,0,0.270993
0,0,0.271718
0,0,0.272595
0,0,0.27298
0,0,0.272996
0,0,0.273026
0,0,0.273457
0,0,0.273875
0,0,0.274113
0,0,0.274598
0,0,0.275371
0,0,0.275599
0,0,0.276046
0,0,0.276188
0,0,0.276413
0,0,0.277919
0,0,0.278181
0,0,0.278542
0,0,0.27872
0,0,0.278959
0,0,0.279217
0,0,0.279325
0,0,0.279643
0,0,0.280297
0,0,0.280538
0,0,0.281704
0,0,0.28208
0,0,0.282292
0,0,0.283026
0,0,0.283884
0,0,0.285414
0,0,0.286499
0,0,0.286584
0,0,0.287112
0,0,0.287267
0,0,0.287327
0,0,0.288023
0,0,0.288565
0,0,0.289734
0,0,0.289988
0,0,0.290385
0,0,0.291338
0,0,0.292472
0,0,0.292769
0,0,0.292906
0,0,0.292998
0,0,0.29328
0,0,0.293828
0,0,0.293924
0,0,0.294491
0,0,0.295526
0,0,0.295528
0,0,0.295602
0,0,0.297008
0,0,0.297068
0,0,0.297502
0,0,0.29769
0,0,0.297797
0,0,0.298366
0,0,0.299486
0,0,0.299736
0,0,0.299917
0,0,0.300001
0,0,0.300904
0,0,0.301385
0,0,0.302007
0,0,0.302123
0,0,0.302199
0,0,0.302324
0,0,0.302632
0,0,0.306286
0,0,0.306317
0,0,0.307665
0,0,0.308
0,0,0.308046
0,0,0.308095
0,0,0.308641
0,0,0.308782
0,0,0.309015
0,0,0.309119
0,0,0.309964
0,0,0.31041
0,0,0.310638
0,0,0.311686
0,0,0.312093
0,0,0.312692
0,0,0.312825
0,0,0.313385
0,0,0.313455
0,0,0.31373
0,0,0.314491
0,0,0.314518
0,0,0.315009
0,0,0.315619
0,0,0.317864
0,0,0.318712
0,0,0.320049
0,0,0.32015
0,0,0.320707
0,0,0.32097
0,0,0.322326
0,0,0.322885
0,0,0.323043
0,0,0.323738
0,0,0.323865
0,0,0.324683
0,0,0.325602
0,0,0.326063
0,0,0.326552
0,0,0.327023
0,0,0.327362
0,0,0.327832
0,0,0.328402
0,0,0.329106
0,0,0.329578
0,0,0.329661
0,0,0.332659
0,0,0.333893
0,0,0.333939
0,0,0.334466
0,0,0.334595
0,0,0.33669
0,0,0.337402
0,0,0.340188
0,0,0.340887
0,0,0.342904
0,0,0.343589
0,0,0.343651
0,0,0.344063
0,0,0.344799
0,0,0.346905
0,0,0.346924
0,0,0.347567
0,0,0.347938
0,0,0.349222
0,0,0.350563
0,0,0.353392
0,0,0.354672
0,0,0.354847
0,0,0.355247
0,0,0.357907
0,0,0.358041
0,0,0.363077
0,0,0.36383
0,0,0.365556
0,0,0.366512
0,0,0.367671
0,0,0.368663
0,0,0.369701
0,0,0.370185
0,0,0.372659
0,0,0.373394
0,0,0.375367
0,0,0.375612
0,0,0.376511
0,0,0.376894
0,0,0.376946
0,0,0.377355
0,0,0.377778
0,0,0.378055
0,0,0.379991
0,0,0.380518
0,0,0.382563
0,0,0.383702
0,0,0.38461
0,0,0.385488
0,0,0.386309
0,0,0.386775
0,0,0.38728
0,0,0.387458
0,0,0.387916
0,0,0.388469
0,0,0.38945
0,0,0.390164
0,0,0.391364
0,0,0.393034
0,0,0.395452
0,0,0.396277
0,0,0.404013
0,0,0.404524
0,0,0.405568
0,0,0.40581
0,0,0.411825
0,0,0.411832
0,0,0.422273
0,0,0.423069
0,0,0.4233
0,0,0.424241
0,0,0.429194
0,0,0.432721
0,0,0.434414
0,0,0.440984
0,0,0.441399
0,0,0.443109
0,0,0.443907
0,0,0.444433
0,0,0.446812
0,0,0.453276
0,0,0.453585
0,0,0.455937
0,0,0.456076
0,0,0.457339
0,0,0.459643
0,0,0.460277
0,0,0.460448
0,0,0.465563
0,0,0.481581
0,0,0.481939
0,0,0.484093
0,0,0.486428
0,0,0.494424
0,0,0.498216
0,0,0.499404
0,0,0.503329
0,0,0.504322
0,0,0.511714
0,0,0.512301
0,0,0.513323
0,0,0.518622
0,0,0.541789
0,0,0.545287
0,0,0.549653
0,0,0.55587
0,0,0.55657
0,0,0.559897
0,0,0.562241
0,0,0.574997
0,0,0.586774
0,0,0.598155
0,0,0.611359
0,0,0.614098
0,0,0.618035
0,0,0.619307
0,0,0.625841
0,0,0.632761
0,0,0.647596
0,0,0.65526
0,0,0.700049
0,0,0.7232
0,0,0.725787
0,0,0.729281
0,0,0.747798
0,0,0.768643
0,0,0.776984
0,0,3
1,1.39906,1.48461
1,1.2115,1.23015
1,1.03292,1.37894
1,1.02484,1.05984
1,0.987914,1.02599
1,0.978447,1.34082
1,0.963348,1.13075
1,0.951347,1.01383
1,0.937748,1.02172
1,0.905772,0.982876
1,0.894859,1.06704
1,0.88034,0.967061
1,0.863153,0.927836
1,0.854945,0.886202
1,0.850821,0.876932
1,0.8218,0.828312
1,0.811127,0.952751
1,0.809713,0.859236
1,0.803398,0.933636
1,0.79132,1.52411
1,0.788898,0.855393
1,0.784945,0.859801
1,0.782749,1.01783
1,0.78125,1.04438
1,0.775759,0.917803
1,0.746511,0.748027
1,0.734831,0.925189
1,0.714269,0.759097
1,0.714121,0.768276
1,0.707083,0.950187
1,0.705074,0.767671
1,0.680288,0.692597
1,0.673996,0.847828
1,0.662213,0.858281
1,0.658832,0.680329
1,0.657786,0.731214
1,0.653797,0.736712
1,0.653465,0.664644
1,0.647826,0.66452
1,0.646747,0.649559
1,0.646377,0.700366
1,0.644236,0.656125
1,0.637395,0.692572
1,0.632246,0.669337
1,0.631888,0.81985
1,0.629901,0.681813
1,0.627198,0.630584
1,0.618652,0.670108
1,0.617692,0.688327
1,0.61636,0.676129
1,0.613081,0.657596
1,0.610776,0.652835
1,0.597118,0.608025
1,0.595158,0.65195
1,0.590463,0.703734
1,0.585923,0.651587
1,0.583538,0.616649
1,0.581819,0.620756
1,0.581455,0.748849
1,0.575638,0.601302
1,0.575496,0.72177
1,0.573648,0.583429
1,0.570628,0.648069
1,0.56896,0.580562
1,0.567865,0.600137
1,0.567393,0.589829
1,0.56734,0.681246
1,0.56663,0.673426
1,0.560834,0.582754
1,0.560621,0.602114
1,0.559822,0.721547
1,0.559781,0.586143
1,0.557977,1.0078
1,0.553403,0.861418
1,0.553235,0.733726
1,0.552056,0.640866
1,0.551841,0.863101
1,0.551172,0.591666
1,0.549477,0.550145
1,0.54761,0.58042
1,0.546767,0.928028
1,0.546059,0.755715
1,0.540921,0.5411
1,0.538132,0.718181
1,0.532949,0.647569
1,0.530286,0.543759
1,0.528233,0.572115
1,0.521431,0.622566
1,0.514058,0.700501
1,0.511578,0.696911
1,0.510638,0.515126
1,0.510448,0.518073
1,0.50935,0.58042
1,0.50816,0.523912
1,0.504789,0.70545
1,0.504164,0.537168
1,0.501845,0.749432
1,0.501527,0.501923
1,0.49586,0.536461
1,0.494827,0.547581
1,0.490826,0.498455
1,0.48896,0.556779
1,0.486552,0.505558
1,0.4858,0.569357
1,0.484473,0.630786
1,0.483635,0.51127
1,0.4829,0.632415
1,0.479894,1.02221
1,0.479074,0.487373
1,0.478269,0.486882
1,0.4779,0.557619
1,0.477499,0.486135
1,0.474525,0.516042
1,0.469689,0.813552
1,0.469663,0.4751
1,0.468902,0.682489
1,0.468493,0.555944
1,0.46743,0.749794
1,0.466047,0.46626
1,0.464656,0.50278
1,0.462623,0.470503
1,0.461385,0.564537
1,0.460576,0.571492
1,0.458316,0.488672
1,0.458265,0.459894
1,0.458227,0.511512
1,0.457622,0.487808
1,0.456976,0.576365
1,0.455883,0.499047
1,0.45381,0.627668
1,0.452643,0.57574
1,0.451795,0.526513
1,0.450615,0.477905
1,0.450255,0.460463
1,0.450007,0.469644
1,0.449996,0.654061
1,0.449754,0.707137
1,0.447182,0.455025
1,0.445139,0.457227
1,0.443501,0.530895
1,0.443062,0.670503
1,0.441348,0.471434
1,0.440656,0.893956
1,0.438891,0.648783
1,0.437739,0.457518
1,0.433355,0.453989
1,0.433135,0.505371
1,0.432047,0.488741
1,0.429688,0.456585
1,0.429659,0.45711
1,0.427275,0.919718
1,0.425083,0.440323
1,0.424851,0.443
1,0.424363,0.446441
1,0.424005,0.560067
1,0.421811,0.426384
1,0.420728,0.490879
1,0.419173,0.662872
1,0.417762,0.428926
1,0.414764,0.42417
1,0.414091,0.454389
1,0.413521,0.426165
1,0.413375,0.468199
1,0.409532,0.422112
1,0.408881,0.422952
1,0.408798,0.515699
1,0.407764,0.535276
1,0.404978,0.448145
1,0.401133,0.487253
1,0.399224,0.411019
1,0.396852,0.410038
1,0.394666,0.440573
1,0.390914,0.394391
1,0.385847,0.446665
1,0.385641,0.425924
1,0.382966,0.424823
1,0.382465,0.465333
1,0.381084,0.388387
1,0.380358,0.408072
1,0.379479,0.458159
1,0.376334,0.508605
1,0.371129,0.372368
1,0.370872,0.418913
1,0.369494,0.385084
1,0.369421,0.40918
1,0.367593,0.414768
1,0.366826,0.402351
1,0.363687,0.708873
1,0.363043,0.371382
1,0.362244,0.454724
1,0.360256,0.421224
1,0.360018,0.441792
1,0.35976,0.398761
1,0.359744,0.431156
1,0.358916,0.393958
1,0.35718,0.473148
1,0.351704,0.373694
1,0.351077,0.351337
1,0.350973,0.403424
1,0.350668,0.366663
1,0.350499,0.353474
1,0.350014,0.473121
1,0.349972,0.406355
1,0.348829,0.399411
1,0.348674,0.775515
1,0.34765,0.372973
1,0.347353,0.527922
1,0.346551,0.401617
1,0.343506,0.418784
1,0.341284,0.503857
1,0.341118,0.360761
1,0.340949,0.34457
1,0.339419,0.386795
1,0.339034,0.357787
1,0.337686,0.351097
1,0.33727,0.351264
1,0.33628,0.341777
1,0.336254,0.47861
1,0.334868,0.61308
1,0.334613,0.341335
1,0.334529,0.36346
1,0.334421,0.336545
1,0.331366,0.445472
1,0.330924,0.352461
1,0.330405,0.440715
1,0.329845,0.48775
1,0.324793,0.387026
1,0.321829,0.332865
1,0.321729,0.344685
1,0.319342,0.334284
1,0.318668,0.325263
1,0.317524,0.336115
1,0.317255,0.343656
1,0.316614,0.336055
1,0.316176,0.390719
1,0.316172,0.424936
1,0.316053,0.338923
1,0.31563,0.368278
1,0.315118,0.394304
1,0.313838,0.325153
1,0.311095,0.352069
1,0.31088,0.424902
1,0.310198,0.382094
1,0.308225,0.465206
1,0.30724,0.332923
1,0.306978,0.330048
1,0.305843,0.313176
1,0.305771,0.349635
1,0.301048,0.320372
1,0.299,0.416216
1,0.297804,0.325557
1,0.296588,0.359043
1,0.295264,0.300791
1,0.294812,0.335447
1,0.29185,0.293198
1,0.291159,0.378098
1,0.290985,0.384569
1,0.289354,0.322664
1,0.289097,0.450062
1,0.288923,0.373952
1,0.288889,0.376103
1,0.286923,0.333901
1,0.28646,0.449444
1,0.285859,0.311236
1,0.285743,0.47907
1,0.285226,0.400133
1,0.284117,0.298433
1,0.279479,0.321788
1,0.279278,0.30399
1,0.278982,0.296709
1,0.278444,0.293953
1,0.278113,0.3623
1,0.276412,0.319678
1,0.274749,0.342716
1,0.273738,0.275373
1,0.271244,0.322224
1,0.269067,0.285622
1,0.268223,0.282406
1,0.265931,0.273337
1,0.262242,0.265796
1,0.261718,0.301484
1,0.260736,0.26873
1,0.26017,0.299342
1,0.259436,0.266843
1,0.258671,0.275932
1,0.257568,0.28774
1,0.257238,0.301327
1,0.255073,0.343086
1,0.254614,0.339548
1,0.253503,0.254909
1,0.252188,0.267481
1,0.249126,0.326049
1,0.248951,0.365224
1,0.248938,0.254647
1,0.248546,0.326051
1,0.24826,0.26536
1,0.247977,0.252839
1,0.247977,0.254892
1,0.24731,0.262533
1,0.243647,0.335447
1,0.242808,0.281718
1,0.240111,0.278444
1,0.23925,0.270905
1,0.237492,0.289622
1,0.234365,0.254901
1,0.233846,0.338556
1,0.232495,0.241959
1,0.231969,0.238758
1,0.231372,0.283213
1,0.231212,0.23219
1,0.23112,0.268607
1,0.230747,0.267848
1,0.229937,0.234093
1,0.229402,0.305231
1,0.228985,0.256585
1,0.228843,0.234977
1,0.228771,0.239173
1,0.228355,0.245734
1,0.228301,0.229542
1,0.227847,0.233157
1,0.227292,0.291276
1,0.227254,0.267522
1,0.225547,0.243182
1,0.225165,0.257614
1,0.224762,0.234319
1,0.224468,0.235306
1,0.224147,0.250774
1,0.224077,0.258006
1,0.223967,0.309788
1,0.223531,0.230759
1,0.223425,0.32435
1,0.223349,0.35597
1,0.222959,0.230512
1,0.221378,0.226626
1,0.221375,0.267381
1,0.220703,0.224117
1,0.218138,0.235941
1,0.217399,0.235435
1,0.217095,0.259885
1,0.216823,0.289369
1,0.216741,0.230409
1,0.216718,0.226831
1,0.216114,0.241574
1,0.214371,0.24117
1,0.213656,0.232831
1,0.212665,0.275159
1,0.212229,0.220025
1,0.210825,0.224147
1,0.210686,0.235843
1,0.210419,0.216816
1,0.209252,0.222458
1,0.207595,0.268702
1,0.207339,0.319854
1,0.207147,0.216779
1,0.206988,0.22297
1,0.206877,0.218993
1,0.204758,0.220087
1,0.204002,0.220087
1,0.202789,0.288458
1,0.202573,0.252095
1,0.202382,0.260603
1,0.202358,0.308932
1,0.202353,0.209637
1,0.2012,0.217639
1,0.20094,0.210577
1,0.199655,0.218419
1,0.199649,0.219692
1,0.198767,0.260073
1,0.195797,0.196243
1,0.194823,0.211675
1,0.194753,0.213386
1,0.193871,0.218004
1,0.191744,0.20254
1,0.191006,0.20027
1,0.189985,0.197222
1,0.1898,0.210978
1,0.189608,0.258291
1,0.189557,0.229802
1,0.189506,0.199573
1,0.188909,0.200894
1,0.188159,0.201754
1,0.187549,0.221431
1,0.18545,0.214199
1,0.185353,0.232229
1,0.185265,0.209575
1,0.183116,0.20668
1,0.183116,0.191334
1,0.182063,0.182069
1,0.182035,0.248399
1,0.180177,0.189384
1,0.179366,0.225199
1,0.179177,0.180571
1,0.178504,0.191082
1,0.178215,0.187826
1,0.178193,0.198823
1,0.177775,0.217039
1,0.177462,0.243679
1,0.177442,0.186982
1,0.177048,0.236946
1,0.176812,0.181583
1,0.176645,0.184774
1,0.17647,0.252761
1,0.176416,0.178253
1,0.176327,0.178713
1,0.175662,0.268702
1,0.175043,0.196538
1,0.173443,0.179017
1,0.172133,0.174296
1,0.172084,0.21962
1,0.171846,0.196172
1,0.171583,0.186246
1,0.171455,0.200813
1,0.17126,0.186184
1,0.170021,0.252664
1,0.169838,0.191875
1,0.169009,0.203329
1,0.168493,0.20223
1,0.168405,0.178372
1,0.167409,0.206531
1,0.167357,0.174331
1,0.165636,0.2177
1,0.165363,0.191768
1,0.16501,0.174058
1,0.164361,0.177189
1,0.163999,0.178753
1,0.163793,0.178479
1,0.163613,0.21802
1,0.161185,0.168254
1,0.160981,0.163871
1,0.160953,0.16238
1,0.160729,0.171405
1,0.160601,0.18315
1,0.159648,0.168038
1,0.159105,0.166824
1,0.159048,0.174277
1,0.158095,0.162997
1,0.157977,0.167086
1,0.157265,0.22569
1,0.157044,0.164431
1,0.155167,0.158519
1,0.154748,0.159916
1,0.153429,0.197445
1,0.152632,0.157357
1,0.150763,0.180156
1,0.148281,0.161213
1,0.144598,0.151682
1,0.144026,0.165151
1,0.14352,0.151339
1,0.142812,0.153356
1,0.142459,0.14661
1,0.140851,0.166557
1,0.140753,0.148996
1,0.140067,0.153443
1,0.139672,0.155903
1,0.139539,0.165909
1,0.139468,0.151168
1,0.139295,0.140858
1,0.139292,0.154306
1,0.138496,0.154856
1,0.137774,0.197336
1,0.136657,0.143634
1,0.136333,0.21204
1,0.135389,0.179902
1,0.135167,0.142616
1,0.135088,0.148025
1,0.133351,0.165676
1,0.133225,0.133271
1,0.133125,0.135228
1,0.132633,0.168268
1,0.13223,0.15824
1,0.130368,0.13285
1,0.130279,0.160479
1,0.129433,0.147432
1,0.128905,0.132105
1,0.128851,0.139496
1,0.128647,0.138933
1,0.128149,0.13297
1,0.127853,0.139007
1,0.127289,0.129089
1,0.126889,0.132631
1,0.12465,0.126058
1,0.123962,0.145879
1,0.123363,0.132186
1,0.12259,0.133291
1,0.122569,0.134831
1,0.122143,0.138957
1,0.121673,0.137915
1,0.121104,0.141161
1,0.120966,0.12327
1,0.117745,0.132392
1,0.115921,0.120068
1,0.115167,0.125607
1,0.113839,0.114764
1,0.113437,0.131681
1,0.112779,0.135714
1,0.112384,0.130046
1,0.111797,0.117473
1,0.111496,0.132622
1,0.110081,0.16096
1,0.108979,0.111052
1,0.108645,0.129525
1,0.108516,0.143306
1,0.107719,0.134612
1,0.106875,0.114785
1,0.106252,0.115407
1,0.105287,0.109087
1,0.105058,0.11475
1,0.104895,0.114024
1,0.104866,0.117754
1,0.104598,0.118271
1,0.10389,0.116479
1,0.101907,0.111016
1,0.100759,0.114532
1,0.100676,0.114703
1,0.100397,0.103359
1,0.0996938,0.108506
1,0.0993977,0.102426
1,0.099173,0.103694
1,0.0989343,0.112824
1,0.0986039,0.102426
1,0.0983529,0.104
1,0.0982336,0.104526
1,0.0979358,0.105291
1,0.0976738,0.106199
1,0.0974893,0.102244
1,0.0974658,0.10509
1,0.097457,0.107196
1,0.096568,0.112765
1,0.0963157,0.130905
1,0.0953321,0.106819
1,0.0950671,0.0968991
1,0.0948484,0.129946
1,0.0943483,0.10052
1,0.0939572,0.125725
1,0.0938292,0.11517
1,0.0937591,0.135966
1,0.0936312,0.109844
1,0.0931964,0.095313
1,0.0931143,0.116088
1,0.0929378,0.0988822
1,0.0928884,0.102094
1,0.0925732,0.128078
1,0.092536,0.111292
1,0.092531,0.116711
1,0.0922424,0.110465
1,0.09224,0.0953328
1,0.091346,0.0914172
1,0.0912541,0.0980539
1,0.0908206,0.0973364
1,0.0904652,0.111744
1,0.0901975,0.0991559
1,0.0896803,0.0948962
1,0.0889348,0.104601
1,0.0883468,0.0912348
1,0.0881637,0.108303
1,0.0872835,0.109801
1,0.0871182,0.0987854
1,0.0870736,0.116739
1,0.0868305,0.106881
1,0.086553,0.0922257
1,0.0863909,0.0866015
1,0.0863833,0.0873085
1,0.0862745,0.0864772
1,0.0861265,0.0914563
1,0.0856354,0.089789
1,0.0847009,0.0873827
1,0.084181,0.118396
1,0.0841513,0.102082
1,0.0839013,0.0993069
1,0.0838573,0.092086
1,0.0832785,0.103704
1,0.0830061,0.0939324
1,0.0828692,0.0916107
1,0.082415,0.102619
1,0.0821224,0.0858224
1,0.0820171,0.10173
1,0.0819699,0.100805
1,0.0815613,0.105878
1,0.0814637,0.111333
1,0.0809309,0.081357
1,0.0807404,0.0985319
1,0.0804251,0.101156
1,0.0801781,0.0835393
1,0.0790073,0.0812328
1,0.078675,0.0788026
1,0.0784804,0.0935932
1,0.0777218,0.0793914
1,0.0776373,0.0797709
1,0.0776292,0.0777385
1,0.0775535,0.0802361
1,0.0772989,0.0787402
1,0.0770352,0.0942015
1,0.0768115,0.0988326
1,0.0764323,0.0817538
1,0.0758232,0.0761069
1,0.0752692,0.084151
1,0.0751662,0.089558
1,0.0749932,0.0848856
1,0.0747399,0.0865504
1,0.0745988,0.0750725
1,0.0742565,0.102388
1,0.0734037,0.0758803
1,0.072943,0.114693
1,0.0727544,0.0799496
1,0.0720052,0.0831254
1,0.0713674,0.073547
1,0.0711764,0.0724707
1,0.0706843,0.0761933
1,0.0691134,0.0750322
1,0.0689402,0.0813214
1,0.0689219,0.0905271
1,0.0688603,0.0782501
1,0.0675832,0.0803454
1,0.0671502,0.0874669
1,0.0669532,0.0750489
1,0.0667117,0.0777456
1,0.0664923,0.0665161
1,0.0653821,0.066276
1,0.065218,0.0696298
1,0.0651378,0.0700086
1,0.0649315,0.0813513
1,0.0642741,0.0853692
1,0.0639622,0.0659867
1,0.063202,0.0772154
1,0.062687,0.0699631
1,0.0625798,0.063788
1,0.0623488,0.0775986
1,0.0622755,0.0657842
1,0.0622729,0.0694999
1,0.0617018,0.06895
1,0.0609905,0.0653115
1,0.0608388,0.0877409
1,0.0606314,0.0695778
1,0.0602901,0.0704812
1,0.0601662,0.0677401
1,0.0599323,0.0765313
1,0.0589968,0.0665073
1,0.0581791,0.0655639
1,0.0579563,0.0662435
1,0.0572608,0.064981
1,0.0569576,0.0583261
1,0.0555552,0.0672329
1,0.0554662,0.0751429
1,0.054943,0.067166
1,0.054902,0.0588251
1,0.0548785,0.0629075
1,0.054461,0.0662435
1,0.0538627,0.054061
1,0.0528726,0.0535186
1,0.0523462,0.0542788
1,0.0519266,0.0563453
1,0.0515119,0.0537012
1,0.0514357,0.0532657
1,0.0512988,0.080522
1,0.0486115,0.0541873
1,0.0479749,0.0543845
1,0.0476877,0.051169
1,0.0474456,0.0537377
1,0.0467704,0.052775
1,0.0453732,0.0619395
1,0.0430244,0.0472758
1,0.0416973,0.0474835
1,0.0399748,0.0415392
1,0.0395024,0.0574078
1,0.037911,0.0410464
1,0.0366275,0.0390916
1,0.035619,0.0421449
1,0.0339894,0.034415
2,1.59405,1.60454
2,1.58809,1.63381
2,1.46974,1.4726
2,1.44827,1.49493
2,1.44091,1.49215
2,1.44076,1.51667
2,1.2333,1.24287
2,1.17266,1.27206
2,1.11582,1.19464
2,1.06196,1.17068
2,1.05419,1.09526
2,1.03846,1.04495
2,1.03716,1.05881
2,1.03654,1.04738
2,1.00447,1.01969
2,0.933596,0.950927
2,0.932366,0.965976
2,0.882734,0.90795
2,0.879129,0.880736
2,0.86296,0.87279
2,0.817497,0.839053
2,0.812892,0.833392
2,0.773544,0.795607
2,0.764298,0.811192
2,0.759604,0.761992
2,0.755574,0.756933
2,0.755386,0.75626
2,0.732861,0.734812
2,0.730448,0.761969
2,0.713637,0.724556
2,0.699438,0.739441
2,0.677633,0.682536
2,0.673426,0.791453
2,0.665235,0.665531
2,0.593009,0.616141
2,0.550707,0.583661
2,0.547072,0.547792
2,0.525752,0.565022
2,0.523755,0.530453
2,0.515943,0.539025
2,0.503241,0.546355
2,0.50278,0.505973
2,0.498072,0.508692
2,0.494218,0.527987
2,0.490945,0.521583
2,0.487808,0.492754
2,0.485239,0.521174
2,0.479626,0.486196
2,0.469164,0.508064
2,0.466161,0.487628
2,0.464605,0.481989
2,0.42944,0.448592
2,0.421394,0.423469
2,0.397262,0.438712
2,0.397166,0.452251
2,0.383865,0.394213
2,0.367929,0.427296
2,0.354123,0.373517
2,0.35407,0.356419
2,0.345139,0.35559
2,0.341777,0.341899
2,0.338414,0.340363
2,0.327103,0.342321
2,0.326694,0.348917
2,0.320332,0.326116
2,0.320152,0.328512
2,0.311196,0.317229
2,0.296704,0.310825
2,0.295922,0.324883
2,0.286624,0.302129
2,0.281292,0.281417
2,0.275373,0.289057
2,0.274715,0.288136
2,0.27132,0.276307
2,0.263642,0.296248
2,0.26137,0.285677
2,0.260993,0.262726
2,0.259885,0.280471
2,0.25808,0.266125
2,0.245143,0.253653
2,0.235438,0.261572
2,0.199056,0.202597
2,0.189912,0.190466
2,0.168315,0.168889
2,0.168152,0.168542
2,0.162453,0.17377
2,0.158881,0.162354
2,0.158531,0.16577
2,0.148308,0.151622
2,0.144009,0.146527
2,0.143125,0.146553
2,0.138843,0.140487
2,0.136187,0.142739
2,0.134699,0.140466
2,0.118598,0.127099
2,0.115434,0.123768
2,0.112855,0.117681
2,0.112411,0.114449
2,0.111774,0.118209
2,0.111688,0.129714
2,0.110296,0.12157
2,0.109558,0.120686
2,0.107207,0.107252
2,0.101523,0.105991
2,0.101341,0.10361
2,0.0890865,0.0924685
2,0.0817885,0.0830757
2,0.080794,0.083563
2,0.078058,0.0784556
2,0.0753103,0.0757829
2,0.0588093,0.0590407
