point cloud with 3334 points in dimension 3
0,0,0.00360684
0,0,0.00462798
0,0,0.00467607
0,0,0.00486255
0,0,0.00507582
0,0,0.00523651
0,0,0.00563451
0,0,0.0056987
0,0,0.00577287
0,0,0.00614337
0,0,0.00624698
0,0,0.00669626
0,0,0.00670978
0,0,0.00683771
0,0,0.00689716
0,0,0.00725639
0,0,0.00727776
0,0,0.00744209
0,0,0.0074467
0,0,0.00769806
0,0,0.00793826
0,0,0.00804862
0,0,0.00879961
0,0,0.00892822
0,0,0.00900314
0,0,0.00915797
0,0,0.00928943
0,0,0.00957031
0,0,0.00973179
0,0,0.0100115
0,0,0.0101298
0,0,0.0101811
0,0,0.0103896
0,0,0.0104125
0,0,0.0105115
0,0,0.0105949
0,0,0.0107095
0,0,0.010934
0,0,0.0111651
0,0,0.0113115
0,0,0.0117081
0,0,0.0117229
0,0,0.0118832
0,0,0.0119342
0,0,0.0121027
0,0,0.0121246
0,0,0.0121396
0,0,0.0121912
0,0,0.0122441
0,0,0.012302
0,0,0.0123544
0,0,0.0124025
0,0,0.0124515
0,0,0.0124566
0,0,0.0125479
0,0,0.0126309
0,0,0.0126455
0,0,0.0126813
0,0,0.0127377
0,0,0.0129023
0,0,0.0129802
0,0,0.0129881
0,0,0.0130083
0,0,0.0130507
0,0,0.0131557
0,0,0.0131958
0,0,0.0133473
0,0,0.0133519
0,0,0.0134621
0,0,0.0134698
0,0,0.0135407
0,0,0.0135835
0,0,0.0136227
0,0,0.0136302
0,0,0.0136924
0,0,0.0138954
0,0,0.0139374
0,0,0.0140208
0,0,0.0140427
0,0,0.0141025
0,0,0.0141616
0,0,0.0142769
0,0,0.0143117
0,0,0.0143525
0,0,0.0145632
0,0,0.0146684
0,0,0.014732
0,0,0.0148229
0,0,0.0148787
0,0,0.0149889
0,0,0.0150594
0,0,0.0150677
0,0,0.0151505
0,0,0.0151987
0,0,0.0152253
0,0,0.0152327
0,0,0.015241
0,0,0.0152513
0,0,0.0153146
0,0,0.0153745
0,0,0.0154141
0,0,0.0154483
0,0,0.0154852
0,0,0.0155065
0,0,0.0157302
0,0,0.0157838
0,0,0.0157918
0,0,0.0158094
0,0,0.0158132
0,0,0.0158807
0,0,0.0160338
0,0,0.0160693
0,0,0.0161431
0,0,0.0162363
0,0,0.0163478
0,0,0.0163635
0,0,0.0165489
0,0,0.0166131
0,0,0.0166887
0,0,0.0167322
0,0,0.0168523
0,0,0.0168539
0,0,0.0168594
0,0,0.0168693
0,0,0.0169153
0,0,0.0169255
0,0,0.0169512
0,0,0.0169914
0,0,0.0170938
0,0,0.0171414
0,0,0.0172027
0,0,0.0174456
0,0,0.0176482
0,0,0.0176483
0,0,0.017664
0,0,0.0176721
0,0,0.0177273
0,0,0.0177363
0,0,0.0178755
0,0,0.0178855
0,0,0.0179064
0,0,0.0179106
0,0,0.0179645
0,0,0.0179675
0,0,0.0179796
0,0,0.0180322
0,0,0.0180837
0,0,0.0180977
0,0,0.018139
0,0,0.018169
0,0,0.0181703
0,0,0.0181871
0,0,0.0181961
0,0,0.0182114
0,0,0.0182498
0,0,0.0183027
0,0,0.0183163
0,0,0.0183338
0,0,0.0183379
0,0,0.0183832
0,0,0.0185141
0,0,0.0185235
0,0,0.0185305
0,0,0.0185356
0,0,0.0185726
0,0,0.0186131
0,0,0.01862
0,0,0.0186395
0,0,0.0186508
0,0,0.0186848
0,0,0.0186884
0,0,0.0186991
0,0,0.0187702
0,0,0.0187758
0,0,0.0188167
0,0,0.0189116
0,0,0.0190518
0,0,0.0191251
0,0,0.0191305
0,0,0.0192265
0,0,0.01925
0,0,0.0192573
0,0,0.0192687
0,0,0.0192729
0,0,0.0193387
0,0,0.0194999
0,0,0.0195029
0,0,0.0195294
0,0,0.0195935
0,0,0.0196132
0,0,0.0196534
0,0,0.0197218
0,0,0.0197283
0,0,0.0197289
0,0,0.0199433
0,0,0.0200046
0,0,0.0200875
0,0,0.0201161
0,0,0.0201853
0,0,0.0202343
0,0,0.0202501
0,0,0.0202772
0,0,0.0202875
0,0,0.0203117
0,0,0.0203964
0,0,0.0203968
0,0,0.0204136
0,0,0.0204434
0,0,0.0204454
0,0,0.0205112
0,0,0.0205297
0,0,0.0205333
0,0,0.020549
0,0,0.020699
0,0,0.0207215
0,0,0.0207866
0,0,0.0207932
0,0,0.0208627
0,0,0.0209302
0,0,0.0209483
0,0,0.0209862
0,0,0.0210378
0,0,0.0210714
0,0,0.0210949
0,0,0.0211013
0,0,0.0211634
0,0,0.0212271
0,0,0.021257
0,0,0.0212591
0,0,0.0212727
0,0,0.0212754
0,0,0.0213956
0,0,0.021415
0,0,0.0214153
0,0,0.0214187
0,0,0.0215672
0,0,0.0215721
0,0,0.0216738
0,0,0.0217238
0,0,0.0217506
0,0,0.0218189
0,0,0.0218555
0,0,0.0219652
0,0,0.0219728
0,0,0.0220221
0,0,0.0220296
0,0,0.022087
0,0,0.0222053
0,0,0.022308
0,0,0.0223672
0,0,0.0223719
0,0,0.0224228
0,0,0.0224364
0,0,0.0224389
0,0,0.0224969
0,0,0.02251
0,0,0.0226372
0,0,0.0226441
0,0,0.0226492
0,0,0.0226583
0,0,0.0226694
0,0,0.0226762
0,0,0.0226883
0,0,0.0227147
0,0,0.0227932
0,0,0.0227948
0,0,0.0228305
0,0,0.0228516
0,0,0.0228703
0,0,0.0229074
0,0,0.0229086
0,0,0.0229249
0,0,0.0229357
0,0,0.0229737
0,0,0.0229933
0,0,0.0229988
0,0,0.0230194
0,0,0.0230256
0,0,0.023035
0,0,0.0231531
0,0,0.0231612
0,0,0.0231624
0,0,0.0233723
0,0,0.0233872
0,0,0.0234492
0,0,0.0234595
0,0,0.0234821
0,0,0.0235852
0,0,0.0236174
0,0,0.023724
0,0,0.0237274
0,0,0.0237943
0,0,0.0237977
0,0,0.0238322
0,0,0.0238533
0,0,0.0238644
0,0,0.0239036
0,0,0.0239124
0,0,0.0239263
0,0,0.0240254
0,0,0.0240386
0,0,0.0240592
0,0,0.0241296
0,0,0.0241567
0,0,0.0241798
0,0,0.0241976
0,0,0.0242562
0,0,0.0243154
0,0,0.0243601
0,0,0.0243933
0,0,0.0244004
0,0,0.0244079
0,0,0.0244659
0,0,0.0245062
0,0,0.0245133
0,0,0.0246149
0,0,0.024627
0,0,0.02464
0,0,0.0246494
0,0,0.0246519
0,0,0.0246824
0,0,0.0247264
0,0,0.0247715
0,0,0.0247817
0,0,0.0248912
0,0,0.0249005
0,0,0.0249602
0,0,0.0249921
0,0,0.0250102
0,0,0.0250377
0,0,0.0250995
0,0,0.0251302
0,0,0.0251843
0,0,0.0252419
0,0,0.025264
0,0,0.0253011
0,0,0.0253106
0,0,0.025329
0,0,0.02536
0,0,0.0253645
0,0,0.0253746
0,0,0.0253888
0,0,0.0254726
0,0,0.025473
0,0,0.0255093
0,0,0.0255267
0,0,0.0255368
0,0,0.0256134
0,0,0.0256247
0,0,0.0256408
0,0,0.0256655
0,0,0.0257009
0,0,0.0257898
0,0,0.0258125
0,0,0.025854
0,0,0.0259125
0,0,0.0259372
0,0,0.0259388
0,0,0.0259405
0,0,0.0260059
0,0,0.0260267
0,0,0.0261177
0,0,0.026181
0,0,0.026231
0,0,0.0262352
0,0,0.02626
0,0,0.0262668
0,0,0.0262798
0,0,0.0263032
0,0,0.0263337
0,0,0.0263382
0,0,0.0263403
0,0,0.0263467
0,0,0.0263607
0,0,0.0263647
0,0,0.0264024
0,0,0.0264032
0,0,0.02645
0,0,0.0264791
0,0,0.0264821
0,0,0.0264903
0,0,0.0265322
0,0,0.0265335
0,0,0.0265816
0,0,0.0266551
0,0,0.0266807
0,0,0.0266825
0,0,0.0267105
0,0,0.0267748
0,0,0.0267871
0,0,0.0268181
0,0,0.0268235
0,0,0.0268424
0,0,0.0269412
0,0,0.0269607
0,0,0.0269886
0,0,0.0270424
0,0,0.0270856
0,0,0.0271114
0,0,0.0271555
0,0,0.0271607
0,0,0.0272009
0,0,0.027235
0,0,0.0272433
0,0,0.0272459
0,0,0.0272539
0,0,0.0272767
0,0,0.0272908
0,0,0.0272984
0,0,0.0273038
0,0,0.0273067
0,0,0.0273468
0,0,0.0273925
0,0,0.0274048
0,0,0.0274073
0,0,0.0274439
0,0,0.0274803
0,0,0.0275052
0,0,0.0275576
0,0,0.0275977
0,0,0.0276554
0,0,0.0276559
0,0,0.0276724
0,0,0.0277102
0,0,0.0277129
0,0,0.0277216
0,0,0.0277368
0,0,0.0277399
0,0,0.0277561
0,0,0.0277663
0,0,0.0278253
0,0,0.0278367
0,0,0.0278959
0,0,0.0279287
0,0,0.0279696
0,0,0.0280336
0,0,0.0280358
0,0,0.0281113
0,0,0.0281576
0,0,0.0281695
0,0,0.0282333
0,0,0.0282393
0,0,0.0282433
0,0,0.0282719
0,0,0.0283929
0,0,0.0284001
0,0,0.0284201
0,0,0.0284402
0,0,0.0284583
0,0,0.02847
0,0,0.0284981
0,0,0.0285134
0,0,0.0285238
0,0,0.0285416
0,0,0.0285467
0,0,0.0285684
0,0,0.0285912
0,0,0.0285983
0,0,0.0286064
0,0,0.0286728
0,0,0.0286838
0,0,0.0287025
0,0,0.028736
0,0,0.0287518
0,0,0.0287754
0,0,0.0287946
0,0,0.0288097
0,0,0.028848
0,0,0.0288537
0,0,0.0289589
0,0,0.0290125
0,0,0.0290171
0,0,0.0290319
0,0,0.0290459
0,0,0.0290541
0,0,0.0291111
0,0,0.0291222
0,0,0.0291327
0,0,0.029137
0,0,0.0292118
0,0,0.029262
0,0,0.0292997
0,0,0.0293199
0,0,0.0294398
0,0,0.0294404
0,0,0.0294533
0,0,0.0294766
0,0,0.0295176
0,0,0.029546
0,0,0.0295646
0,0,0.0295768
0,0,0.0295883
0,0,0.0295886
0,0,0.0296412
0,0,0.0296526
0,0,0.0297189
0,0,0.0297873
0,0,0.0298092
0,0,0.0298108
0,0,0.0298613
0,0,0.0298999
0,0,0.0299034
0,0,0.0299185
0,0,0.0299292
0,0,0.0299842
0,0,0.0299956
0,0,0.0300195
0,0,0.0300356
0,0,0.0300533
0,0,0.0300574
0,0,0.0300672
0,0,0.0300732
0,0,0.0300905
0,0,0.0300926
0,0,0.0301017
0,0,0.0301087
0,0,0.030126
0,0,0.0301799
0,0,0.0302005
0,0,0.0302009
0,0,0.0302313
0,0,0.030232
0,0,0.0302733
0,0,0.0302851
0,0,0.0303164
0,0,0.030327
0,0,0.0303345
0,0,0.0303737
0,0,0.0304215
0,0,0.0304415
0,0,0.0304431
0,0,0.0304692
0,0,0.030511
0,0,0.0305616
0,0,0.0305868
0,0,0.0306299
0,0,0.0306332
0,0,0.0306519
0,0,0.0306751
0,0,0.0306856
0,0,0.0307579
0,0,0.0307687
0,0,0.030773
0,0,0.0308236
0,0,0.0308413
0,0,0.0308861
0,0,0.030888
0,0,0.030904
0,0,0.0309638
0,0,0.0309706
0,0,0.0310048
0,0,0.0310077
0,0,0.0310183
0,0,0.0310203
0,0,0.0310241
0,0,0.0311302
0,0,0.0312074
0,0,0.0312682
0,0,0.03132
0,0,0.0313367
0,0,0.0313515
0,0,0.0313575
0,0,0.0313706
0,0,0.0313874
0,0,0.031403
0,0,0.0314328
0,0,0.03146
0,0,0.0314709
0,0,0.031489
0,0,0.0314911
0,0,0.0315395
0,0,0.0315943
0,0,0.0316013
0,0,0.0316134
0,0,0.0316179
0,0,0.0316483
0,0,0.031659
0,0,0.0317437
0,0,0.031764
0,0,0.0317674
0,0,0.0317813
0,0,0.0317831
0,0,0.031805
0,0,0.0318223
0,0,0.0318285
0,0,0.0318344
0,0,0.0318378
0,0,0.0318385
0,0,0.0318611
0,0,0.0319383
0,0,0.0319492
0,0,0.0319684
0,0,0.0319747
0,0,0.0319988
0,0,0.0320387
0,0,0.0320814
0,0,0.0320863
0,0,0.0320877
0,0,0.0321121
0,0,0.0321159
0,0,0.032123
0,0,0.0321281
0,0,0.0321679
0,0,0.0321791
0,0,0.0321795
0,0,0.0321888
0,0,0.0322427
0,0,0.032268
0,0,0.0322834
0,0,0.0322983
0,0,0.0323135
0,0,0.03238
0,0,0.0323817
0,0,0.0324157
0,0,0.0324163
0,0,0.0324258
0,0,0.0324494
0,0,0.0324559
0,0,0.032469
0,0,0.0324859
0,0,0.0325174
0,0,0.0325414
0,0,0.0325612
0,0,0.0325895
0,0,0.0326366
0,0,0.0326504
0,0,0.0326534
0,0,0.0326618
0,0,0.0326761
0,0,0.0326825
0,0,0.0326999
0,0,0.0327061
0,0,0.0327335
0,0,0.0327353
0,0,0.0327475
0,0,0.0327703
0,0,0.0328432
0,0,0.032868
0,0,0.0328809
0,0,0.0328918
0,0,0.0328973
0,0,0.0329223
0,0,0.0329242
0,0,0.0329303
0,0,0.0329387
0,0,0.0329415
0,0,0.0329567
0,0,0.0329773
0,0,0.0329846
0,0,0.0329848
0,0,0.0329885
0,0,0.0330021
0,0,0.033013
0,0,0.0330162
0,0,0.0330268
0,0,0.0330883
0,0,0.0330917
0,0,0.033127
0,0,0.0331443
0,0,0.0331719
0,0,0.033211
0,0,0.0332414
0,0,0.0332461
0,0,0.0332571
0,0,0.0332709
0,0,0.0332985
0,0,0.0333252
0,0,0.0333723
0,0,0.0333821
0,0,0.0333954
0,0,0.0334412
0,0,0.0334909
0,0,0.0334925
0,0,0.0335204
0,0,0.033567
0,0,0.0335838
0,0,0.0335923
0,0,0.0336178
0,0,0.0336472
0,0,0.0336705
0,0,0.0336965
0,0,0.0337532
0,0,0.0337723
0,0,0.0338388
0,0,0.0338878
0,0,0.0339111
0,0,0.0339151
0,0,0.0339195
0,0,0.0339499
0,0,0.0339884
0,0,0.0340259
0,0,0.0340283
0,0,0.0340739
0,0,0.034088
0,0,0.0340921
0,0,0.0341016
0,0,0.034109
0,0,0.0341114
0,0,0.034167
0,0,0.0342143
0,0,0.0342674
0,0,0.0342742
0,0,0.0343087
0,0,0.0343149
0,0,0.0343592
0,0,0.0343876
0,0,0.0343878
0,0,0.0344243
0,0,0.0344268
0,0,0.034437
0,0,0.0344438
0,0,0.0344624
0,0,0.0344689
0,0,0.0344806
0,0,0.0345158
0,0,0.0345192
0,0,0.0345601
0,0,0.0345699
0,0,0.034627
0,0,0.0346524
0,0,0.0346624
0,0,0.0346657
0,0,0.0346804
0,0,0.0346877
0,0,0.0346959
0,0,0.0346964
0,0,0.0347083
0,0,0.0347088
0,0,0.034717
0,0,0.0347228
0,0,0.0347541
0,0,0.0347846
0,0,0.0348013
0,0,0.03493
0,0,0.0349317
0,0,0.0349467
0,0,0.0349793
0,0,0.0350162
0,0,0.0350392
0,0,0.035071
0,0,0.0350789
0,0,0.035102
0,0,0.0351503
0,0,0.0351793
0,0,0.0351876
0,0,0.0351983
0,0,0.0352242
0,0,0.0352271
0,0,0.0352546
0,0,0.0352598
0,0,0.0352839
0,0,0.0352974
0,0,0.0353186
0,0,0.0353532
0,0,0.035404
0,0,0.035409
0,0,0.0354138
0,0,0.0354208
0,0,0.0354645
0,0,0.0354914
0,0,0.035498
0,0,0.0354981
0,0,0.0355055
0,0,0.0355131
0,0,0.0355574
0,0,0.0355591
0,0,0.0355703
0,0,0.0355773
0,0,0.0355833
0,0,0.0355847
0,0,0.0356131
0,0,0.0356235
0,0,0.0356255
0,0,0.0356271
0,0,0.0356352
0,0,0.0356459
0,0,0.0356665
0,0,0.0356711
0,0,0.0356721
0,0,0.0356901
0,0,0.0357167
0,0,0.0357198
0,0,0.0357283
0,0,0.0357323
0,0,0.0357467
0,0,0.0357812
0,0,0.0357934
0,0,0.0358336
0,0,0.0358359
0,0,0.0358421
0,0,0.0358593
0,0,0.0359124
0,0,0.0359167
0,0,0.0359294
0,0,0.0359382
0,0,0.0359548
0,0,0.0359704
0,0,0.0360212
0,0,0.036022
0,0,0.0360225
0,0,0.0360523
0,0,0.0360768
0,0,0.0361263
0,0,0.0362118
0,0,0.0362198
0,0,0.0362715
0,0,0.0362743
0,0,0.0363415
0,0,0.036357
0,0,0.0363635
0,0,0.0363752
0,0,0.0363822
0,0,0.036395
0,0,0.0364243
0,0,0.0364502
0,0,0.036461
0,0,0.0364684
0,0,0.036479
0,0,0.036487
0,0,0.0365043
0,0,0.0365107
0,0,0.0365136
0,0,0.036543
0,0,0.0365659
0,0,0.0365722
0,0,0.036605
0,0,0.0366142
0,0,0.0366266
0,0,0.0366596
0,0,0.0366656
0,0,0.0366746
0,0,0.0366761
0,0,0.0366778
0,0,0.0366939
0,0,0.0367477
0,0,0.0367601
0,0,0.0367661
0,0,0.0367725
0,0,0.0367959
0,0,0.0368023
0,0,0.0368116
0,0,0.0368435
0,0,0.0368951
0,0,0.0369841
0,0,0.0369986
0,0,0.0369993
0,0,0.0370076
0,0,0.0371012
0,0,0.0371179
0,0,0.03712
0,0,0.0371614
0,0,0.0371858
0,0,0.0372098
0,0,0.0372388
0,0,0.0372415
0,0,0.0372467
0,0,0.0372513
0,0,0.0372561
0,0,0.037312
0,0,0.0373186
0,0,0.0373251
0,0,0.0373657
0,0,0.0373667
0,0,0.0373705
0,0,0.0373769
0,0,0.037379
0,0,0.0374147
0,0,0.0374198
0,0,0.0374283
0,0,0.0374839
0,0,0.0374857
0,0,0.0374892
0,0,0.0375335
0,0,0.0375398
0,0,0.0375461
0,0,0.0375756
0,0,0.0376097
0,0,0.0376208
0,0,0.0376208
0,0,0.0376262
0,0,0.0376944
0,0,0.037698
0,0,0.037726
0,0,0.0377268
0,0,0.0377421
0,0,0.0377518
0,0,0.0377532
0,0,0.0378132
0,0,0.0378297
0,0,0.0378328
0,0,0.0378407
0,0,0.0378675
0,0,0.0378705
0,0,0.0378763
0,0,0.0378836
0,0,0.0379237
0,0,0.0379251
0,0,0.0379375
0,0,0.037945
0,0,0.037948
0,0,0.0379501
0,0,0.0379553
0,0,0.0379661
0,0,0.0379742
0,0,0.037977
0,0,0.0380362
0,0,0.0380462
0,0,0.0380546
0,0,0.0380723
0,0,0.0380735
0,0,0.0381044
0,0,0.0381118
0,0,0.0381151
0,0,0.0381274
0,0,0.0381737
0,0,0.0382371
0,0,0.0382473
0,0,0.0382549
0,0,0.0382731
0,0,0.0383273
0,0,0.0383552
0,0,0.0383722
0,0,0.0383842
0,0,0.0384123
0,0,0.038426
0,0,0.0384371
0,0,0.0384797
0,0,0.0385048
0,0,0.0385197
0,0,0.0385277
0,0,0.0385491
0,0,0.0385766
0,0,0.0385961
0,0,0.0386094
0,0,0.0386138
0,0,0.0386278
0,0,0.0386316
0,0,0.0386354
0,0,0.0386486
0,0,0.0386558
0,0,0.0386925
0,0,0.0387032
0,0,0.0387231
0,0,0.0387281
0,0,0.0387848
0,0,0.038821
0,0,0.0388416
0,0,0.0388526
0,0,0.0389182
0,0,0.0389297
0,0,0.0389474
0,0,0.0389954
0,0,0.0390659
0,0,0.0390974
0,0,0.039109
0,0,0.0391281
0,0,0.0391339
0,0,0.0391618
0,0,0.0391754
0,0,0.0392378
0,0,0.0392418
0,0,0.0392489
0,0,0.0392859
0,0,0.0392872
0,0,0.0393043
0,0,0.0393357
0,0,0.0393435
0,0,0.0393592
0,0,0.0393611
0,0,0.0393728
0,0,0.0394434
0,0,0.0394785
0,0,0.0394846
0,0,0.0394861
0,0,0.0395249
0,0,0.0395358
0,0,0.0395568
0,0,0.0395851
0,0,0.0396408
0,0,0.0396714
0,0,0.0396788
0,0,0.0396988
0,0,0.0397061
0,0,0.0397201
0,0,0.0397325
0,0,0.0397329
0,0,0.0397369
0,0,0.0397938
0,0,0.0398244
0,0,0.0398443
0,0,0.0398701
0,0,0.0398822
0,0,0.0399136
0,0,0.0399229
0,0,0.0399267
0,0,0.0399512
0,0,0.0400323
0,0,0.0400537
0,0,0.0400661
0,0,0.040117
0,0,0.0401371
0,0,0.0401639
0,0,0.0401676
0,0,0.0401686
0,0,0.0401747
0,0,0.0401761
0,0,0.0401919
0,0,0.0401998
0,0,0.040222
0,0,0.040241
0,0,0.0402464
0,0,0.0402583
0,0,0.0402656
0,0,0.0402711
0,0,0.040313
0,0,0.0403456
0,0,0.0404256
0,0,0.0404319
0,0,0.0404722
0,0,0.0404996
0,0,0.0405339
0,0,0.0405498
0,0,0.0405884
0,0,0.0406021
0,0,0.0406022
0,0,0.0406158
0,0,0.0406253
0,0,0.0406842
0,0,0.0406914
0,0,0.0407668
0,0,0.0407965
0,0,0.0408357
0,0,0.0408496
0,0,0.0408637
0,0,0.0408947
0,0,0.0409463
0,0,0.0409464
0,0,0.0409486
0,0,0.0409768
0,0,0.0409974
0,0,0.0410098
0,0,0.0411126
0,0,0.0411431
0,0,0.0411651
0,0,0.0411789
0,0,0.0411848
0,0,0.0412079
0,0,0.0412164
0,0,0.0412205
0,0,0.0412414
0,0,0.0412632
0,0,0.0413053
0,0,0.0413202
0,0,0.0413313
0,0,0.0413451
0,0,0.0413547
0,0,0.0413768
0,0,0.0414112
0,0,0.0414179
0,0,0.0414361
0,0,0.0414702
0,0,0.0414841
0,0,0.041501
0,0,0.0415165
0,0,0.0415218
0,0,0.0415317
0,0,0.0415394
0,0,0.0415428
0,0,0.0415653
0,0,0.0415655
0,0,0.0415664
0,0,0.0415758
0,0,0.0416449
0,0,0.0416789
0,0,0.0417272
0,0,0.0417371
0,0,0.0417561
0,0,0.0417576
0,0,0.0418182
0,0,0.0418237
0,0,0.0418461
0,0,0.0418492
0,0,0.0418873
0,0,0.041909
0,0,0.0419114
0,0,0.0419172
0,0,0.0419858
0,0,0.0420122
0,0,0.0420214
0,0,0.0420229
0,0,0.0420322
0,0,0.0420504
0,0,0.0420533
0,0,0.0420547
0,0,0.0420651
0,0,0.0420772
0,0,0.0420821
0,0,0.0420865
0,0,0.0421132
0,0,0.0421623
0,0,0.0421887
0,0,0.0422181
0,0,0.0422425
0,0,0.0422501
0,0,0.0422646
0,0,0.0422931
0,0,0.0422955
0,0,0.0423411
0,0,0.0423795
0,0,0.0423912
0,0,0.0423964
0,0,0.0424131
0,0,0.0424466
0,0,0.0425035
0,0,0.0425423
0,0,0.0425515
0,0,0.0425691
0,0,0.0425779
0,0,0.0425867
0,0,0.0426116
0,0,0.0426463
0,0,0.04268
0,0,0.0426851
0,0,0.042695
0,0,0.0426962
0,0,0.0426987
0,0,0.0427483
0,0,0.0427686
0,0,0.042778
0,0,0.0427854
0,0,0.0427868
0,0,0.0428158
0,0,0.0428243
0,0,0.0428364
0,0,0.0428781
0,0,0.0429495
0,0,0.0429962
0,0,0.0430025
0,0,0.0430329
0,0,0.043043
0,0,0.0430864
0,0,0.0431209
0,0,0.0431214
0,0,0.0431275
0,0,0.0431675
0,0,0.0431691
0,0,0.0431734
0,0,0.0431909
0,0,0.0432032
0,0,0.0432303
0,0,0.0432324
0,0,0.0432418
0,0,0.043251
0,0,0.0432679
0,0,0.0432878
0,0,0.0433074
0,0,0.0433344
0,0,0.0433345
0,0,0.0433763
0,0,0.0433909
0,0,0.0434127
0,0,0.0434188
0,0,0.0434546
0,0,0.0434634
0,0,0.0435057
0,0,0.0435151
0,0,0.0435213
0,0,0.0435714
0,0,0.0435798
0,0,0.0435959
0,0,0.0436377
0,0,0.0436458
0,0,0.0436515
0,0,0.0437219
0,0,0.0437491
0,0,0.0437678
0,0,0.043881
0,0,0.0439026
0,0,0.0439389
0,0,0.0439663
0,0,0.0439778
0,0,0.0439843
0,0,0.043989
0,0,0.0440316
0,0,0.0440379
0,0,0.0440977
0,0,0.0440985
0,0,0.044172
0,0,0.0441795
0,0,0.0442037
0,0,0.044224
0,0,0.0442295
0,0,0.044239
0,0,0.0442563
0,0,0.04432
0,0,0.0443354
0,0,0.0443378
0,0,0.0443664
0,0,0.0443978
0,0,0.0444028
0,0,0.0444126
0,0,0.0444235
0,0,0.0444289
0,0,0.0444558
0,0,0.0444655
0,0,0.044507
0,0,0.0445289
0,0,0.0445584
0,0,0.0446671
0,0,0.0446687
0,0,0.0446864
0,0,0.0446868
0,0,0.0446947
0,0,0.044723
0,0,0.0447334
0,0,0.0447358
0,0,0.0447552
0,0,0.0448556
0,0,0.0448707
0,0,0.0448899
0,0,0.0449207
0,0,0.0450241
0,0,0.0450275
0,0,0.0450312
0,0,0.0450549
0,0,0.0450568
0,0,0.045058
0,0,0.04508
0,0,0.0450873
0,0,0.0450951
0,0,0.0451323
0,0,0.045149
0,0,0.0451594
0,0,0.0451649
0,0,0.0451693
0,0,0.0451809
0,0,0.0451928
0,0,0.0452053
0,0,0.0452181
0,0,0.0452214
0,0,0.0452313
0,0,0.0452353
0,0,0.0452477
0,0,0.0452876
0,0,0.0453011
0,0,0.0453628
0,0,0.0453959
0,0,0.0454277
0,0,0.0454632
0,0,0.0455067
0,0,0.0455194
0,0,0.0455624
0,0,0.0455785
0,0,0.0455817
0,0,0.0455949
0,0,0.0455956
0,0,0.0457002
0,0,0.0457223
0,0,0.0457464
0,0,0.0457515
0,0,0.0457671
0,0,0.0457774
0,0,0.0457843
0,0,0.045826
0,0,0.0458423
0,0,0.0458518
0,0,0.0458529
0,0,0.0458542
0,0,0.0458726
0,0,0.0458736
0,0,0.045899
0,0,0.0459129
0,0,0.0459603
0,0,0.0459678
0,0,0.0460304
0,0,0.0460749
0,0,0.0461188
0,0,0.0461286
0,0,0.0461415
0,0,0.0461449
0,0,0.0461456
0,0,0.0461851
0,0,0.0462098
0,0,0.0462131
0,0,0.0462149
0,0,0.0462158
0,0,0.0462162
0,0,0.046225
0,0,0.0462851
0,0,0.0463057
0,0,0.0463229
0,0,0.0463253
0,0,0.0463264
0,0,0.0463764
0,0,0.0463841
0,0,0.0464072
0,0,0.0464514
0,0,0.0464967
0,0,0.0465034
0,0,0.0465077
0,0,0.0465297
0,0,0.0465309
0,0,0.0465742
0,0,0.046579
0,0,0.0466294
0,0,0.0466385
0,0,0.0466641
0,0,0.046676
0,0,0.0466767
0,0,0.0466871
0,0,0.0467283
0,0,0.0467451
0,0,0.0467678
0,0,0.0467793
0,0,0.0467894
0,0,0.0468078
0,0,0.0468092
0,0,0.0469178
0,0,0.0469452
0,0,0.0469749
0,0,0.0469868
0,0,0.0470032
0,0,0.0471476
0,0,0.0471621
0,0,0.0472762
0,0,0.0472763
0,0,0.047317
0,0,0.0473254
0,0,0.0473622
0,0,0.0473819
0,0,0.0473884
0,0,0.0473985
0,0,0.047409
0,0,0.0474288
0,0,0.0474316
0,0,0.0474327
0,0,0.0474351
0,0,0.0474686
0,0,0.0474849
0,0,0.0474985
0,0,0.0474987
0,0,0.0475348
0,0,0.0475421
0,0,0.0475474
0,0,0.0475533
0,0,0.0475814
0,0,0.0476457
0,0,0.0476655
0,0,0.047675
0,0,0.0476871
0,0,0.0477098
0,0,0.0477187
0,0,0.0477207
0,0,0.0477804
0,0,0.0477985
0,0,0.0478048
0,0,0.0478061
0,0,0.0478412
0,0,0.0478513
0,0,0.0478534
0,0,0.0478738
0,0,0.0479012
0,0,0.0479036
0,0,0.0479069
0,0,0.0479478
0,0,0.0479718
0,0,0.0479835
0,0,0.0480223
0,0,0.0480816
0,0,0.0480948
0,0,0.0481368
0,0,0.0481671
0,0,0.0481909
0,0,0.0482053
0,0,0.0482476
0,0,0.0483038
0,0,0.0483168
0,0,0.0483288
0,0,0.0483496
0,0,0.0483522
0,0,0.0483575
0,0,0.0483615
0,0,0.0483708
0,0,0.0483853
0,0,0.0484225
0,0,0.0484585
0,0,0.0485037
0,0,0.0485328
0,0,0.0485522
0,0,0.0485642
0,0,0.0485709
0,0,0.0486
0,0,0.0486038
0,0,0.0486134
0,0,0.0486167
0,0,0.0486236
0,0,0.0486252
0,0,0.0486267
0,0,0.0486296
0,0,0.0486664
0,0,0.0487405
0,0,0.0487849
0,0,0.0488179
0,0,0.0488226
0,0,0.0489056
0,0,0.0489184
0,0,0.0489303
0,0,0.0489382
0,0,0.0489605
0,0,0.0489678
0,0,0.0489818
0,0,0.0489826
0,0,0.0490141
0,0,0.0490444
0,0,0.049052
0,0,0.0490544
0,0,0.049087
0,0,0.049095
0,0,0.0491205
0,0,0.0491346
0,0,0.0491386
0,0,0.0491424
0,0,0.0491472
0,0,0.0491491
0,0,0.0491818
0,0,0.0492214
0,0,0.0492394
0,0,0.0492419
0,0,0.0492695
0,0,0.0493193
0,0,0.0493478
0,0,0.0493533
0,0,0.0493613
0,0,0.0493747
0,0,0.0493954
0,0,0.0494124
0,0,0.049423
0,0,0.0494255
0,0,0.049447
0,0,0.0495209
0,0,0.0495476
0,0,0.0495619
0,0,0.0495691
0,0,0.0495884
0,0,0.0496082
0,0,0.0496325
0,0,0.0496359
0,0,0.0496379
0,0,0.0496413
0,0,0.0496543
0,0,0.0497146
0,0,0.0497225
0,0,0.0498329
0,0,0.0498508
0,0,0.0498609
0,0,0.0498663
0,0,0.0498718
0,0,0.0498729
0,0,0.0498967
0,0,0.0499501
0,0,0.0499663
0,0,0.0499678
0,0,0.0499741
0,0,0.0500014
0,0,0.0500069
0,0,0.0500312
0,0,0.0500431
0,0,0.0500488
0,0,0.0501285
0,0,0.0501683
0,0,0.0501988
0,0,0.050216
0,0,0.0502465
0,0,0.0502713
0,0,0.0502751
0,0,0.0502772
0,0,0.0503202
0,0,0.0503326
0,0,0.0503346
0,0,0.0503664
0,0,0.0503845
0,0,0.0503939
0,0,0.0504024
0,0,0.050442
0,0,0.0505064
0,0,0.0505353
0,0,0.0505812
0,0,0.0506034
0,0,0.0506621
0,0,0.050663
0,0,0.050678
0,0,0.0507153
0,0,0.0507197
0,0,0.0507267
0,0,0.0508103
0,0,0.0508358
0,0,0.0508884
0,0,0.0509007
0,0,0.0509192
0,0,0.0509983
0,0,0.051
0,0,0.051011
0,0,0.0510579
0,0,0.0511025
0,0,0.0511173
0,0,0.0511225
0,0,0.0511296
0,0,0.0511559
0,0,0.0511687
0,0,0.051196
0,0,0.0512503
0,0,0.0513197
0,0,0.0513203
0,0,0.0514609
0,0,0.0514751
0,0,0.0514796
0,0,0.0514887
0,0,0.0515173
0,0,0.0515218
0,0,0.0515275
0,0,0.0515762
0,0,0.0515808
0,0,0.0516827
0,0,0.0517556
0,0,0.0517614
0,0,0.0517747
0,0,0.0517966
0,0,0.0518017
0,0,0.0518509
0,0,0.0518784
0,0,0.0519059
0,0,0.0519298
0,0,0.0519867
0,0,0.0520131
0,0,0.052016
0,0,0.0520519
0,0,0.0520953
0,0,0.0521005
0,0,0.052165
0,0,0.0521775
0,0,0.0521925
0,0,0.0521931
0,0,0.0522218
0,0,0.0522262
0,0,0.0522511
0,0,0.0522729
0,0,0.0522885
0,0,0.0523218
0,0,0.0523473
0,0,0.052361
0,0,0.0523859
0,0,0.0523958
0,0,0.0524081
0,0,0.0524084
0,0,0.0524288
0,0,0.052437
0,0,0.0524457
0,0,0.0524815
0,0,0.0524933
0,0,0.0524935
0,0,0.0525667
0,0,0.0525842
0,0,0.0526206
0,0,0.0526513
0,0,0.0526576
0,0,0.0527164
0,0,0.0527256
0,0,0.0527266
0,0,0.0527451
0,0,0.0527969
0,0,0.0529135
0,0,0.052921
0,0,0.0529266
0,0,0.0529297
0,0,0.0529488
0,0,0.0529636
0,0,0.0529987
0,0,0.0530107
0,0,0.0530245
0,0,0.0530728
0,0,0.0531411
0,0,0.0531435
0,0,0.0531462
0,0,0.0531964
0,0,0.0532051
0,0,0.0532144
0,0,0.0532422
0,0,0.0532431
0,0,0.0532438
0,0,0.0533024
0,0,0.0533169
0,0,0.0533613
0,0,0.05337
0,0,0.0533774
0,0,0.0534293
0,0,0.0534616
0,0,0.053467
0,0,0.0534689
0,0,0.0534699
0,0,0.0535116
0,0,0.0535149
0,0,0.0535303
0,0,0.053548
0,0,0.053556
0,0,0.0535694
0,0,0.0535769
0,0,0.053634
0,0,0.0536465
0,0,0.0536488
0,0,0.053649
0,0,0.0536651
0,0,0.0536773
0,0,0.0536941
0,0,0.0537538
0,0,0.0537595
0,0,0.0537809
0,0,0.0538863
0,0,0.0539427
0,0,0.0539785
0,0,0.0540021
0,0,0.054023
0,0,0.0540247
0,0,0.0540687
0,0,0.0540827
0,0,0.0540862
0,0,0.054104
0,0,0.0541553
0,0,0.0541736
0,0,0.0541905
0,0,0.0542047
0,0,0.0542484
0,0,0.054254
0,0,0.05427
0,0,0.0542982
0,0,0.054308
0,0,0.0543789
0,0,0.0543977
0,0,0.0544089
0,0,0.0544194
0,0,0.0544204
0,0,0.0544315
0,0,0.0544494
0,0,0.0545139
0,0,0.0545272
0,0,0.0545785
0,0,0.0546066
0,0,0.0546283
0,0,0.0546369
0,0,0.0546504
0,0,0.0546649
0,0,0.0546786
0,0,0.0546789
0,0,0.0546886
0,0,0.0547257
0,0,0.0547272
0,0,0.0547578
0,0,0.0547709
0,0,0.0547839
0,0,0.0547862
0,0,0.0548035
0,0,0.0548343
0,0,0.0548788
0,0,0.054886
0,0,0.0548917
0,0,0.054925
0,0,0.054955
0,0,0.0549771
0,0,0.0550025
0,0,0.0550239
0,0,0.0550573
0,0,0.0550835
0,0,0.0551585
0,0,0.0552063
0,0,0.0552188
0,0,0.0553076
0,0,0.055334
0,0,0.0553478
0,0,0.0553794
0,0,0.0554215
0,0,0.0554264
0,0,0.0554369
0,0,0.055492
0,0,0.0555277
0,0,0.0555736
0,0,0.0556606
0,0,0.0556856
0,0,0.0556935
0,0,0.0557446
0,0,0.0557512
0,0,0.0558177
0,0,0.0558989
0,0,0.0559426
0,0,0.0559465
0,0,0.0559688
0,0,0.0560662
0,0,0.0560727
0,0,0.0560896
0,0,0.0561086
0,0,0.0561231
0,0,0.0561555
0,0,0.0561738
0,0,0.056225
0,0,0.0562996
0,0,0.0563035
0,0,0.0563089
0,0,0.0563317
0,0,0.0563843
0,0,0.056396
0,0,0.0564093
0,0,0.0564598
0,0,0.0564675
0,0,0.0565012
0,0,0.0565075
0,0,0.0565548
0,0,0.0566105
0,0,0.0566526
0,0,0.0566927
0,0,0.0567933
0,0,0.0568076
0,0,0.0568195
0,0,0.0568279
0,0,0.0568364
0,0,0.0568684
0,0,0.0569078
0,0,0.056908
0,0,0.0569162
0,0,0.0569359
0,0,0.0569554
0,0,0.0569733
0,0,0.0570441
0,0,0.0570775
0,0,0.0570853
0,0,0.0571182
0,0,0.0572319
0,0,0.0572762
0,0,0.0572928
0,0,0.0573146
0,0,0.0573195
0,0,0.0573883
0,0,0.0574034
0,0,0.057481
0,0,0.0574904
0,0,0.0574908
0,0,0.0575271
0,0,0.0575838
0,0,0.0575937
0,0,0.0576538
0,0,0.057685
0,0,0.0577039
0,0,0.0577396
0,0,0.0578053
0,0,0.0578625
0,0,0.0579403
0,0,0.0579993
0,0,0.0580343
0,0,0.058091
0,0,0.0581415
0,0,0.0581569
0,0,0.0581594
0,0,0.0582328
0,0,0.0582411
0,0,0.0582987
0,0,0.0583451
0,0,0.058414
0,0,0.0584405
0,0,0.0585169
0,0,0.0585238
0,0,0.058551
0,0,0.0585929
0,0,0.0586117
0,0,0.0586488
0,0,0.0586543
0,0,0.0586634
0,0,0.0587078
0,0,0.0587248
0,0,0.0587667
0,0,0.0587723
0,0,0.0587776
0,0,0.0588053
0,0,0.0588247
0,0,0.0588317
0,0,0.0588509
0,0,0.0588514
0,0,0.0588938
0,0,0.0589763
0,0,0.0589892
0,0,0.059009
0,0,0.0590198
0,0,0.0590218
0,0,0.0590486
0,0,0.0590929
0,0,0.0590992
0,0,0.0591111
0,0,0.0591276
0,0,0.0592055
0,0,0.0593861
0,0,0.0594029
0,0,0.0594078
0,0,0.0594391
0,0,0.0594647
0,0,0.0595882
0,0,0.0596264
0,0,0.0596659
0,0,0.0596933
0,0,0.0596965
0,0,0.0597444
0,0,0.0597581
0,0,0.0597614
0,0,0.0597726
0,0,0.0598119
0,0,0.0598303
0,0,0.059927
0,0,0.0599377
0,0,0.0599444
0,0,0.0599566
0,0,0.0599924
0,0,0.0600049
0,0,0.0600121
0,0,0.060037
0,0,0.0600555
0,0,0.0600772
0,0,0.0601053
0,0,0.0602631
0,0,0.0603187
0,0,0.060433
0,0,0.0604634
0,0,0.0604929
0,0,0.0605153
0,0,0.0605664
0,0,0.0606194
0,0,0.060629
0,0,0.0606455
0,0,0.0606518
0,0,0.0606905
0,0,0.060699
0,0,0.0607454
0,0,0.0607476
0,0,0.0607795
0,0,0.0609022
0,0,0.0609197
0,0,0.0609317
0,0,0.060986
0,0,0.0609887
0,0,0.0609929
0,0,0.0609934
0,0,0.0609994
0,0,0.0611174
0,0,0.0611233
0,0,0.0611325
0,0,0.0611786
0,0,0.0612307
0,0,0.0612923
0,0,0.0613444
0,0,0.0613577
0,0,0.0613768
0,0,0.06147
0,0,0.0615543
0,0,0.0615935
0,0,0.0616168
0,0,0.061617
0,0,0.0616469
0,0,0.0616494
0,0,0.0616618
0,0,0.0616805
0,0,0.0616994
0,0,0.0617031
0,0,0.0617453
0,0,0.0617609
0,0,0.0617749
0,0,0.0617851
0,0,0.0618142
0,0,0.0618781
0,0,0.0619458
0,0,0.0619536
0,0,0.0619854
0,0,0.0620213
0,0,0.0620756
0,0,0.0621149
0,0,0.0621425
0,0,0.0621425
0,0,0.062153
0,0,0.0621664
0,0,0.0622598
0,0,0.062279
0,0,0.0622903
0,0,0.0623095
0,0,0.0623442
0,0,0.0623566
0,0,0.0623651
0,0,0.0624045
0,0,0.0624217
0,0,0.0624402
0,0,0.0624637
0,0,0.0624647
0,0,0.0625075
0,0,0.0625082
0,0,0.0625217
0,0,0.0628097
0,0,0.062901
0,0,0.063001
0,0,0.0630056
0,0,0.0630235
0,0,0.0630384
0,0,0.0630867
0,0,0.063092
0,0,0.0631459
0,0,0.0631514
0,0,0.0631673
0,0,0.0631859
0,0,0.063225
0,0,0.063262
0,0,0.0632669
0,0,0.0633021
0,0,0.0633314
0,0,0.0633348
0,0,0.0634101
0,0,0.0634395
0,0,0.0635142
0,0,0.0635224
0,0,0.0635334
0,0,0.0635876
0,0,0.0635881
0,0,0.0635973
0,0,0.0636075
0,0,0.0636218
0,0,0.0636297
0,0,0.0636328
0,0,0.0636789
0,0,0.063695
0,0,0.0637302
0,0,0.0638131
0,0,0.0639396
0,0,0.0639566
0,0,0.0640117
0,0,0.0640208
0,0,0.0640641
0,0,0.0640877
0,0,0.0641024
0,0,0.0641282
0,0,0.0641645
0,0,0.0641825
0,0,0.0641959
0,0,0.0642793
0,0,0.0642902
0,0,0.0642916
0,0,0.0643311
0,0,0.0643542
0,0,0.0643563
0,0,0.0644152
0,0,0.0644584
0,0,0.064513
0,0,0.064556
0,0,0.0646338
0,0,0.064637
0,0,0.0646587
0,0,0.0647536
0,0,0.06479
0,0,0.0647908
0,0,0.0648839
0,0,0.0648932
0,0,0.0649093
0,0,0.0649182
0,0,0.0649183
0,0,0.0649259
0,0,0.064969
0,0,0.0649934
0,0,0.0650005
0,0,0.0650696
0,0,0.0651519
0,0,0.065165
0,0,0.0651776
0,0,0.0651967
0,0,0.0652086
0,0,0.0652824
0,0,0.0653115
0,0,0.0654519
0,0,0.0655817
0,0,0.06567
0,0,0.0656761
0,0,0.0657501
0,0,0.0657961
0,0,0.0658075
0,0,0.06583
0,0,0.0659102
0,0,0.0659423
0,0,0.0659723
0,0,0.0660253
0,0,0.0660422
0,0,0.0662145
0,0,0.0662374
0,0,0.0662386
0,0,0.066311
0,0,0.066324
0,0,0.0663276
0,0,0.0663421
0,0,0.0663503
0,0,0.0663591
0,0,0.0663964
0,0,0.0664046
0,0,0.0664109
0,0,0.0664596
0,0,0.0664707
0,0,0.0664872
0,0,0.0665584
0,0,0.0666169
0,0,0.0666308
0,0,0.0667158
0,0,0.066735
0,0,0.0668009
0,0,0.0668512
0,0,0.0668684
0,0,0.0669399
0,0,0.0669526
0,0,0.0669819
0,0,0.0670618
0,0,0.0670816
0,0,0.0670875
0,0,0.0672144
0,0,0.0672277
0,0,0.0672398
0,0,0.0672452
0,0,0.0672667
0,0,0.0672838
0,0,0.0673313
0,0,0.0673729
0,0,0.0673827
0,0,0.067396
0,0,0.0674139
0,0,0.0674289
0,0,0.0674389
0,0,0.0674895
0,0,0.0674995
0,0,0.0675914
0,0,0.0676459
0,0,0.0677128
0,0,0.0677304
0,0,0.0677441
0,0,0.0677583
0,0,0.0677665
0,0,0.067774
0,0,0.0677937
0,0,0.0678278
0,0,0.0678642
0,0,0.0678679
0,0,0.0679345
0,0,0.0679384
0,0,0.0679458
0,0,0.0679792
0,0,0.0679861
0,0,0.0680426
0,0,0.0680772
0,0,0.06813
0,0,0.0681627
0,0,0.0681719
0,0,0.0682347
0,0,0.0683022
0,0,0.0683709
0,0,0.0684993
0,0,0.0686074
0,0,0.0686256
0,0,0.0686726
0,0,0.0687104
0,0,0.0687129
0,0,0.068725
0,0,0.0687802
0,0,0.0687899
0,0,0.0688371
0,0,0.0688832
0,0,0.0689471
0,0,0.0689471
0,0,0.0690572
0,0,0.0690857
0,0,0.0691251
0,0,0.0691577
0,0,0.0692215
0,0,0.0692226
0,0,0.0692418
0,0,0.0693082
0,0,0.0693323
0,0,0.0695096
0,0,0.0695466
0,0,0.0696178
0,0,0.0696694
0,0,0.0696816
0,0,0.0697019
0,0,0.0697345
0,0,0.0697542
0,0,0.0697815
0,0,0.0698419
0,0,0.0698955
0,0,0.0699241
0,0,0.069976
0,0,0.0699898
0,0,0.0699962
0,0,0.0700246
0,0,0.0700658
0,0,0.070188
0,0,0.0702222
0,0,0.070283
0,0,0.0702995
0,0,0.0703123
0,0,0.0705262
0,0,0.0706398
0,0,0.0706955
0,0,0.0708179
0,0,0.0708506
0,0,0.0708577
0,0,0.0708747
0,0,0.0708773
0,0,0.070982
0,0,0.0709946
0,0,0.0710181
0,0,0.071111
0,0,0.0711194
0,0,0.071176
0,0,0.0711796
0,0,0.0712347
0,0,0.0712645
0,0,0.071325
0,0,0.0713601
0,0,0.0714076
0,0,0.0715133
0,0,0.0715686
0,0,0.0715691
0,0,0.0715694
0,0,0.0715795
0,0,0.07159
0,0,0.0716702
0,0,0.0716704
0,0,0.0717277
0,0,0.0717448
0,0,0.0718264
0,0,0.0718521
0,0,0.0718764
0,0,0.0719629
0,0,0.0719736
0,0,0.071982
0,0,0.0720739
0,0,0.0721034
0,0,0.072129
0,0,0.0721935
0,0,0.0722963
0,0,0.0723145
0,0,0.0723785
0,0,0.0723837
0,0,0.0724813
0,0,0.0724904
0,0,0.0726181
0,0,0.0726755
0,0,0.07268
0,0,0.0727767
0,0,0.0728108
0,0,0.072874
0,0,0.072888
0,0,0.0729081
0,0,0.0729117
0,0,0.0729312
0,0,0.0729781
0,0,0.0731134
0,0,0.0731291
0,0,0.0731644
0,0,0.0732405
0,0,0.0732731
0,0,0.0734317
0,0,0.0734386
0,0,0.0734437
0,0,0.0734603
0,0,0.073494
0,0,0.0735279
0,0,0.0735485
0,0,0.0735966
0,0,0.0735992
0,0,0.0736511
0,0,0.0736721
0,0,0.0737702
0,0,0.0738555
0,0,0.0739591
0,0,0.0739863
0,0,0.0740371
0,0,0.0740455
0,0,0.0740759
0,0,0.074146
0,0,0.0741534
0,0,0.0741808
0,0,0.0742029
0,0,0.0742816
0,0,0.0743755
0,0,0.07439
0,0,0.0744561
0,0,0.0744644
0,0,0.0744826
0,0,0.0746946
0,0,0.0747283
0,0,0.0748773
0,0,0.0749037
0,0,0.075059
0,0,0.0750775
0,0,0.0751293
0,0,0.0752385
0,0,0.0752485
0,0,0.0752783
0,0,0.0753503
0,0,0.0753558
0,0,0.0754983
0,0,0.0757835
0,0,0.0760036
0,0,0.0760353
0,0,0.0760592
0,0,0.0761141
0,0,0.0761629
0,0,0.0762682
0,0,0.0762743
0,0,0.0763212
0,0,0.0763815
0,0,0.0764044
0,0,0.0765774
0,0,0.0765844
0,0,0.0766154
0,0,0.0766679
0,0,0.0766819
0,0,0.07688
0,0,0.0769166
0,0,0.0769596
0,0,0.0770229
0,0,0.0771116
0,0,0.0771357
0,0,0.0771416
0,0,0.0772095
0,0,0.0773486
0,0,0.0773601
0,0,0.0773897
0,0,0.0776674
0,0,0.0777494
0,0,0.0777701
0,0,0.0779112
0,0,0.0779608
0,0,0.0779905
0,0,0.078121
0,0,0.0782073
0,0,0.0782815
0,0,0.0783502
0,0,0.0783758
0,0,0.0783814
0,0,0.0785742
0,0,0.0785796
0,0,0.0786738
0,0,0.0786949
0,0,0.0787685
0,0,0.0788336
0,0,0.0789079
0,0,0.0791381
0,0,0.0791516
0,0,0.0791757
0,0,0.0792453
0,0,0.0792768
0,0,0.0793879
0,0,0.0794949
0,0,0.0794951
0,0,0.0795106
0,0,0.0796011
0,0,0.079707
0,0,0.0798203
0,0,0.079869
0,0,0.0798712
0,0,0.0799287
0,0,0.0799598
0,0,0.0799954
0,0,0.0800318
0,0,0.0800383
0,0,0.0800688
0,0,0.0801026
0,0,0.0802054
0,0,0.0802828
0,0,0.0803307
0,0,0.0803905
0,0,0.08043
0,0,0.0805052
0,0,0.0805914
0,0,0.0806137
0,0,0.0806686
0,0,0.0807369
0,0,0.080793
0,0,0.0807942
0,0,0.0808169
0,0,0.0811885
0,0,0.0812464
0,0,0.0812924
0,0,0.0813162
0,0,0.0813291
0,0,0.0813486
0,0,0.0813577
0,0,0.0814353
0,0,0.0814625
0,0,0.0815145
0,0,0.0815459
0,0,0.0815823
0,0,0.0817213
0,0,0.0818733
0,0,0.0819351
0,0,0.0819806
0,0,0.0820486
0,0,0.0820746
0,0,0.0821054
0,0,0.0822373
0,0,0.0822585
0,0,0.082282
0,0,0.0823216
0,0,0.082429
0,0,0.0824359
0,0,0.0824986
0,0,0.0825004
0,0,0.0825251
0,0,0.082534
0,0,0.0826482
0,0,0.0826526
0,0,0.0826719
0,0,0.0828176
0,0,0.0829685
0,0,0.0831913
0,0,0.0832684
0,0,0.0835867
0,0,0.0836115
0,0,0.0836483
0,0,0.0836517
0,0,0.0836542
0,0,0.0837455
0,0,0.0838846
0,0,0.0839564
0,0,0.083983
0,0,0.08411
0,0,0.0842755
0,0,0.0842991
0,0,0.0844825
0,0,0.0845149
0,0,0.0845845
0,0,0.0846692
0,0,0.0847909
0,0,0.08487
0,0,0.0849269
0,0,0.085229
0,0,0.0854236
0,0,0.0854353
0,0,0.085462
0,0,0.0855568
0,0,0.0855777
0,0,0.0857077
0,0,0.085778
0,0,0.0857959
0,0,0.085814
0,0,0.0859056
0,0,0.0859329
0,0,0.0862143
0,0,0.0863792
0,0,0.0864174
0,0,0.086606
0,0,0.0866217
0,0,0.0866798
0,0,0.0867444
0,0,0.0869707
0,0,0.0869953
0,0,0.0870034
0,0,0.0870444
0,0,0.0870727
0,0,0.0871406
0,0,0.087203
0,0,0.0872048
0,0,0.0873891
0,0,0.0874033
0,0,0.0874812
0,0,0.0876264
0,0,0.087677
0,0,0.0877036
0,0,0.0878439
0,0,0.0879024
0,0,0.0879045
0,0,0.0879677
0,0,0.088103
0,0,0.0883501
0,0,0.0884147
0,0,0.0884214
0,0,0.0884343
0,0,0.0884739
0,0,0.0885524
0,0,0.0885652
0,0,0.0886305
0,0,0.0887109
0,0,0.088919
0,0,0.089122
0,0,0.0891496
0,0,0.0891588
0,0,0.089233
0,0,0.0892404
0,0,0.0893875
0,0,0.0894641
0,0,0.0896077
0,0,0.0897623
0,0,0.0901336
0,0,0.0901438
0,0,0.0901878
0,0,0.0901977
0,0,0.0902128
0,0,0.0903312
0,0,0.0903654
0,0,0.0904751
0,0,0.0907532
0,0,0.0908412
0,0,0.0909268
0,0,0.0909852
0,0,0.0911311
0,0,0.0911385
0,0,0.0912289
0,0,0.0912668
0,0,0.0912926
0,0,0.0913584
0,0,0.0913793
0,0,0.0913797
0,0,0.0914365
0,0,0.0915318
0,0,0.091595
0,0,0.0915988
0,0,0.0917865
0,0,0.0918872
0,0,0.0922641
0,0,0.0923532
0,0,0.0923827
0,0,0.092491
0,0,0.0925287
0,0,0.0926776
0,0,0.092698
0,0,0.0927016
0,0,0.0929099
0,0,0.0930009
0,0,0.093005
0,0,0.0931159
0,0,0.0933373
0,0,0.0933377
0,0,0.0934425
0,0,0.0935382
0,0,0.0935897
0,0,0.0938012
0,0,0.0938893
0,0,0.0939125
0,0,0.0939209
0,0,0.0939954
0,0,0.0940016
0,0,0.0940273
0,0,0.0940336
0,0,0.0940822
0,0,0.094222
0,0,0.0944626
0,0,0.0945511
0,0,0.0947336
0,0,0.0948877
0,0,0.0948951
0,0,0.0950293
0,0,0.0950529
0,0,0.0950765
0,0,0.0951176
0,0,0.0953123
0,0,0.0954205
0,0,0.0955451
0,0,0.095696
0,0,0.0957227
0,0,0.0961433
0,0,0.0961825
0,0,0.0962097
0,0,0.0965211
0,0,0.0965359
0,0,0.0965657
0,0,0.0969319
0,0,0.0971344
0,0,0.0971907
0,0,0.0973642
0,0,0.0975225
0,0,0.0975914
0,0,0.0976141
0,0,0.0979642
0,0,0.0980374
0,0,0.0982811
0,0,0.0983383
0,0,0.0986448
0,0,0.0987514
0,0,0.0989112
0,0,0.0989606
0,0,0.0991065
0,0,0.0995233
0,0,0.099564
0,0,0.099593
0,0,0.0998736
0,0,0.0999006
0,0,0.0999051
0,0,0.100013
0,0,0.100076
0,0,0.100149
0,0,0.100221
0,0,0.100239
0,0,0.100388
0,0,0.10059
0,0,0.100613
0,0,0.100675
0,0,0.10074
0,0,0.1008
0,0,0.100852
0,0,0.10094
0,0,0.101031
0,0,0.101199
0,0,0.101303
0,0,0.101429
0,0,0.101458
0,0,0.101507
0,0,0.102103
0,0,0.102109
0,0,0.102506
0,0,0.102657
0,0,0.102672
0,0,0.102683
0,0,0.102771
0,0,0.102869
0,0,0.102889
0,0,0.103003
0,0,0.103047
0,0,0.10309
0,0,0.10312
0,0,0.10316
0,0,0.103254
0,0,0.10344
0,0,0.103579
0,0,0.10361
0,0,0.103695
0,0,0.103931
0,0,0.103988
0,0,0.104182
0,0,0.104391
0,0,0.104543
0,0,0.104544
0,0,0.104604
0,0,0.104647
0,0,0.104838
0,0,0.10503
0,0,0.105105
0,0,0.105372
0,0,0.105495
0,0,0.105851
0,0,0.105884
0,0,0.106356
0,0,0.106509
0,0,0.106587
0,0,0.106597
0,0,0.106618
0,0,0.106717
0,0,0.106833
0,0,0.106833
0,0,0.106934
0,0,0.107046
0,0,0.10708
0,0,0.107405
0,0,0.107537
0,0,0.107637
0,0,0.107745
0,0,0.107749
0,0,0.108019
0,0,0.108019
0,0,0.108443
0,0,0.108461
0,0,0.108591
0,0,0.108697
0,0,0.108699
0,0,0.108836
0,0,0.109094
0,0,0.109295
0,0,0.109363
0,0,0.109408
0,0,0.109541
0,0,0.109553
0,0,0.109599
0,0,0.109658
0,0,0.109755
0,0,0.109916
0,0,0.109994
0,0,0.110066
0,0,0.110111
0,0,0.110214
0,0,0.110291
0,0,0.110381
0,0,0.110528
0,0,0.110706
0,0,0.110724
0,0,0.110999
0,0,0.111163
0,0,0.111729
0,0,0.111796
0,0,0.111857
0,0,0.11193
0,0,0.112012
0,0,0.112072
0,0,0.112074
0,0,0.11225
0,0,0.112349
0,0,0.112426
0,0,0.112685
0,0,0.112757
0,0,0.112762
0,0,0.112799
0,0,0.113314
0,0,0.113597
0,0,0.113844
0,0,0.113847
0,0,0.113893
0,0,0.114094
0,0,0.114094
0,0,0.114269
0,0,0.114637
0,0,0.115047
0,0,0.115052
0,0,0.11518
0,0,0.115226
0,0,0.115638
0,0,0.115785
0,0,0.116277
0,0,0.116365
0,0,0.116436
0,0,0.116513
0,0,0.11657
0,0,0.117037
0,0,0.117244
0,0,0.117378
0,0,0.117622
0,0,0.117741
0,0,0.117878
0,0,0.11796
0,0,0.117988
0,0,0.118049
0,0,0.118191
0,0,0.118242
0,0,0.118265
0,0,0.118561
0,0,0.118679
0,0,0.118777
0,0,0.118885
0,0,0.119173
0,0,0.119187
0,0,0.119442
0,0,0.119571
0,0,0.119976
0,0,0.120338
0,0,0.120622
0,0,0.120712
0,0,0.120735
0,0,0.120926
0,0,0.121205
0,0,0.12123
0,0,0.12133
0,0,0.121631
0,0,0.121749
0,0,0.122259
0,0,0.122262
0,0,0.122361
0,0,0.122438
0,0,0.122552
0,0,0.122591
0,0,0.122654
0,0,0.122757
0,0,0.122772
0,0,0.122846
0,0,0.122954
0,0,0.122998
0,0,0.123066
0,0,0.123218
0,0,0.123391
0,0,0.123452
0,0,0.12349
0,0,0.123835
0,0,0.123881
0,0,0.124536
0,0,0.124631
0,0,0.124737
0,0,0.124805
0,0,0.124924
0,0,0.125238
0,0,0.125278
0,0,0.125283
0,0,0.12529
0,0,0.125732
0,0,0.126068
0,0,0.12638
0,0,0.12652
0,0,0.126736
0,0,0.126786
0,0,0.12683
0,0,0.126842
0,0,0.12707
0,0,0.127174
0,0,0.127553
0,0,0.127613
0,0,0.12769
0,0,0.127965
0,0,0.12797
0,0,0.128107
0,0,0.12824
0,0,0.128249
0,0,0.128308
0,0,0.128425
0,0,0.128537
0,0,0.128902
0,0,0.129096
0,0,0.129269
0,0,0.129457
0,0,0.129686
0,0,0.129712
0,0,0.129729
0,0,0.129877
0,0,0.130655
0,0,0.130752
0,0,0.131645
0,0,0.131702
0,0,0.13197
0,0,0.132698
0,0,0.132762
0,0,0.132833
0,0,0.132907
0,0,0.133207
0,0,0.133267
0,0,0.133303
0,0,0.133614
0,0,0.133795
0,0,0.133824
0,0,0.134375
0,0,0.134741
0,0,0.1351
0,0,0.135562
0,0,0.135887
0,0,0.135954
0,0,0.135981
0,0,0.136034
0,0,0.136038
0,0,0.136042
0,0,0.136042
0,0,0.13637
0,0,0.136468
0,0,0.136489
0,0,0.136955
0,0,0.137001
0,0,0.13707
0,0,0.137105
0,0,0.137305
0,0,0.137559
0,0,0.137976
0,0,0.138029
0,0,0.138602
0,0,0.13878
0,0,0.138877
0,0,0.138944
0,0,0.139083
0,0,0.139308
0,0,0.139355
0,0,0.139402
0,0,0.13953
0,0,0.139561
0,0,0.139757
0,0,0.139794
0,0,0.139909
0,0,0.140262
0,0,0.140471
0,0,0.140716
0,0,0.140774
0,0,0.140967
0,0,0.141004
0,0,0.141053
0,0,0.141289
0,0,0.141372
0,0,0.141504
0,0,0.141771
0,0,0.142239
0,0,0.142263
0,0,0.142642
0,0,0.14272
0,0,0.143057
0,0,0.143137
0,0,0.143189
0,0,0.143222
0,0,0.143757
0,0,0.143897
0,0,0.144121
0,0,0.144123
0,0,0.145137
0,0,0.145244
0,0,0.145386
0,0,0.1454
0,0,0.146084
0,0,0.146678
0,0,0.14687
0,0,0.146892
0,0,0.147022
0,0,0.147115
0,0,0.147118
0,0,0.14736
0,0,0.147661
0,0,0.147998
0,0,0.148145
0,0,0.148611
0,0,0.148641
0,0,0.148927
0,0,0.148978
0,0,0.149059
0,0,0.14911
0,0,0.14952
0,0,0.149644
0,0,0.149896
0,0,0.150198
0,0,0.150239
0,0,0.150586
0,0,0.150621
0,0,0.150626
0,0,0.15072
0,0,0.151114
0,0,0.151268
0,0,0.151443
0,0,0.151551
0,0,0.15179
0,0,0.151945
0,0,0.151947
0,0,0.151965
0,0,0.152274
0,0,0.15231
0,0,0.152771
0,0,0.152987
0,0,0.153089
0,0,0.153123
0,0,0.153153
0,0,0.15318
0,0,0.15332
0,0,0.153624
0,0,0.153649
0,0,0.15374
0,0,0.153959
0,0,0.153964
0,0,0.154259
0,0,0.154279
0,0,0.154686
0,0,0.154857
0,0,0.154968
0,0,0.154969
0,0,0.156305
0,0,0.156372
0,0,0.15645
0,0,0.156472
0,0,0.156578
0,0,0.157342
0,0,0.15752
0,0,0.157991
0,0,0.158093
0,0,0.1581
0,0,0.158481
0,0,0.159008
0,0,0.159207
0,0,0.159395
0,0,0.159399
0,0,0.159539
0,0,0.159972
0,0,0.160249
0,0,0.160595
0,0,0.160658
0,0,0.161054
0,0,0.16111
0,0,0.161314
0,0,0.161337
0,0,0.16153
0,0,0.161695
0,0,0.161937
0,0,0.162334
0,0,0.162861
0,0,0.163062
0,0,0.163186
0,0,0.163197
0,0,0.163815
0,0,0.164571
0,0,0.165107
0,0,0.165402
0,0,0.165557
0,0,0.166108
0,0,0.166351
0,0,0.167043
0,0,0.167146
0,0,0.167676
0,0,0.1677
0,0,0.168055
0,0,0.168461
0,0,0.169205
0,0,0.169518
0,0,0.169638
0,0,0.169849
0,0,0.170047
0,0,0.17009
0,0,0.170191
0,0,0.170732
0,0,0.171029
0,0,0.171231
0,0,0.171282
0,0,0.171478
0,0,0.17172
0,0,0.172292
0,0,0.172313
0,0,0.172382
0,0,0.17324
0,0,0.173389
0,0,0.173467
0,0,0.173927
0,0,0.174176
0,0,0.175108
0,0,0.175174
0,0,0.175261
0,0,0.175517
0,0,0.175658
0,0,0.175903
0,0,0.176093
0,0,0.176473
0,0,0.176807
0,0,0.177246
0,0,0.177375
0,0,0.177432
0,0,0.177692
0,0,0.178207
0,0,0.178757
0,0,0.17882
0,0,0.179406
0,0,0.179784
0,0,0.179799
0,0,0.180411
0,0,0.180684
0,0,0.180783
0,0,0.18091
0,0,0.181074
0,0,0.18156
0,0,0.181601
0,0,0.181849
0,0,0.181872
0,0,0.182218
0,0,0.182248
0,0,0.182299
0,0,0.182425
0,0,0.182425
0,0,0.182447
0,0,0.183191
0,0,0.183607
0,0,0.18362
0,0,0.183659
0,0,0.18392
0,0,0.18414
0,0,0.184168
0,0,0.184757
0,0,0.184808
0,0,0.185273
0,0,0.185446
0,0,0.18621
0,0,0.187695
0,0,0.187706
0,0,0.187868
0,0,0.188021
0,0,0.188505
0,0,0.188778
0,0,0.188916
0,0,0.189002
0,0,0.189225
0,0,0.189321
0,0,0.189391
0,0,0.189705
0,0,0.189786
0,0,0.190039
0,0,0.190057
0,0,0.190604
0,0,0.190987
0,0,0.191384
0,0,0.191655
0,0,0.191979
0,0,0.194096
0,0,0.194565
0,0,0.194846
0,0,0.195298
0,0,0.196195
0,0,0.19794
0,0,0.198227
0,0,0.198503
0,0,0.199587
0,0,0.200755
0,0,0.201446
0,0,0.201474
0,0,0.202104
0,0,0.202958
0,0,0.203563
0,0,0.203599
0,0,0.203662
0,0,0.204455
0,0,0.20534
0,0,0.205507
0,0,0.206018
0,0,0.206859
0,0,0.207666
0,0,0.208661
0,0,0.209426
0,0,0.209519
0,0,0.20965
0,0,0.209669
0,0,0.211712
0,0,0.211789
0,0,0.212407
0,0,0.212478
0,0,0.212844
0,0,0.213103
0,0,0.214762
0,0,0.214964
0,0,0.215223
0,0,0.215254
0,0,0.216269
0,0,0.216534
0,0,0.216944
0,0,0.217227
0,0,0.21759
0,0,0.217868
0,0,0.217937
0,0,0.218304
0,0,0.220592
0,0,0.220808
0,0,0.220866
0,0,0.220878
0,0,0.222897
0,0,0.223389
0,0,0.22441
0,0,0.2246
0,0,0.225193
0,0,0.226012
0,0,0.226183
0,0,0.226412
0,0,0.227508
0,0,0.2287
0,0,0.229597
0,0,0.229621
0,0,0.229638
0,0,0.230467
0,0,0.230952
0,0,0.231331
0,0,0.23142
0,0,0.232433
0,0,0.233386
0,0,0.234197
0,0,0.234661
0,0,0.235195
0,0,0.236005
0,0,0.237785
0,0,0.238494
0,0,0.238873
0,0,0.239271
0,0,0.239345
0,0,0.239683
0,0,0.239765
0,0,0.239938
0,0,0.240071
0,0,0.240715
0,0,0.241092
0,0,0.242649
0,0,0.24284
0,0,0.243112
0,0,0.243492
0,0,0.24402
0,0,0.245808
0,0,0.246992
0,0,0.247049
0,0,0.247803
0,0,0.248015
0,0,0.248696
0,0,0.249054
0,0,0.251706
0,0,0.252181
0,0,0.252511
0,0,0.253343
0,0,0.253808
0,0,0.254153
0,0,0.254866
0,0,0.255041
0,0,0.255064
0,0,0.256138
0,0,0.256485
0,0,0.256619
0,0,0.256675
0,0,0.2572
0,0,0.257484
0,0,0.257695
0,0,0.257753
0,0,0.258021
0,0,0.258304
0,0,0.258376
0,0,0.258476
0,0,0.258667
0,0,0.258787
0,0,0.25958
0,0,0.260089
0,0,0.260749
0,0,0.260795
0,0,0.260813
0,0,0.260868
0,0,0.260986
0,0,0.261015
0,0,0.261406
0,0,0.26153
0,0,0.26204
0,0,0.262083
0,0,0.262498
0,0,0.262648
0,0,0.26271
0,0,0.263026
0,0,0.263517
0,0,0.264372
0,0,0.26467
0,0,0.265081
0,0,0.265121
0,0,0.265173
0,0,0.266223
0,0,0.266349
0,0,0.268608
0,0,0.269382
0,0,0.270802
0,0,0.273362
0,0,0.273619
0,0,0.274692
0,0,0.274995
0,0,0.275549
0,0,0.276249
0,0,0.27801
0,0,0.278675
0,0,0.280653
0,0,0.280858
0,0,0.280878
0,0,0.281146
0,0,0.281279
0,0,0.281583
0,0,0.281748
0,0,0.281772
0,0,0.282303
0,0,0.282654
0,0,0.283552
0,0,0.283638
0,0,0.284212
0,0,0.28607
0,0,0.286426
0,0,0.286876
0,0,0.287358
0,0,0.287383
0,0,0.288003
0,0,0.288016
0,0,0.288017
0,0,0.288514
0,0,0.289207
0,0,0.289264
0,0,0.28947
0,0,0.28985
0,0,0.29107
0,0,0.291711
0,0,0.292233
0,0,0.292561
0,0,0.293589
0,0,0.293958
0,0,0.294445
0,0,0.294829
0,0,0.295659
0,0,0.297304
0,0,0.297425
0,0,0.29836
0,0,0.298386
0,0,0.298812
0,0,0.299117
0,0,0.300506
0,0,0.302021
0,0,0.30259
0,0,0.30311
0,0,0.303657
0,0,0.304283
0,0,0.306113
0,0,0.306142
0,0,0.306204
0,0,0.306288
0,0,0.306991
0,0,0.307874
0,0,0.308835
0,0,0.311032
0,0,0.311286
0,0,0.311909
0,0,0.312446
0,0,0.316017
0,0,0.316261
0,0,0.317276
0,0,0.31751
0,0,0.317965
0,0,0.318026
0,0,0.319543
0,0,0.319628
0,0,0.321975
0,0,0.321977
0,0,0.322371
0,0,0.323586
0,0,0.32403
0,0,0.326245
0,0,0.326825
0,0,0.327218
0,0,0.327293
0,0,0.327743
0,0,0.327806
0,0,0.330081
0,0,0.330795
0,0,0.332318
0,0,0.332678
0,0,0.33302
0,0,0.333397
0,0,0.334558
0,0,0.33465
0,0,0.334699
0,0,0.335233
0,0,0.336818
0,0,0.337017
0,0,0.337278
0,0,0.337421
0,0,0.338226
0,0,0.33961
0,0,0.33981
0,0,0.339958
0,0,0.340903
0,0,0.345371
0,0,0.34787
0,0,0.349802
0,0,0.349852
0,0,0.350007
0,0,0.350685
0,0,0.352448
0,0,0.35338
0,0,0.35536
0,0,0.356067
0,0,0.356856
0,0,0.357599
0,0,0.357639
0,0,0.358787
0,0,0.358802
0,0,0.358843
0,0,0.360442
0,0,0.360907
0,0,0.36166
0,0,0.363483
0,0,0.366027
0,0,0.367506
0,0,0.36889
0,0,0.3725
0,0,0.375314
0,0,0.377646
0,0,0.379123
0,0,0.379126
0,0,0.380236
0,0,0.384578
0,0,0.385363
0,0,0.386227
0,0,0.388705
0,0,0.388822
0,0,0.394791
0,0,0.395087
0,0,0.395758
0,0,0.396909
0,0,0.398243
0,0,0.400389
0,0,0.400708
0,0,0.401093
0,0,0.401121
0,0,0.404522
0,0,0.404583
0,0,0.406193
0,0,0.406901
0,0,0.407045
0,0,0.407268
0,0,0.407901
0,0,0.40948
0,0,0.423123
0,0,0.426891
0,0,0.429515
0,0,0.430085
0,0,0.431355
0,0,0.432232
0,0,0.432543
0,0,0.435538
0,0,0.437018
0,0,0.440359
0,0,0.447073
0,0,0.448584
0,0,0.448634
0,0,0.448988
0,0,0.457285
0,0,0.459754
0,0,0.46415
0,0,0.484613
0,0,0.491065
0,0,0.49181
0,0,0.515215
0,0,0.516377
0,0,0.518919
0,0,0.519167
0,0,0.519863
0,0,0.521712
0,0,0.52633
0,0,0.536781
0,0,0.543475
0,0,0.548178
0,0,0.551192
0,0,0.553215
0,0,0.557985
0,0,0.559671
0,0,0.566376
0,0,0.567405
0,0,0.572438
0,0,0.584401
0,0,0.584811
0,0,0.594052
0,0,0.601285
0,0,0.607527
0,0,0.610423
0,0,0.611283
0,0,0.613915
0,0,0.621734
0,0,0.625039
0,0,0.625948
0,0,0.628605
0,0,0.641234
0,0,0.644962
0,0,0.706167
0,0,0.770832
0,0,0.784625
0,0,0.785663
0,0,0.851635
0,0,0.910837
0,0,1.19208
0,0,3
1,1.45042,1.64706
1,1.44116,1.57085
1,1.38126,1.69362
1,1.00329,1.00903
1,0.979477,1.11849
1,0.919081,0.957194
1,0.900067,1.19863
1,0.894299,1.02279
1,0.890912,0.985392
1,0.855481,0.909346
1,0.851785,0.858463
1,0.83005,0.90868
1,0.804644,0.968962
1,0.802182,0.811178
1,0.801922,0.842907
1,0.795803,0.933039
1,0.792568,0.804741
1,0.781614,0.917991
1,0.778598,1.02861
1,0.763984,0.823888
1,0.751054,0.817214
1,0.746404,0.872656
1,0.728377,0.988822
1,0.727768,0.782854
1,0.721641,0.737422
1,0.710049,0.730833
1,0.708348,0.737369
1,0.704179,0.709687
1,0.703103,0.783575
1,0.700601,0.714788
1,0.687926,0.885358
1,0.686854,0.737939
1,0.684396,0.819054
1,0.678484,0.723852
1,0.676955,0.735306
1,0.675393,0.809119
1,0.660805,0.998287
1,0.654131,0.735878
1,0.653701,0.819748
1,0.64915,1.19729
1,0.642514,0.643018
1,0.619063,0.750359
1,0.616568,0.691823
1,0.616249,0.688221
1,0.598601,0.640109
1,0.591168,0.986376
1,0.58672,0.60173
1,0.586526,0.633826
1,0.579288,0.781549
1,0.570131,0.596756
1,0.564354,0.572823
1,0.554918,0.587503
1,0.54982,0.727874
1,0.549567,0.768437
1,0.547648,0.853291
1,0.547381,0.573938
1,0.546097,0.600028
1,0.543883,0.628526
1,0.543,0.622982
1,0.532211,0.609912
1,0.529256,0.75408
1,0.527055,0.53033
1,0.520922,0.589817
1,0.520355,0.61136
1,0.520124,0.524815
1,0.513233,0.643938
1,0.502224,0.565915
1,0.501028,0.582752
1,0.500185,0.531099
1,0.495645,0.552959
1,0.482025,0.577345
1,0.476008,0.741054
1,0.468617,0.490104
1,0.467091,0.508979
1,0.466439,0.475176
1,0.465022,0.579331
1,0.464657,0.481901
1,0.462749,0.505683
1,0.450729,0.489794
1,0.447746,0.448432
1,0.446397,0.473319
1,0.441863,0.457817
1,0.439742,0.448625
1,0.437992,0.445925
1,0.435808,0.437185
1,0.435304,0.464573
1,0.434798,0.462683
1,0.434535,0.535668
1,0.434413,0.464314
1,0.433551,0.460362
1,0.431998,0.451784
1,0.423425,0.428386
1,0.421884,0.453382
1,0.420433,0.843819
1,0.418167,0.458507
1,0.417238,0.508703
1,0.41706,0.490621
1,0.412107,0.445722
1,0.408119,0.434985
1,0.405941,0.545764
1,0.402488,0.419989
1,0.401188,0.740053
1,0.400298,0.473369
1,0.399626,0.503354
1,0.396029,0.429757
1,0.393832,0.439729
1,0.390414,0.46932
1,0.386517,0.511992
1,0.386281,0.39093
1,0.385006,0.410788
1,0.384117,0.524803
1,0.383747,0.441655
1,0.382525,0.416851
1,0.382245,0.568142
1,0.381491,0.647206
1,0.381241,0.661235
1,0.380068,0.425816
1,0.379018,0.447868
1,0.37848,0.38675
1,0.375207,0.43026
1,0.371769,0.386587
1,0.370735,0.37986
1,0.367975,0.525955
1,0.363564,0.389955
1,0.36225,0.384972
1,0.356239,0.417967
1,0.352033,0.52025
1,0.351915,0.380445
1,0.351818,0.368984
1,0.351799,0.43683
1,0.350918,0.527277
1,0.349083,0.357706
1,0.349061,0.418979
1,0.34589,0.380628
1,0.345695,0.478403
1,0.344036,0.471697
1,0.341297,0.405339
1,0.3361,0.336696
1,0.334065,0.340303
1,0.33373,0.353216
1,0.328832,0.364238
1,0.32868,0.350567
1,0.326079,0.438055
1,0.320151,0.462507
1,0.318435,0.398269
1,0.318225,0.321788
1,0.318053,0.34436
1,0.31745,0.323089
1,0.316637,0.387506
1,0.316589,0.502322
1,0.315397,0.31867
1,0.313487,0.383433
1,0.313479,0.334107
1,0.312823,0.314411
1,0.311271,0.318813
1,0.310629,0.582896
1,0.303623,0.308023
1,0.302512,0.359121
1,0.300601,0.331237
1,0.30059,0.31136
1,0.298031,0.325223
1,0.297183,0.449476
1,0.295877,0.352964
1,0.29555,0.356736
1,0.295469,0.302547
1,0.294318,0.32306
1,0.294316,0.362166
1,0.291887,0.371459
1,0.291055,0.327512
1,0.289954,0.361081
1,0.289335,0.298414
1,0.288905,0.289032
1,0.284273,0.349695
1,0.284123,0.355504
1,0.283663,0.289195
1,0.283494,0.355925
1,0.282042,0.304026
1,0.281803,0.330862
1,0.27902,0.287355
1,0.277783,0.283721
1,0.276348,0.28966
1,0.274912,0.37217
1,0.273265,0.346282
1,0.272179,0.335916
1,0.271911,0.333375
1,0.269213,0.287863
1,0.265717,0.403768
1,0.265227,0.32431
1,0.265184,0.334107
1,0.263728,0.297543
1,0.263467,0.315206
1,0.263465,0.284824
1,0.262339,0.360684
1,0.258292,0.264963
1,0.246615,0.255236
1,0.246418,0.401091
1,0.245594,0.260098
1,0.245409,0.246388
1,0.244998,0.248314
1,0.244418,0.259145
1,0.242784,0.283342
1,0.242438,0.254
1,0.241238,0.27801
1,0.238866,0.307497
1,0.238037,0.281272
1,0.23759,0.245627
1,0.235445,0.30951
1,0.235291,0.293858
1,0.232959,0.246874
1,0.231973,0.235504
1,0.230505,0.234452
1,0.230108,0.278645
1,0.229436,0.280445
1,0.227416,0.233187
1,0.226477,0.23179
1,0.226138,0.261984
1,0.225486,0.229354
1,0.224527,0.254827
1,0.223339,0.239224
1,0.22273,0.248115
1,0.222423,0.265344
1,0.222234,0.258792
1,0.219833,0.257275
1,0.219455,0.237052
1,0.218164,0.229769
1,0.215173,0.232542
1,0.21445,0.245695
1,0.213575,0.238703
1,0.213439,0.21535
1,0.213272,0.217275
1,0.21289,0.221063
1,0.212828,0.261373
1,0.212028,0.213964
1,0.210263,0.217944
1,0.20973,0.220783
1,0.209088,0.22123
1,0.208514,0.242258
1,0.208426,0.212315
1,0.207104,0.212129
1,0.206484,0.21951
1,0.203439,0.206906
1,0.203346,0.206626
1,0.20302,0.318054
1,0.201829,0.31475
1,0.20163,0.226435
1,0.200792,0.202784
1,0.200561,0.202032
1,0.19974,0.29101
1,0.199484,0.210521
1,0.199277,0.202199
1,0.19732,0.227955
1,0.196933,0.263134
1,0.196378,0.2603
1,0.196346,0.204024
1,0.195991,0.203021
1,0.195751,0.197409
1,0.195406,0.199073
1,0.193578,0.217038
1,0.192602,0.221981
1,0.19209,0.230776
1,0.191536,0.229548
1,0.190923,0.231824
1,0.190781,0.196912
1,0.190207,0.223196
1,0.189176,0.254761
1,0.18897,0.195386
1,0.187865,0.218512
1,0.18772,0.256984
1,0.187262,0.195487
1,0.187178,0.194621
1,0.186939,0.211787
1,0.186398,0.187493
1,0.184515,0.213433
1,0.183506,0.198151
1,0.183277,0.188627
1,0.182936,0.207755
1,0.182739,0.217209
1,0.181551,0.18451
1,0.181058,0.218307
1,0.180615,0.189507
1,0.180348,0.193945
1,0.179682,0.217256
1,0.179199,0.212813
1,0.178643,0.181866
1,0.177761,0.18674
1,0.177503,0.184677
1,0.177159,0.18392
1,0.177003,0.21792
1,0.176369,0.202904
1,0.175599,0.193315
1,0.174158,0.214042
1,0.173839,0.181432
1,0.173545,0.195674
1,0.173181,0.173293
1,0.17269,0.188881
1,0.172376,0.173353
1,0.171827,0.202783
1,0.171516,0.222442
1,0.171286,0.202477
1,0.170428,0.190564
1,0.170362,0.174224
1,0.169143,0.175371
1,0.168435,0.217622
1,0.168359,0.214377
1,0.167713,0.180632
1,0.167623,0.176031
1,0.167322,0.234702
1,0.167292,0.223571
1,0.167219,0.205432
1,0.167049,0.250198
1,0.167037,0.167892
1,0.166685,0.196516
1,0.166678,0.203666
1,0.166643,0.168814
1,0.16579,0.171096
1,0.164874,0.244526
1,0.164867,0.214549
1,0.164806,0.206817
1,0.164199,0.210462
1,0.16369,0.181107
1,0.163683,0.187804
1,0.163598,0.170286
1,0.162939,0.167762
1,0.162912,0.169554
1,0.162274,0.195323
1,0.161484,0.169479
1,0.161277,0.189497
1,0.160986,0.177126
1,0.160971,0.176612
1,0.16079,0.182874
1,0.160382,0.179155
1,0.160379,0.176406
1,0.160259,0.160716
1,0.160137,0.162722
1,0.160024,0.213871
1,0.160003,0.19784
1,0.159744,0.216339
1,0.159265,0.166895
1,0.159253,0.241566
1,0.158852,0.181731
1,0.158625,0.212876
1,0.158415,0.160496
1,0.15795,0.171434
1,0.157499,0.192646
1,0.157198,0.167136
1,0.156373,0.170058
1,0.156348,0.188627
1,0.156153,0.169958
1,0.156149,0.163253
1,0.15576,0.170309
1,0.155478,0.164721
1,0.155131,0.187846
1,0.155001,0.187079
1,0.154679,0.218996
1,0.154292,0.159319
1,0.153436,0.159188
1,0.153153,0.154801
1,0.152831,0.21297
1,0.152399,0.186619
1,0.152342,0.17177
1,0.151693,0.1538
1,0.151533,0.203851
1,0.151328,0.152394
1,0.150628,0.152221
1,0.150005,0.196344
1,0.148989,0.154101
1,0.148958,0.177462
1,0.148537,0.152735
1,0.147997,0.166495
1,0.147857,0.178718
1,0.147838,0.158301
1,0.146903,0.156968
1,0.146495,0.152965
1,0.145968,0.146061
1,0.145633,0.187362
1,0.145548,0.154358
1,0.144855,0.1815
1,0.144095,0.164261
1,0.144055,0.151623
1,0.143324,0.159319
1,0.143223,0.145519
1,0.143133,0.146024
1,0.143058,0.143737
1,0.143004,0.148845
1,0.142917,0.158046
1,0.142818,0.149984
1,0.142595,0.167592
1,0.14221,0.184406
1,0.142115,0.162602
1,0.142083,0.143534
1,0.142037,0.165094
1,0.141947,0.145216
1,0.141836,0.253738
1,0.141817,0.153658
1,0.141811,0.174419
1,0.141344,0.151118
1,0.141134,0.181002
1,0.141009,0.172803
1,0.140923,0.146525
1,0.140347,0.143676
1,0.139504,0.172131
1,0.139453,0.144498
1,0.139257,0.15289
1,0.138434,0.144062
1,0.138385,0.138783
1,0.138381,0.148842
1,0.138338,0.167661
1,0.138244,0.160292
1,0.138031,0.159679
1,0.137993,0.143894
1,0.13789,0.142992
1,0.137795,0.156158
1,0.137737,0.144845
1,0.137598,0.13842
1,0.137394,0.139886
1,0.137111,0.158969
1,0.136956,0.136992
1,0.13617,0.150166
1,0.136077,0.151716
1,0.135996,0.145117
1,0.135994,0.145625
1,0.135861,0.163668
1,0.135848,0.17528
1,0.135842,0.145519
1,0.135557,0.1448
1,0.135535,0.165745
1,0.13542,0.174242
1,0.135278,0.150515
1,0.135082,0.154463
1,0.134998,0.148995
1,0.134225,0.13997
1,0.133968,0.143216
1,0.133964,0.17688
1,0.133596,0.169638
1,0.133444,0.159842
1,0.133083,0.151675
1,0.132989,0.139494
1,0.132761,0.133296
1,0.132688,0.136138
1,0.132356,0.144728
1,0.131885,0.145596
1,0.131845,0.188069
1,0.131456,0.152051
1,0.130118,0.145511
1,0.129636,0.134272
1,0.129599,0.141819
1,0.129489,0.142536
1,0.129412,0.146124
1,0.129338,0.132907
1,0.129285,0.137832
1,0.129083,0.13073
1,0.128689,0.132102
1,0.127072,0.127296
1,0.126996,0.137633
1,0.126969,0.174509
1,0.126922,0.14273
1,0.126493,0.12989
1,0.126317,0.13968
1,0.125833,0.150044
1,0.125831,0.127372
1,0.12534,0.159357
1,0.125023,0.183516
1,0.12458,0.135503
1,0.124434,0.139662
1,0.124352,0.13532
1,0.12414,0.127542
1,0.124046,0.125865
1,0.1225,0.13388
1,0.122341,0.12945
1,0.122327,0.127427
1,0.122182,0.130134
1,0.122098,0.122319
1,0.121849,0.127103
1,0.121408,0.123298
1,0.12096,0.140246
1,0.120734,0.125952
1,0.120217,0.140938
1,0.119667,0.179973
1,0.119632,0.197615
1,0.119592,0.120782
1,0.119387,0.133257
1,0.119171,0.166468
1,0.119142,0.131126
1,0.11828,0.139863
1,0.118076,0.143799
1,0.117887,0.123998
1,0.117759,0.126037
1,0.117681,0.138054
1,0.117616,0.128426
1,0.11717,0.140999
1,0.116869,0.129761
1,0.116785,0.15746
1,0.116639,0.153742
1,0.116459,0.126341
1,0.116225,0.116585
1,0.115498,0.117283
1,0.11532,0.136166
1,0.11531,0.149784
1,0.115304,0.129541
1,0.115287,0.122618
1,0.115229,0.129588
1,0.115128,0.125511
1,0.11512,0.14506
1,0.115103,0.144186
1,0.11505,0.125627
1,0.114678,0.123552
1,0.114629,0.1814
1,0.114466,0.144058
1,0.114349,0.117857
1,0.114158,0.151356
1,0.114118,0.123044
1,0.114048,0.115965
1,0.113667,0.160212
1,0.113489,0.11761
1,0.113192,0.114265
1,0.113101,0.113837
1,0.113072,0.13596
1,0.112904,0.120079
1,0.112899,0.121306
1,0.112892,0.119671
1,0.112797,0.120879
1,0.11279,0.123199
1,0.112632,0.136479
1,0.112431,0.115764
1,0.11226,0.141922
1,0.112176,0.118437
1,0.112095,0.129725
1,0.111744,0.156349
1,0.111508,0.12427
1,0.111436,0.1191
1,0.111246,0.134514
1,0.111222,0.119184
1,0.111207,0.135703
1,0.111173,0.112445
1,0.110972,0.158299
1,0.110902,0.136056
1,0.110609,0.112475
1,0.110357,0.140343
1,0.110254,0.120263
1,0.110217,0.117889
1,0.110191,0.127012
1,0.109963,0.116502
1,0.109891,0.110432
1,0.109725,0.1154
1,0.109469,0.11124
1,0.109334,0.11265
1,0.109312,0.112741
1,0.10915,0.141252
1,0.108827,0.148447
1,0.108673,0.12002
1,0.108612,0.121065
1,0.108494,0.113101
1,0.108469,0.122923
1,0.108431,0.108855
1,0.107999,0.108088
1,0.107983,0.113136
1,0.107853,0.114265
1,0.107638,0.129356
1,0.107532,0.113116
1,0.107308,0.145687
1,0.106722,0.138096
1,0.106719,0.128736
1,0.106585,0.107179
1,0.106475,0.112934
1,0.106396,0.110609
1,0.10639,0.14617
1,0.106349,0.114521
1,0.106109,0.1086
1,0.105991,0.110406
1,0.105909,0.149547
1,0.105848,0.10829
1,0.105775,0.177706
1,0.105708,0.105915
1,0.105609,0.109908
1,0.105534,0.107593
1,0.105464,0.118357
1,0.105457,0.136875
1,0.105374,0.121815
1,0.105276,0.114156
1,0.105235,0.169202
1,0.105194,0.108874
1,0.105061,0.113892
1,0.104997,0.134491
1,0.104871,0.106965
1,0.104814,0.110546
1,0.104789,0.12473
1,0.104655,0.116241
1,0.104427,0.118519
1,0.104417,0.126181
1,0.104085,0.10716
1,0.104026,0.121268
1,0.104017,0.116341
1,0.103922,0.109105
1,0.10384,0.116916
1,0.103704,0.113118
1,0.103658,0.120839
1,0.103559,0.139051
1,0.103538,0.109986
1,0.103237,0.111441
1,0.10275,0.151941
1,0.102652,0.11351
1,0.102585,0.11392
1,0.102535,0.110007
1,0.102129,0.144935
1,0.102006,0.102877
1,0.101911,0.125538
1,0.101683,0.124722
1,0.101632,0.108074
1,0.101628,0.133276
1,0.101215,0.108257
1,0.101207,0.117792
1,0.101207,0.121357
1,0.100982,0.10886
1,0.100854,0.108325
1,0.100853,0.110613
1,0.100698,0.124087
1,0.100694,0.113073
1,0.100359,0.104468
1,0.100308,0.100642
1,0.100227,0.10581
1,0.100136,0.133294
1,0.10005,0.121256
1,0.100045,0.113867
1,0.100045,0.104038
1,0.0999785,0.117959
1,0.0999381,0.109202
1,0.0998913,0.104507
1,0.0998349,0.116499
1,0.0997986,0.102382
1,0.0997515,0.108891
1,0.0996834,0.136783
1,0.0995846,0.111259
1,0.0995217,0.112033
1,0.0993737,0.133819
1,0.099358,0.14629
1,0.0992036,0.106009
1,0.0990631,0.113494
1,0.0990545,0.106991
1,0.0990031,0.100788
1,0.0988207,0.107633
1,0.0987811,0.102303
1,0.098779,0.122855
1,0.0987293,0.12304
1,0.098611,0.11333
1,0.0985318,0.104717
1,0.0985285,0.114468
1,0.0983141,0.110887
1,0.098313,0.106991
1,0.098035,0.109081
1,0.0979554,0.101936
1,0.09794,0.103017
1,0.0979045,0.129356
1,0.0978708,0.102514
1,0.0976569,0.0978093
1,0.0975646,0.11283
1,0.0973326,0.110618
1,0.0972726,0.134514
1,0.0971265,0.0982076
1,0.0969271,0.113456
1,0.0969198,0.0970478
1,0.0969176,0.101298
1,0.0967098,0.114167
1,0.0966238,0.116204
1,0.0963811,0.101724
1,0.0963691,0.126813
1,0.0962945,0.104092
1,0.0961658,0.107184
1,0.0960428,0.10028
1,0.0960029,0.103776
1,0.0959669,0.106768
1,0.0959171,0.0999756
1,0.0958921,0.0978666
1,0.0958246,0.101892
1,0.0957122,0.105074
1,0.095657,0.126661
1,0.0954759,0.0968558
1,0.0953823,0.101917
1,0.095076,0.118607
1,0.0950731,0.106614
1,0.0948435,0.124121
1,0.0948212,0.0956713
1,0.0947516,0.117578
1,0.0946391,0.104643
1,0.0944572,0.114417
1,0.0944288,0.104638
1,0.093952,0.109536
1,0.0938505,0.137375
1,0.0938407,0.0956776
1,0.093789,0.135198
1,0.0936718,0.107495
1,0.0935027,0.111674
1,0.0934706,0.136056
1,0.0934364,0.123715
1,0.0932748,0.0959528
1,0.0932119,0.106159
1,0.0931802,0.123079
1,0.0930981,0.0933431
1,0.0930304,0.109184
1,0.0930198,0.0947381
1,0.0930026,0.101059
1,0.0929286,0.0977039
1,0.0928902,0.093352
1,0.0928252,0.137628
1,0.0927896,0.0934319
1,0.0927463,0.0993894
1,0.0927021,0.109329
1,0.0926512,0.0952331
1,0.0926209,0.0942537
1,0.0925275,0.0928612
1,0.0924548,0.105058
1,0.0923885,0.0992486
1,0.0923685,0.172184
1,0.0922835,0.100364
1,0.092178,0.112266
1,0.092118,0.125374
1,0.0918581,0.114934
1,0.0916192,0.0943564
1,0.0916068,0.103178
1,0.0915724,0.103748
1,0.0914949,0.0986199
1,0.091491,0.0938075
1,0.0914782,0.124923
1,0.0914399,0.109
1,0.091386,0.0944789
1,0.0912786,0.113124
1,0.0909647,0.0936706
1,0.0908852,0.0969765
1,0.0908815,0.109281
1,0.0908168,0.103602
1,0.0908106,0.134899
1,0.0908094,0.096129
1,0.0906664,0.137541
1,0.0906404,0.0986907
1,0.0906053,0.0981002
1,0.0905934,0.0980865
1,0.0905719,0.10273
1,0.0905503,0.0962974
1,0.0905401,0.0940457
1,0.090496,0.135202
1,0.0904594,0.117263
1,0.090413,0.101278
1,0.0903866,0.0998476
1,0.0903841,0.103794
1,0.0902406,0.0914305
1,0.0901387,0.123981
1,0.0900072,0.118345
1,0.0899676,0.0905369
1,0.0899213,0.104419
1,0.0899092,0.0970647
1,0.0897364,0.0959731
1,0.0895412,0.0984989
1,0.0894347,0.0975231
1,0.0892728,0.090878
1,0.0892266,0.0990976
1,0.0891363,0.103369
1,0.0891047,0.0995369
1,0.0888086,0.0901939
1,0.0887607,0.0887764
1,0.0887239,0.105987
1,0.088703,0.143212
1,0.0885541,0.0900379
1,0.0884683,0.0951755
1,0.0884531,0.10614
1,0.088425,0.11587
1,0.08841,0.0926131
1,0.0883259,0.112448
1,0.0882994,0.0976084
1,0.0882315,0.0928446
1,0.0882159,0.152422
1,0.0881802,0.0884116
1,0.0881696,0.102015
1,0.088134,0.106305
1,0.0881288,0.0997553
1,0.0880513,0.140187
1,0.0879163,0.0904367
1,0.0876762,0.0898501
1,0.0876634,0.0929405
1,0.087627,0.0922369
1,0.0875844,0.120263
1,0.0875383,0.0970623
1,0.0874351,0.110488
1,0.0873647,0.0888426
1,0.0873508,0.13772
1,0.0871259,0.0899405
1,0.0871008,0.0950987
1,0.0869413,0.0922047
1,0.0868688,0.106446
1,0.0867672,0.097484
1,0.0867518,0.101244
1,0.0866332,0.0974777
1,0.0865965,0.0976485
1,0.0865258,0.0907588
1,0.0862748,0.0939241
1,0.0862327,0.121877
1,0.0862148,0.10018
1,0.0859969,0.0930123
1,0.0859281,0.0860721
1,0.0856865,0.0888816
1,0.0856569,0.120922
1,0.0854104,0.10534
1,0.0854067,0.106723
1,0.0854055,0.101884
1,0.0853695,0.107469
1,0.0852005,0.125522
1,0.0851948,0.104363
1,0.0851139,0.0854226
1,0.0850331,0.093825
1,0.0849735,0.115877
1,0.0848804,0.0890684
1,0.0848658,0.0854948
1,0.0846701,0.0975084
1,0.084654,0.101148
1,0.0845399,0.0987338
1,0.0844716,0.0936789
1,0.084362,0.0853956
1,0.0843203,0.0875216
1,0.0842866,0.0899522
1,0.0841283,0.114756
1,0.0839534,0.0864028
1,0.0839355,0.0991092
1,0.0839092,0.0864031
1,0.0839082,0.0922731
1,0.0833696,0.104439
1,0.0832736,0.0964725
1,0.083189,0.145537
1,0.0831012,0.0839028
1,0.0830177,0.0936149
1,0.0829394,0.0852433
1,0.0827031,0.0902351
1,0.0826919,0.0992528
1,0.0826287,0.0889835
1,0.0825142,0.0921709
1,0.0824028,0.119267
1,0.0823233,0.111589
1,0.082299,0.106738
1,0.0820656,0.0864565
1,0.0820508,0.101546
1,0.0820192,0.102641
1,0.0819811,0.0881101
1,0.0819809,0.0905736
1,0.0819661,0.112681
1,0.0818652,0.0933522
1,0.081861,0.0962687
1,0.0817902,0.0883895
1,0.0817753,0.0829482
1,0.0817552,0.0864727
1,0.0817015,0.0932667
1,0.0817005,0.0941948
1,0.081658,0.094802
1,0.0815709,0.096687
1,0.0815062,0.0849233
1,0.0814331,0.0816994
1,0.0813736,0.0821893
1,0.0813229,0.0880865
1,0.0812999,0.094469
1,0.0810727,0.0988125
1,0.0810145,0.085901
1,0.0809849,0.0858095
1,0.0809272,0.0884093
1,0.0809117,0.0916817
1,0.0807631,0.101049
1,0.0806229,0.082108
1,0.0805044,0.0897776
1,0.0803954,0.0902564
1,0.0803598,0.0813802
1,0.0803461,0.099744
1,0.080303,0.0903279
1,0.080231,0.0846436
1,0.0802204,0.0908017
1,0.0802157,0.133458
1,0.0801869,0.106104
1,0.0801681,0.110145
1,0.0800921,0.114558
1,0.0800918,0.103214
1,0.0800361,0.0814647
1,0.0800271,0.0809361
1,0.0799467,0.0841499
1,0.079918,0.122592
1,0.07978,0.125021
1,0.0797782,0.0854114
1,0.0796683,0.102357
1,0.079627,0.105375
1,0.0796179,0.0982149
1,0.0795953,0.0849768
1,0.0795409,0.0805684
1,0.0793756,0.0912605
1,0.0793225,0.0814187
1,0.0792558,0.0825452
1,0.0792506,0.0960952
1,0.0791933,0.0795268
1,0.079189,0.0877422
1,0.0791824,0.11592
1,0.0791744,0.0861656
1,0.0791592,0.0968768
1,0.0791418,0.0810237
1,0.0791087,0.0832562
1,0.0790441,0.123773
1,0.0788612,0.0801772
1,0.0787865,0.0855519
1,0.0787851,0.0873261
1,0.0786607,0.0835939
1,0.0786603,0.0833507
1,0.0786166,0.0879043
1,0.0785614,0.0895327
1,0.0785592,0.0820518
1,0.0785341,0.0816275
1,0.0784561,0.0942964
1,0.0783946,0.109821
1,0.0783887,0.085204
1,0.0783641,0.0876
1,0.0781326,0.100144
1,0.0781229,0.0796197
1,0.0780954,0.0809189
1,0.0780922,0.0898044
1,0.0780834,0.0894317
1,0.0780356,0.0850474
1,0.0780178,0.0874469
1,0.0780127,0.0896992
1,0.0779965,0.0942537
1,0.0779831,0.104847
1,0.0779242,0.0801152
1,0.0779119,0.0857525
1,0.0778046,0.0974372
1,0.0777517,0.0854627
1,0.0777474,0.0953084
1,0.0777327,0.0881779
1,0.0776839,0.0800709
1,0.0776788,0.0877562
1,0.0774368,0.0858473
1,0.0773954,0.100284
1,0.0771857,0.0859464
1,0.0770299,0.0998878
1,0.0770152,0.0798083
1,0.0770006,0.0877728
1,0.0769996,0.123891
1,0.0769973,0.0849698
1,0.0769727,0.0977039
1,0.0769664,0.0893345
1,0.0769446,0.106596
1,0.0767532,0.0823301
1,0.0766471,0.0853992
1,0.0765665,0.121714
1,0.0765218,0.103801
1,0.0765021,0.0807915
1,0.076451,0.0955682
1,0.0763969,0.0776294
1,0.0763865,0.0862794
1,0.0762548,0.0889835
1,0.076234,0.0766618
1,0.0762029,0.0874573
1,0.0760728,0.082759
1,0.0760674,0.0843406
1,0.0760605,0.0972066
1,0.0759735,0.0792562
1,0.0759397,0.103428
1,0.0758098,0.107422
1,0.0757896,0.0878498
1,0.0757087,0.112143
1,0.0756176,0.0806379
1,0.0756118,0.0873374
1,0.0756008,0.0864643
1,0.0755899,0.0884023
1,0.0755381,0.0847144
1,0.0755112,0.0824572
1,0.0754731,0.101287
1,0.0754598,0.077418
1,0.0754387,0.0761601
1,0.0753573,0.0783395
1,0.0753007,0.12038
1,0.0751381,0.0793145
1,0.075067,0.111549
1,0.0750502,0.0777726
1,0.0749326,0.104095
1,0.0748463,0.10852
1,0.0747766,0.0991314
1,0.0747707,0.0788908
1,0.0747076,0.0846399
1,0.0745497,0.0817937
1,0.0745178,0.0780477
1,0.0745008,0.0844064
1,0.0744863,0.113904
1,0.0744862,0.0859823
1,0.074376,0.0891528
1,0.074354,0.0783439
1,0.0743528,0.0923097
1,0.074332,0.0763222
1,0.0743192,0.0776796
1,0.0741801,0.0834832
1,0.0741187,0.0849458
1,0.0739621,0.0796001
1,0.0739271,0.126138
1,0.0738686,0.0795487
1,0.0738368,0.0994685
1,0.0737617,0.0812358
1,0.0736802,0.0743048
1,0.0736785,0.0915167
1,0.0736681,0.0876137
1,0.0735796,0.0837482
1,0.0735,0.0779823
1,0.0734244,0.0767727
1,0.0734151,0.0772132
1,0.0733801,0.0768757
1,0.0733336,0.0778496
1,0.0732393,0.0883135
1,0.0732194,0.0958931
1,0.0731769,0.0769882
1,0.0730267,0.0750835
1,0.0730254,0.0751085
1,0.0729458,0.0770808
1,0.0728804,0.0871223
1,0.0728608,0.0827809
1,0.0727907,0.0902139
1,0.0726244,0.0731245
1,0.0726168,0.0788013
1,0.072514,0.118443
1,0.0724073,0.0733739
1,0.0724065,0.0820494
1,0.0723909,0.077894
1,0.0722771,0.0873128
1,0.0722571,0.0756919
1,0.072246,0.082173
1,0.0722417,0.0906325
1,0.0722135,0.085629
1,0.0721133,0.0845696
1,0.0721039,0.0727206
1,0.0720521,0.0748425
1,0.0720496,0.0726866
1,0.0719994,0.0777612
1,0.0719895,0.0959456
1,0.0719865,0.0733023
1,0.0719201,0.0724206
1,0.0718642,0.0837495
1,0.0718461,0.0723501
1,0.0718395,0.0799702
1,0.0717911,0.0782209
1,0.0717825,0.0855187
1,0.0717696,0.0878401
1,0.0716066,0.0880865
1,0.0716003,0.0835548
1,0.0715952,0.0986712
1,0.0714292,0.092206
1,0.0713382,0.0744213
1,0.071131,0.0732115
1,0.07109,0.0839373
1,0.0710656,0.0811247
1,0.0710521,0.0720747
1,0.071036,0.0860002
1,0.0710158,0.0869682
1,0.0708947,0.087367
1,0.0708919,0.074727
1,0.0707721,0.0832351
1,0.0706911,0.0768629
1,0.0706286,0.0754895
1,0.0705962,0.0778565
1,0.070513,0.0745219
1,0.0705044,0.0800439
1,0.0705009,0.0805142
1,0.0703864,0.0777913
1,0.0703373,0.111102
1,0.0703288,0.0866533
1,0.0703252,0.0709587
1,0.0702472,0.0798857
1,0.0702222,0.0784429
1,0.0701984,0.0789416
1,0.0701239,0.0714799
1,0.0700792,0.0711645
1,0.070055,0.0709271
1,0.0700249,0.0719838
1,0.0699226,0.0779995
1,0.0698983,0.0751502
1,0.0698865,0.0703261
1,0.0698718,0.0849813
1,0.0698467,0.0763591
1,0.069792,0.0928094
1,0.0697558,0.0697998
1,0.0697206,0.073641
1,0.0697169,0.098578
1,0.069701,0.0898806
1,0.0696943,0.0724929
1,0.069644,0.0966574
1,0.0696341,0.0796083
1,0.0696194,0.0893734
1,0.0696012,0.0746262
1,0.0695971,0.0742579
1,0.0695897,0.0793435
1,0.0695017,0.0836812
1,0.069435,0.074353
1,0.0693407,0.072418
1,0.0693294,0.0732287
1,0.0692744,0.0832351
1,0.0692544,0.0916753
1,0.069201,0.0893385
1,0.0691449,0.0891202
1,0.0690554,0.0731211
1,0.0689649,0.096781
1,0.068901,0.0900213
1,0.0687165,0.0740796
1,0.0687071,0.0904256
1,0.0686895,0.0862017
1,0.0685997,0.0923616
1,0.0685884,0.0789041
1,0.0684781,0.0758372
1,0.0684353,0.0724348
1,0.0684221,0.093763
1,0.0684069,0.0727323
1,0.0684043,0.0823204
1,0.0683701,0.0756765
1,0.0682572,0.0715088
1,0.0682406,0.0791555
1,0.0681992,0.0690547
1,0.0681586,0.068948
1,0.0681151,0.074621
1,0.0680512,0.0793808
1,0.0680325,0.0958328
1,0.0680319,0.110695
1,0.0679859,0.0716129
1,0.0678385,0.0885473
1,0.0678301,0.0695182
1,0.0677653,0.0793764
1,0.0677489,0.0996567
1,0.0676577,0.0687007
1,0.0676553,0.101952
1,0.0676453,0.0799731
1,0.06764,0.0720055
1,0.0676381,0.0876234
1,0.0675876,0.088534
1,0.0675159,0.0718305
1,0.0675106,0.0739883
1,0.0674,0.0755405
1,0.0673799,0.0841491
1,0.0673747,0.0763333
1,0.0673719,0.0780508
1,0.0672941,0.0766212
1,0.0672186,0.0746274
1,0.067138,0.0679382
1,0.0671319,0.0854885
1,0.0670338,0.0782603
1,0.0669745,0.0851699
1,0.0669118,0.0713411
1,0.0668362,0.0762165
1,0.0667731,0.0675339
1,0.0667134,0.089388
1,0.0666635,0.0668042
1,0.0666463,0.0796562
1,0.0665898,0.0671945
1,0.0665369,0.0820976
1,0.0665288,0.0997101
1,0.0663479,0.0811311
1,0.0663325,0.101348
1,0.06629,0.0681202
1,0.0661306,0.0672003
1,0.0660984,0.067674
1,0.0660626,0.0792583
1,0.065882,0.0686032
1,0.0658714,0.0834513
1,0.0658005,0.0677187
1,0.0657964,0.0719014
1,0.0656901,0.078131
1,0.065645,0.0728039
1,0.0656006,0.0746871
1,0.0655661,0.104019
1,0.0655587,0.0724929
1,0.0655474,0.06907
1,0.0655062,0.0771454
1,0.0655046,0.0735798
1,0.0654872,0.0750476
1,0.0654152,0.0911111
1,0.0653524,0.0706081
1,0.0652928,0.0789489
1,0.0652868,0.0761164
1,0.0652173,0.0946007
1,0.0652154,0.0733787
1,0.0651614,0.086276
1,0.0650958,0.0670929
1,0.0649628,0.0674024
1,0.0647614,0.0728178
1,0.064725,0.0766718
1,0.0646232,0.064828
1,0.0645989,0.0819836
1,0.0645899,0.0659228
1,0.0645061,0.0656332
1,0.0644974,0.069668
1,0.0644589,0.0715437
1,0.0643273,0.0676494
1,0.0642656,0.0716288
1,0.0642165,0.0752204
1,0.0641689,0.0728775
1,0.0641504,0.0834766
1,0.0641313,0.0739989
1,0.064044,0.0768548
1,0.0640142,0.0759458
1,0.0640141,0.0962847
1,0.0638753,0.0761677
1,0.0637665,0.0814485
1,0.0637067,0.104236
1,0.0636717,0.0998292
1,0.0635447,0.0847994
1,0.0635184,0.068916
1,0.0635094,0.0651171
1,0.0634017,0.0791585
1,0.0634007,0.0713516
1,0.0633989,0.0787002
1,0.063227,0.0736497
1,0.0631935,0.07943
1,0.0631571,0.0927707
1,0.0631299,0.094211
1,0.0631002,0.0728273
1,0.0629707,0.0777372
1,0.0629189,0.0667964
1,0.0629188,0.06953
1,0.0628666,0.0784
1,0.062842,0.0664145
1,0.0628415,0.0884403
1,0.0627602,0.0681342
1,0.0627295,0.0681502
1,0.0626453,0.0912662
1,0.0626407,0.064386
1,0.0626149,0.0643645
1,0.062601,0.111659
1,0.0625825,0.0748786
1,0.0625731,0.0686264
1,0.0625194,0.0803117
1,0.0624069,0.063284
1,0.0624015,0.0635019
1,0.0623983,0.0628844
1,0.0623803,0.0876953
1,0.0623261,0.0654738
1,0.0623222,0.0656412
1,0.0621812,0.0907584
1,0.0621154,0.0827259
1,0.0619785,0.0660496
1,0.061965,0.0723934
1,0.0618544,0.0640029
1,0.061754,0.0624219
1,0.0617318,0.0689578
1,0.0616528,0.0650191
1,0.0616284,0.0780477
1,0.0616246,0.0656853
1,0.0616245,0.0740747
1,0.0616151,0.0630168
1,0.0615032,0.0976138
1,0.061419,0.0653716
1,0.061356,0.0881683
1,0.0613555,0.0648783
1,0.0612618,0.0847207
1,0.061148,0.0615024
1,0.0610566,0.0626084
1,0.0610538,0.0711585
1,0.061032,0.0685904
1,0.0610094,0.0763845
1,0.0607905,0.0831532
1,0.0607565,0.0635192
1,0.0606855,0.0623329
1,0.0606815,0.0669134
1,0.0606685,0.0932208
1,0.0606673,0.064175
1,0.0605552,0.0617674
1,0.0605216,0.0848269
1,0.0605121,0.0645415
1,0.0604195,0.0653707
1,0.0603884,0.10611
1,0.0603851,0.0683485
1,0.0603105,0.0711014
1,0.0602751,0.0612493
1,0.0601948,0.0885884
1,0.0600959,0.0690151
1,0.0600471,0.0623522
1,0.0599809,0.0720791
1,0.0599452,0.0712753
1,0.0597288,0.0700324
1,0.059693,0.0681485
1,0.0594824,0.0711292
1,0.0594589,0.072108
1,0.0594371,0.0654586
1,0.0593873,0.0756785
1,0.0593524,0.0797271
1,0.05934,0.0647324
1,0.05919,0.0675062
1,0.0591885,0.0697207
1,0.0591662,0.0778262
1,0.0591215,0.0626419
1,0.0591022,0.061685
1,0.0590826,0.0693832
1,0.0590278,0.0625438
1,0.0590094,0.0736745
1,0.0589214,0.063982
1,0.0588833,0.0594518
1,0.0588293,0.0948639
1,0.058817,0.0634764
1,0.0587599,0.102006
1,0.0586013,0.0851585
1,0.058579,0.0679795
1,0.0585352,0.0610957
1,0.0584541,0.0592794
1,0.0583458,0.0617934
1,0.0582545,0.0609617
1,0.0582256,0.0673467
1,0.0581515,0.0686844
1,0.0580306,0.0630523
1,0.0580257,0.0892965
1,0.0579327,0.0598044
1,0.0578918,0.0595753
1,0.0577249,0.0821179
1,0.0577086,0.0719726
1,0.0576429,0.0631878
1,0.0576175,0.0654586
1,0.0575338,0.0658724
1,0.0575217,0.0802954
1,0.0575041,0.0833449
1,0.0574516,0.0984937
1,0.0573518,0.0805013
1,0.0572338,0.0612754
1,0.0572228,0.0713709
1,0.0572133,0.0721434
1,0.0572088,0.0631346
1,0.0571791,0.059111
1,0.0571283,0.0632759
1,0.0570969,0.0774624
1,0.0569922,0.0777505
1,0.0569475,0.0576134
1,0.0568959,0.0708242
1,0.0568639,0.0882991
1,0.0568478,0.0839018
1,0.0568238,0.0751327
1,0.0568169,0.0576914
1,0.0567926,0.0823018
1,0.0564994,0.0614701
1,0.0564859,0.0674121
1,0.0564456,0.0694738
1,0.0564368,0.0644801
1,0.0562891,0.0831462
1,0.0562553,0.0623796
1,0.0561709,0.087375
1,0.0561455,0.0606047
1,0.0561171,0.0684965
1,0.0560836,0.089802
1,0.0560408,0.057199
1,0.0557689,0.0819317
1,0.055735,0.0953917
1,0.0556962,0.0590237
1,0.0556864,0.0936302
1,0.0556019,0.0676132
1,0.0555818,0.0638454
1,0.0554863,0.0603271
1,0.0554624,0.0694873
1,0.0553582,0.0558324
1,0.0552694,0.0645215
1,0.055102,0.0771694
1,0.0550764,0.0570996
1,0.0550389,0.0747044
1,0.0550288,0.0876463
1,0.0549292,0.0667045
1,0.0549124,0.0680348
1,0.0548937,0.0733102
1,0.0548575,0.0746678
1,0.0548071,0.0878677
1,0.0548037,0.0929533
1,0.0547803,0.062478
1,0.0547042,0.0612575
1,0.054685,0.0664554
1,0.0546451,0.0549591
1,0.0546445,0.0635801
1,0.0546089,0.0575158
1,0.0545953,0.071954
1,0.0544901,0.0585626
1,0.0542646,0.0830114
1,0.0541467,0.0543232
1,0.0541189,0.054466
1,0.0540959,0.054744
1,0.0540056,0.055681
1,0.0539488,0.0795111
1,0.0538448,0.0688896
1,0.0537366,0.100879
1,0.0537061,0.0538899
1,0.0536931,0.0591745
1,0.0535857,0.0545301
1,0.0535823,0.0782335
1,0.0535818,0.0562281
1,0.0532635,0.0617591
1,0.0532383,0.0538067
1,0.0531645,0.0607464
1,0.0531567,0.0638971
1,0.0530602,0.0558301
1,0.052923,0.0660738
1,0.0528273,0.0543204
1,0.0528067,0.0755992
1,0.0526074,0.0543641
1,0.0526037,0.0572207
1,0.0525914,0.0639173
1,0.052541,0.0793839
1,0.0524676,0.0843279
1,0.0524294,0.0549168
1,0.0524203,0.0686628
1,0.0522337,0.0548144
1,0.052201,0.0660454
1,0.0521093,0.0722078
1,0.051999,0.0585942
1,0.0519906,0.074012
1,0.0519688,0.0765057
1,0.051931,0.0597579
1,0.0519012,0.0613677
1,0.0518471,0.0714682
1,0.051821,0.0685866
1,0.0518024,0.0704682
1,0.051727,0.0519454
1,0.0516343,0.0704756
1,0.0516006,0.0624025
1,0.0515392,0.0554168
1,0.051424,0.0547861
1,0.0513077,0.0615676
1,0.051254,0.0680273
1,0.05117,0.0613153
1,0.051046,0.0583737
1,0.0510398,0.0673103
1,0.0510001,0.0532086
1,0.0509821,0.0681466
1,0.0509257,0.0591633
1,0.0509248,0.0608139
1,0.0509126,0.071157
1,0.0508961,0.0751655
1,0.0506049,0.0515042
1,0.0504146,0.0521278
1,0.0504079,0.0522902
1,0.0503491,0.065738
1,0.0503333,0.0540369
1,0.0503037,0.0504859
1,0.0502065,0.0634324
1,0.0499572,0.0507742
1,0.0499422,0.0610061
1,0.0499172,0.0507679
1,0.0498591,0.0574499
1,0.0498479,0.0529029
1,0.0498435,0.07084
1,0.0497415,0.0580048
1,0.0497031,0.0599481
1,0.0496805,0.049861
1,0.0496449,0.0535091
1,0.0496264,0.0933891
1,0.0495698,0.077582
1,0.0494401,0.0667106
1,0.0492411,0.049275
1,0.0492313,0.0493061
1,0.049191,0.0508643
1,0.048914,0.0582653
1,0.0487869,0.0563834
1,0.0486908,0.0489588
1,0.0485917,0.0646789
1,0.048506,0.0552655
1,0.0482035,0.0507679
1,0.048122,0.0999254
1,0.0480805,0.0656704
1,0.0480718,0.0490322
1,0.0479195,0.0544069
1,0.0478732,0.0597868
1,0.0477226,0.0485803
1,0.0477155,0.0555307
1,0.047629,0.0620765
1,0.047536,0.0488867
1,0.0474498,0.0676102
1,0.0473701,0.0646833
1,0.0472452,0.0514278
1,0.0471318,0.0474309
1,0.0470938,0.0614203
1,0.0470387,0.0560931
1,0.0470121,0.0682645
1,0.0468312,0.0482055
1,0.0467355,0.0673767
1,0.0467211,0.04995
1,0.0466808,0.0536723
1,0.0465997,0.0671734
1,0.0464813,0.0572281
1,0.0464696,0.0507761
1,0.0464265,0.0531902
1,0.0463195,0.0562564
1,0.045818,0.0587219
1,0.0457444,0.0526492
1,0.0457269,0.058705
1,0.0457039,0.0507139
1,0.04564,0.0542527
1,0.0456384,0.0489971
1,0.0455858,0.0493701
1,0.0453451,0.05274
1,0.0453215,0.0535825
1,0.0453109,0.0663151
1,0.0452434,0.0669557
1,0.0452258,0.0495312
1,0.045211,0.0550721
1,0.0450143,0.049515
1,0.0449381,0.0569874
1,0.0448118,0.0589812
1,0.0446343,0.0519901
1,0.0445821,0.0552878
1,0.0445712,0.0522241
1,0.0445601,0.0457042
1,0.0444272,0.058433
1,0.0441405,0.0470614
1,0.0441111,0.0463009
1,0.0437975,0.0506966
1,0.0435461,0.0444007
1,0.043459,0.0635606
1,0.0432605,0.0449257
1,0.0431075,0.0560477
1,0.0430891,0.0435888
1,0.0427808,0.0449004
1,0.0424817,0.0431518
1,0.0423363,0.0586448
1,0.0423021,0.0466159
1,0.0422173,0.0429814
1,0.0421279,0.0536377
1,0.0420735,0.0442354
1,0.0417404,0.0481753
1,0.0414824,0.0464829
1,0.041391,0.0520384
1,0.0410241,0.041528
1,0.0409891,0.0539694
1,0.0406512,0.0589706
1,0.0405751,0.0598358
1,0.0402461,0.0503487
1,0.0400645,0.0420131
1,0.0400026,0.0460405
1,0.0398694,0.0428248
1,0.039584,0.046878
1,0.0394929,0.0446544
1,0.0394911,0.0457228
1,0.0386805,0.0470101
1,0.0386669,0.0424261
1,0.0383101,0.0420131
1,0.038271,0.0572686
1,0.0382572,0.0407882
1,0.0381173,0.0422744
1,0.0376352,0.0376512
1,0.0373801,0.0472808
1,0.036877,0.0416331
1,0.0360863,0.0395738
1,0.0360045,0.0380753
1,0.0357679,0.0405458
1,0.035366,0.0416985
1,0.0348268,0.0407416
1,0.0348171,0.0362373
1,0.0343794,0.0398556
1,0.0339004,0.0398679
1,0.033869,0.036168
1,0.03271,0.0331017
1,0.0299401,0.0316927
1,0.0292574,0.0354943
1,0.0272292,0.0314109
1,0.0271321,0.0285881
1,0.0269329,0.0272804
2,1.27149,1.41026
2,1.23384,1.27715
2,1.00903,1.06498
2,0.980848,1.00125
2,0.947056,0.960709
2,0.886986,0.890583
2,0.817408,0.877645
2,0.768468,0.776362
2,0.756823,0.757193
2,0.627009,0.636627
2,0.619112,0.648686
2,0.617384,0.644704
2,0.565572,0.589448
2,0.514681,0.533238
2,0.507865,0.532117
2,0.50239,0.508012
2,0.472636,0.492975
2,0.462152,0.480266
2,0.453707,0.499194
2,0.447934,0.458407
2,0.428447,0.448156
2,0.403952,0.423315
2,0.395974,0.414846
2,0.37837,0.382344
2,0.357927,0.369591
2,0.356452,0.367873
2,0.335388,0.338842
2,0.319645,0.324514
2,0.318788,0.358689
2,0.310723,0.32185
2,0.298974,0.321704
2,0.295866,0.297453
2,0.293008,0.308781
2,0.291926,0.315876
2,0.291429,0.294515
2,0.26924,0.279598
2,0.268755,0.27711
2,0.266871,0.271257
2,0.266009,0.271338
2,0.263877,0.273918
2,0.263662,0.264765
2,0.259996,0.278348
2,0.257678,0.282304
2,0.244215,0.247989
2,0.238078,0.256065
2,0.231745,0.28432
2,0.229642,0.230608
2,0.229237,0.230371
2,0.228064,0.232519
2,0.226784,0.227356
2,0.224568,0.227493
2,0.218471,0.25101
2,0.214107,0.219191
2,0.212806,0.22423
2,0.205351,0.210587
2,0.200574,0.20499
2,0.199847,0.20025
2,0.199113,0.204449
2,0.198886,0.199462
2,0.197807,0.205613
2,0.193221,0.19494
2,0.192593,0.194528
2,0.19135,0.205494
2,0.190844,0.206793
2,0.187283,0.197836
2,0.184062,0.218857
2,0.180925,0.182302
2,0.1802,0.181936
2,0.180054,0.184036
2,0.179955,0.186105
2,0.179887,0.198246
2,0.179443,0.180931
2,0.179443,0.194872
2,0.178086,0.185269
2,0.177202,0.188315
2,0.176773,0.179326
2,0.175102,0.183818
2,0.174612,0.180864
2,0.173816,0.176165
2,0.172983,0.178544
2,0.17222,0.173669
2,0.171454,0.176535
2,0.170293,0.177342
2,0.168941,0.175314
2,0.168701,0.177739
2,0.168659,0.178012
2,0.168619,0.174518
2,0.167978,0.176103
2,0.167249,0.191009
2,0.166922,0.172902
2,0.166631,0.171615
2,0.166159,0.191174
2,0.16612,0.167889
2,0.165318,0.167498
2,0.164322,0.170812
2,0.163636,0.187553
2,0.163392,0.185826
2,0.16296,0.165799
2,0.1629,0.181265
2,0.160681,0.163142
2,0.159483,0.182912
2,0.158895,0.167777
2,0.157676,0.167516
2,0.157557,0.164071
2,0.156048,0.156906
2,0.155989,0.157298
2,0.154,0.154185
2,0.151725,0.153924
2,0.151462,0.181947
2,0.150827,0.151772
2,0.149206,0.171311
2,0.148592,0.160382
2,0.147994,0.162058
2,0.145969,0.160577
2,0.145642,0.145989
2,0.145358,0.159192
2,0.145059,0.155631
2,0.145031,0.157386
2,0.144199,0.156253
2,0.143718,0.146096
2,0.142749,0.156815
2,0.142608,0.15451
2,0.142175,0.148483
2,0.141485,0.143702
2,0.141412,0.142113
2,0.138874,0.141913
2,0.138558,0.1395
2,0.138345,0.150874
2,0.138299,0.147633
2,0.13786,0.140835
2,0.137557,0.141203
2,0.137557,0.15799
2,0.137487,0.141063
2,0.13638,0.147608
2,0.135863,0.160762
2,0.135263,0.139275
2,0.135121,0.154686
2,0.133164,0.13798
2,0.131515,0.137955
2,0.131405,0.157763
2,0.130678,0.138654
2,0.129635,0.138715
2,0.12949,0.135853
2,0.128221,0.130279
2,0.127894,0.13016
2,0.126588,0.134644
2,0.126422,0.136772
2,0.126189,0.132484
2,0.126097,0.135516
2,0.125655,0.140695
2,0.125604,0.13293
2,0.125075,0.133892
2,0.125065,0.126807
2,0.12462,0.134321
2,0.124515,0.125904
2,0.124347,0.153005
2,0.124005,0.12648
2,0.123498,0.127416
2,0.123205,0.125886
2,0.122933,0.144583
2,0.122311,0.126654
2,0.121722,0.129387
2,0.121198,0.138044
2,0.121101,0.137803
2,0.120234,0.148127
2,0.119606,0.122998
2,0.119459,0.125579
2,0.119422,0.143512
2,0.119368,0.125227
2,0.119123,0.125039
2,0.118154,0.119046
2,0.118092,0.121843
2,0.11804,0.121403
2,0.117877,0.120085
2,0.11743,0.11925
2,0.117392,0.118484
2,0.116478,0.123329
2,0.116262,0.117665
2,0.115961,0.121117
2,0.115559,0.121437
2,0.115058,0.117598
2,0.114928,0.123758
2,0.114405,0.119219
2,0.113879,0.121707
2,0.113626,0.117285
2,0.113473,0.125939
2,0.113382,0.135938
2,0.113284,0.132305
2,0.113132,0.117143
2,0.112364,0.113546
2,0.11222,0.116383
2,0.111982,0.113467
2,0.110887,0.11741
2,0.110814,0.12737
2,0.110406,0.130752
2,0.109709,0.113837
2,0.1095,0.123851
2,0.109262,0.111123
2,0.109028,0.111588
2,0.108368,0.110317
2,0.108124,0.114039
2,0.107618,0.121462
2,0.107472,0.11011
2,0.107352,0.128286
2,0.106907,0.113121
2,0.106418,0.109723
2,0.106373,0.107597
2,0.106309,0.113334
2,0.106288,0.121023
2,0.106134,0.111267
2,0.106134,0.106709
2,0.105936,0.116091
2,0.105852,0.127976
2,0.105703,0.114352
2,0.105509,0.114947
2,0.105399,0.110651
2,0.10536,0.118337
2,0.10528,0.129446
2,0.104907,0.130609
2,0.104659,0.106356
2,0.104635,0.105059
2,0.103877,0.10538
2,0.103457,0.106582
2,0.102717,0.104241
2,0.102717,0.10428
2,0.102267,0.102279
2,0.102141,0.109614
2,0.101985,0.106616
2,0.101345,0.106677
2,0.101315,0.107119
2,0.101297,0.122765
2,0.101046,0.105176
2,0.100917,0.101107
2,0.100613,0.102358
2,0.10052,0.106432
2,0.100452,0.10265
2,0.0999827,0.10167
2,0.0999733,0.107954
2,0.0996964,0.106172
2,0.0993942,0.100905
2,0.0990561,0.111167
2,0.0987385,0.113829
2,0.0986581,0.115226
2,0.0984791,0.102151
2,0.0983884,0.0984716
2,0.0977994,0.100263
2,0.0958836,0.103101
2,0.0954411,0.102891
2,0.095371,0.0960067
2,0.0949653,0.100452
2,0.0940405,0.0957121
2,0.0939897,0.0998327
2,0.0939325,0.101114
2,0.0937309,0.0975305
2,0.0930453,0.0993802
2,0.0926517,0.095656
2,0.0922653,0.094082
2,0.0917273,0.0932933
2,0.0915281,0.0933095
2,0.0913452,0.100186
2,0.0912641,0.0928084
2,0.0910614,0.0984748
2,0.0906018,0.0937992
2,0.09058,0.0964804
2,0.0896674,0.0899884
2,0.0891935,0.0908312
2,0.0888799,0.108572
2,0.0883385,0.0908798
2,0.0876246,0.0933662
2,0.0872639,0.0882965
2,0.0870044,0.102765
2,0.0868487,0.0922702
2,0.0867479,0.088653
2,0.0864835,0.0889513
2,0.0862163,0.0871254
2,0.0861458,0.0865634
2,0.0857431,0.0888071
2,0.0856898,0.0969073
2,0.0852156,0.0906809
2,0.0851984,0.0864683
2,0.0839771,0.0894445
2,0.0838501,0.086767
2,0.0835061,0.091636
2,0.0831275,0.0834398
2,0.0826518,0.0828729
2,0.0824803,0.0846535
2,0.0821982,0.0841445
2,0.0819988,0.0834372
2,0.0815451,0.0869809
2,0.0811987,0.0862178
2,0.0811796,0.0875914
2,0.0809189,0.088903
2,0.080856,0.0832104
2,0.079979,0.0880291
2,0.0781168,0.0858802
2,0.0777705,0.079538
2,0.076825,0.0791556
2,0.0759494,0.0801483
2,0.0749722,0.0823299
2,0.0749179,0.0755531
2,0.0742494,0.0755631
2,0.073276,0.0786049
2,0.0732668,0.0743179
2,0.0718958,0.0740457
2,0.0706903,0.076815
2,0.0704283,0.077114
2,0.0698613,0.0725752
2,0.0698586,0.0735419
2,0.0696907,0.0711331
2,0.0692996,0.0729739
2,0.068664,0.0727725
2,0.0681345,0.0714402
2,0.0670803,0.0694135
2,0.0669981,0.0673447
2,0.0669366,0.07233
2,0.0658179,0.0666035
2,0.0654069,0.0661057
2,0.0651948,0.0652347
2,0.0650629,0.0673631
2,0.0647103,0.0674425
2,0.0646805,0.0698304
2,0.0645215,0.0645807
2,0.0644843,0.0656182
2,0.0628247,0.0684362
2,0.0626447,0.0649926
2,0.0539759,0.0547463
