point cloud with 1620 points in dimension 3
0,0,0.00512883
0,0,0.00595164
0,0,0.00624765
0,0,0.00667542
0,0,0.00667929
0,0,0.00693888
0,0,0.00755724
0,0,0.00835947
0,0,0.00849692
0,0,0.0086049
0,0,0.00868419
0,0,0.00897436
0,0,0.0094715
0,0,0.00980923
0,0,0.00982309
0,0,0.00983212
0,0,0.0100883
0,0,0.0103158
0,0,0.0103251
0,0,0.0104887
0,0,0.0104969
0,0,0.0108943
0,0,0.0110293
0,0,0.0122783
0,0,0.012333
0,0,0.012554
0,0,0.0126251
0,0,0.0126777
0,0,0.0127788
0,0,0.0128493
0,0,0.0132391
0,0,0.0133671
0,0,0.0133872
0,0,0.0133913
0,0,0.0137761
0,0,0.013912
0,0,0.0139866
0,0,0.0140513
0,0,0.0146256
0,0,0.0149332
0,0,0.0149397
0,0,0.0152676
0,0,0.0153829
0,0,0.0154387
0,0,0.0155151
0,0,0.0157886
0,0,0.0158849
0,0,0.0159011
0,0,0.0161633
0,0,0.0162985
0,0,0.0163568
0,0,0.0165326
0,0,0.0168723
0,0,0.0168763
0,0,0.0169014
0,0,0.0170999
0,0,0.0171507
0,0,0.0175065
0,0,0.0177785
0,0,0.0177913
0,0,0.0179475
0,0,0.0181277
0,0,0.0182483
0,0,0.0183075
0,0,0.0183319
0,0,0.0184734
0,0,0.0185225
0,0,0.0186676
0,0,0.0188113
0,0,0.019253
0,0,0.0194201
0,0,0.0195876
0,0,0.0196342
0,0,0.0198679
0,0,0.0199919
0,0,0.020262
0,0,0.020489
0,0,0.0205026
0,0,0.0206369
0,0,0.0208413
0,0,0.0208448
0,0,0.0210226
0,0,0.0211649
0,0,0.0212661
0,0,0.0215043
0,0,0.0219083
0,0,0.0224019
0,0,0.0225653
0,0,0.022734
0,0,0.0228418
0,0,0.0230479
0,0,0.0231711
0,0,0.0233412
0,0,0.0234128
0,0,0.0235346
0,0,0.0235995
0,0,0.023615
0,0,0.0239536
0,0,0.0240863
0,0,0.0242718
0,0,0.0243854
0,0,0.02443
0,0,0.0246491
0,0,0.0247727
0,0,0.0250222
0,0,0.0250724
0,0,0.0250774
0,0,0.0251462
0,0,0.0252293
0,0,0.0253638
0,0,0.0254283
0,0,0.0254454
0,0,0.0255786
0,0,0.0256606
0,0,0.025803
0,0,0.0258138
0,0,0.0259262
0,0,0.0260585
0,0,0.0260634
0,0,0.026332
0,0,0.0265851
0,0,0.0266012
0,0,0.0266603
0,0,0.0266804
0,0,0.0266903
0,0,0.0269195
0,0,0.026962
0,0,0.0269819
0,0,0.0269937
0,0,0.0271317
0,0,0.027339
0,0,0.0273551
0,0,0.027411
0,0,0.0275034
0,0,0.0275431
0,0,0.0277788
0,0,0.0278717
0,0,0.027918
0,0,0.0279262
0,0,0.0281631
0,0,0.0281802
0,0,0.0283672
0,0,0.0284414
0,0,0.0291091
0,0,0.0291103
0,0,0.0291273
0,0,0.0292249
0,0,0.0294143
0,0,0.0295409
0,0,0.0295874
0,0,0.029653
0,0,0.0297281
0,0,0.0298322
0,0,0.0298371
0,0,0.0301964
0,0,0.0303419
0,0,0.0303947
0,0,0.0304366
0,0,0.0304904
0,0,0.0306733
0,0,0.0307768
0,0,0.0307883
0,0,0.0309017
0,0,0.0310178
0,0,0.0312337
0,0,0.0312404
0,0,0.0312919
0,0,0.031566
0,0,0.0316143
0,0,0.0317014
0,0,0.0317318
0,0,0.0317799
0,0,0.0317884
0,0,0.0319194
0,0,0.0319791
0,0,0.0322206
0,0,0.032301
0,0,0.0323182
0,0,0.0323389
0,0,0.0323439
0,0,0.0324367
0,0,0.0324966
0,0,0.0328079
0,0,0.0328551
0,0,0.0328602
0,0,0.033005
0,0,0.0330386
0,0,0.0332794
0,0,0.0332967
0,0,0.0333439
0,0,0.0334348
0,0,0.0336965
0,0,0.0336977
0,0,0.0337522
0,0,0.0337552
0,0,0.0338396
0,0,0.0340359
0,0,0.0341577
0,0,0.0341841
0,0,0.0342152
0,0,0.034557
0,0,0.034636
0,0,0.0347718
0,0,0.0350873
0,0,0.0352637
0,0,0.0354499
0,0,0.0355194
0,0,0.0355475
0,0,0.0355494
0,0,0.0355699
0,0,0.0355703
0,0,0.0355741
0,0,0.0356411
0,0,0.0356432
0,0,0.0356726
0,0,0.0358478
0,0,0.0358899
0,0,0.0360268
0,0,0.0361524
0,0,0.0362038
0,0,0.0362722
0,0,0.0364541
0,0,0.0365643
0,0,0.0367874
0,0,0.0368323
0,0,0.0369624
0,0,0.0369636
0,0,0.0370615
0,0,0.0370954
0,0,0.037131
0,0,0.0371931
0,0,0.0372844
0,0,0.0374307
0,0,0.0375073
0,0,0.0375348
0,0,0.0375614
0,0,0.0377841
0,0,0.0378534
0,0,0.0378758
0,0,0.0380344
0,0,0.0382311
0,0,0.0382499
0,0,0.0383644
0,0,0.0385539
0,0,0.038566
0,0,0.0385868
0,0,0.0386534
0,0,0.0388691
0,0,0.0390573
0,0,0.039105
0,0,0.0391855
0,0,0.0392754
0,0,0.0393489
0,0,0.03935
0,0,0.0395152
0,0,0.0395227
0,0,0.0396002
0,0,0.0397276
0,0,0.0397312
0,0,0.0399704
0,0,0.0401125
0,0,0.040131
0,0,0.0402794
0,0,0.0403517
0,0,0.0403618
0,0,0.0403735
0,0,0.0404746
0,0,0.0405345
0,0,0.0405575
0,0,0.0407955
0,0,0.0409018
0,0,0.0409075
0,0,0.0410009
0,0,0.0410321
0,0,0.0411714
0,0,0.0411902
0,0,0.0412074
0,0,0.041326
0,0,0.0413284
0,0,0.0413512
0,0,0.0413632
0,0,0.0415248
0,0,0.0415443
0,0,0.0415759
0,0,0.0416209
0,0,0.041755
0,0,0.0418617
0,0,0.0419288
0,0,0.0420157
0,0,0.0420692
0,0,0.0422848
0,0,0.0423629
0,0,0.0423927
0,0,0.0424352
0,0,0.0425066
0,0,0.042603
0,0,0.0428162
0,0,0.0429
0,0,0.042916
0,0,0.0429274
0,0,0.0429299
0,0,0.0429751
0,0,0.0429889
0,0,0.0430484
0,0,0.0431428
0,0,0.0431799
0,0,0.0432111
0,0,0.0432784
0,0,0.0432843
0,0,0.0432972
0,0,0.0434346
0,0,0.0436015
0,0,0.043695
0,0,0.043798
0,0,0.0438242
0,0,0.0439141
0,0,0.0440818
0,0,0.0441618
0,0,0.0441925
0,0,0.0442056
0,0,0.0442131
0,0,0.0442389
0,0,0.0442948
0,0,0.0445702
0,0,0.0445722
0,0,0.0446433
0,0,0.0446504
0,0,0.0446521
0,0,0.0447706
0,0,0.0449755
0,0,0.0449865
0,0,0.0450038
0,0,0.0450723
0,0,0.0451231
0,0,0.0452516
0,0,0.045495
0,0,0.0455084
0,0,0.0456076
0,0,0.0456516
0,0,0.0456735
0,0,0.0456925
0,0,0.0457524
0,0,0.0457579
0,0,0.0458627
0,0,0.0458974
0,0,0.0459436
0,0,0.0459443
0,0,0.0459918
0,0,0.0460735
0,0,0.0460898
0,0,0.0461282
0,0,0.0464302
0,0,0.0464438
0,0,0.0464714
0,0,0.0465304
0,0,0.0466375
0,0,0.0466415
0,0,0.046744
0,0,0.0467509
0,0,0.0468036
0,0,0.0469674
0,0,0.0470548
0,0,0.0470951
0,0,0.0474131
0,0,0.04743
0,0,0.0474596
0,0,0.0474861
0,0,0.0475011
0,0,0.0476448
0,0,0.0476568
0,0,0.0477765
0,0,0.0479034
0,0,0.0479973
0,0,0.0481958
0,0,0.0483604
0,0,0.0483847
0,0,0.0483906
0,0,0.0484055
0,0,0.0484519
0,0,0.0485384
0,0,0.0487032
0,0,0.0493112
0,0,0.0493224
0,0,0.0493704
0,0,0.0493886
0,0,0.0493976
0,0,0.0494381
0,0,0.0494621
0,0,0.0494848
0,0,0.0496712
0,0,0.0496847
0,0,0.0496866
0,0,0.0497131
0,0,0.049733
0,0,0.0497828
0,0,0.0498899
0,0,0.0498928
0,0,0.0499951
0,0,0.0500617
0,0,0.0501868
0,0,0.0502233
0,0,0.0502845
0,0,0.0505643
0,0,0.0506376
0,0,0.0507035
0,0,0.0509241
0,0,0.0510745
0,0,0.0516916
0,0,0.0517018
0,0,0.051726
0,0,0.0518233
0,0,0.0518751
0,0,0.0519724
0,0,0.0520713
0,0,0.0523009
0,0,0.0523426
0,0,0.0523605
0,0,0.0524165
0,0,0.0524738
0,0,0.0524946
0,0,0.0525622
0,0,0.0527498
0,0,0.0528245
0,0,0.0529617
0,0,0.053039
0,0,0.0530503
0,0,0.053109
0,0,0.0531701
0,0,0.0531884
0,0,0.0534912
0,0,0.0536661
0,0,0.0536693
0,0,0.0538001
0,0,0.0538717
0,0,0.0541095
0,0,0.054292
0,0,0.0543879
0,0,0.0545691
0,0,0.0546772
0,0,0.054692
0,0,0.0547296
0,0,0.0547984
0,0,0.0549157
0,0,0.0549652
0,0,0.0549868
0,0,0.0551014
0,0,0.0552149
0,0,0.0554095
0,0,0.0555193
0,0,0.0555333
0,0,0.0558991
0,0,0.0561718
0,0,0.0562197
0,0,0.0564983
0,0,0.0565588
0,0,0.0567351
0,0,0.0568709
0,0,0.0568726
0,0,0.0570496
0,0,0.0571256
0,0,0.0572738
0,0,0.0574108
0,0,0.0574418
0,0,0.0575351
0,0,0.0576393
0,0,0.0577026
0,0,0.0577593
0,0,0.0578973
0,0,0.0579189
0,0,0.0579507
0,0,0.0579684
0,0,0.0580658
0,0,0.0581088
0,0,0.0583745
0,0,0.0584139
0,0,0.0584207
0,0,0.0584986
0,0,0.0588864
0,0,0.0589128
0,0,0.0589307
0,0,0.0589909
0,0,0.0590188
0,0,0.0591143
0,0,0.0591463
0,0,0.0591692
0,0,0.0591847
0,0,0.0592112
0,0,0.0592988
0,0,0.0593155
0,0,0.059329
0,0,0.0594926
0,0,0.059502
0,0,0.0595705
0,0,0.0596865
0,0,0.0597325
0,0,0.0597605
0,0,0.0599002
0,0,0.0599331
0,0,0.0600408
0,0,0.0600948
0,0,0.0602543
0,0,0.0602716
0,0,0.0602764
0,0,0.0605109
0,0,0.0605273
0,0,0.0607577
0,0,0.0607705
0,0,0.0609323
0,0,0.0609371
0,0,0.0609961
0,0,0.0610495
0,0,0.061222
0,0,0.0612524
0,0,0.0612737
0,0,0.0616383
0,0,0.0616949
0,0,0.0617779
0,0,0.0618269
0,0,0.0618911
0,0,0.0619085
0,0,0.0619868
0,0,0.0620377
0,0,0.0621951
0,0,0.0622025
0,0,0.0623026
0,0,0.0623176
0,0,0.0623303
0,0,0.0626401
0,0,0.0628306
0,0,0.0629098
0,0,0.0629692
0,0,0.0633306
0,0,0.0634843
0,0,0.0635123
0,0,0.0635245
0,0,0.0635951
0,0,0.063874
0,0,0.0639222
0,0,0.0639327
0,0,0.0641212
0,0,0.0641534
0,0,0.0642277
0,0,0.0645664
0,0,0.0646882
0,0,0.065027
0,0,0.06507
0,0,0.0651689
0,0,0.0652088
0,0,0.0652473
0,0,0.0654533
0,0,0.0657536
0,0,0.0658531
0,0,0.0658542
0,0,0.0659426
0,0,0.0661065
0,0,0.066216
0,0,0.0662206
0,0,0.0663058
0,0,0.0663304
0,0,0.0663767
0,0,0.0668715
0,0,0.0670527
0,0,0.0671588
0,0,0.0672435
0,0,0.0672617
0,0,0.0672943
0,0,0.0672962
0,0,0.0672969
0,0,0.067862
0,0,0.0680519
0,0,0.0681678
0,0,0.0681737
0,0,0.0684675
0,0,0.0685356
0,0,0.0686114
0,0,0.0686494
0,0,0.0687743
0,0,0.0688034
0,0,0.068818
0,0,0.0689442
0,0,0.0689983
0,0,0.0690616
0,0,0.0691955
0,0,0.0692142
0,0,0.0692632
0,0,0.0695697
0,0,0.0695884
0,0,0.0695946
0,0,0.0697497
0,0,0.0700582
0,0,0.0702249
0,0,0.0708935
0,0,0.0712263
0,0,0.0712858
0,0,0.0712875
0,0,0.071463
0,0,0.0715171
0,0,0.071636
0,0,0.0716891
0,0,0.0718216
0,0,0.0718325
0,0,0.0718484
0,0,0.0719111
0,0,0.0720028
0,0,0.072079
0,0,0.0722774
0,0,0.0723957
0,0,0.0724075
0,0,0.0724608
0,0,0.0726207
0,0,0.0726928
0,0,0.0726976
0,0,0.0727777
0,0,0.0730742
0,0,0.0731089
0,0,0.0732899
0,0,0.0733412
0,0,0.0734335
0,0,0.0735589
0,0,0.0737696
0,0,0.0740491
0,0,0.0741318
0,0,0.0741993
0,0,0.0742456
0,0,0.0743644
0,0,0.0745278
0,0,0.0745728
0,0,0.0746161
0,0,0.0746841
0,0,0.0748738
0,0,0.0749928
0,0,0.0751656
0,0,0.0751716
0,0,0.0751753
0,0,0.0753536
0,0,0.0756374
0,0,0.0757249
0,0,0.0759821
0,0,0.0760639
0,0,0.0761236
0,0,0.076271
0,0,0.0763486
0,0,0.0764015
0,0,0.076417
0,0,0.0765175
0,0,0.0767101
0,0,0.0767192
0,0,0.0768661
0,0,0.0769713
0,0,0.0773311
0,0,0.0773852
0,0,0.0773863
0,0,0.0774057
0,0,0.0775585
0,0,0.0775992
0,0,0.0776838
0,0,0.0777142
0,0,0.0777185
0,0,0.0777906
0,0,0.0779696
0,0,0.0779921
0,0,0.0781043
0,0,0.0784141
0,0,0.0784344
0,0,0.0785916
0,0,0.0787229
0,0,0.0787766
0,0,0.0787951
0,0,0.0787968
0,0,0.0788475
0,0,0.078918
0,0,0.0790312
0,0,0.0790576
0,0,0.0791625
0,0,0.0791756
0,0,0.0795302
0,0,0.0796065
0,0,0.0798334
0,0,0.0798483
0,0,0.0799249
0,0,0.0803119
0,0,0.0803186
0,0,0.0803771
0,0,0.080527
0,0,0.0806142
0,0,0.0806746
0,0,0.0807827
0,0,0.0808423
0,0,0.0808935
0,0,0.0810071
0,0,0.081095
0,0,0.0811343
0,0,0.0812143
0,0,0.081671
0,0,0.081805
0,0,0.0819477
0,0,0.0820285
0,0,0.0820719
0,0,0.082365
0,0,0.0824593
0,0,0.0824885
0,0,0.0825981
0,0,0.0826069
0,0,0.082918
0,0,0.0830997
0,0,0.0831228
0,0,0.083471
0,0,0.0836065
0,0,0.0837592
0,0,0.0838451
0,0,0.0838558
0,0,0.0838959
0,0,0.0839163
0,0,0.0839437
0,0,0.084051
0,0,0.0841249
0,0,0.0841896
0,0,0.0841907
0,0,0.0844935
0,0,0.0845178
0,0,0.0845364
0,0,0.0845596
0,0,0.0845679
0,0,0.0846507
0,0,0.0847409
0,0,0.0848744
0,0,0.0849328
0,0,0.0849823
0,0,0.0850085
0,0,0.0850978
0,0,0.0852264
0,0,0.0853088
0,0,0.0853212
0,0,0.085382
0,0,0.0854759
0,0,0.0855386
0,0,0.0856778
0,0,0.0857221
0,0,0.0858035
0,0,0.0858786
0,0,0.0858849
0,0,0.085908
0,0,0.0859228
0,0,0.0860103
0,0,0.0862271
0,0,0.0862343
0,0,0.086246
0,0,0.0862529
0,0,0.0862627
0,0,0.0863472
0,0,0.0867001
0,0,0.0867911
0,0,0.0872996
0,0,0.087312
0,0,0.0874533
0,0,0.087518
0,0,0.0877848
0,0,0.0878081
0,0,0.0883731
0,0,0.0887352
0,0,0.0887791
0,0,0.0888083
0,0,0.0889735
0,0,0.089178
0,0,0.0892581
0,0,0.089566
0,0,0.0899245
0,0,0.0899442
0,0,0.090617
0,0,0.090681
0,0,0.0908347
0,0,0.0912058
0,0,0.0912657
0,0,0.0915355
0,0,0.0917134
0,0,0.0917793
0,0,0.0921099
0,0,0.0922393
0,0,0.0923462
0,0,0.0923501
0,0,0.092402
0,0,0.0924106
0,0,0.0928821
0,0,0.0931357
0,0,0.0931394
0,0,0.0934111
0,0,0.0934769
0,0,0.0936148
0,0,0.094007
0,0,0.0940508
0,0,0.0943488
0,0,0.094618
0,0,0.0947023
0,0,0.0948708
0,0,0.0949346
0,0,0.095091
0,0,0.0956451
0,0,0.0959145
0,0,0.0959485
0,0,0.0960888
0,0,0.0962933
0,0,0.0963821
0,0,0.0963898
0,0,0.0964059
0,0,0.0967622
0,0,0.0968658
0,0,0.0969824
0,0,0.097107
0,0,0.0972277
0,0,0.0973146
0,0,0.097716
0,0,0.0977359
0,0,0.0978412
0,0,0.0979196
0,0,0.0980499
0,0,0.0980668
0,0,0.0982809
0,0,0.098431
0,0,0.0985604
0,0,0.098574
0,0,0.0988549
0,0,0.0988964
0,0,0.0989243
0,0,0.0989365
0,0,0.0990233
0,0,0.0992439
0,0,0.0992578
0,0,0.099412
0,0,0.0994741
0,0,0.0994956
0,0,0.0994973
0,0,0.0995209
0,0,0.0995452
0,0,0.09998
0,0,0.100036
0,0,0.100812
0,0,0.100893
0,0,0.100984
0,0,0.101172
0,0,0.1012
0,0,0.101296
0,0,0.101338
0,0,0.101362
0,0,0.101381
0,0,0.101424
0,0,0.10164
0,0,0.10171
0,0,0.10206
0,0,0.102138
0,0,0.102156
0,0,0.102456
0,0,0.102491
0,0,0.102605
0,0,0.102619
0,0,0.102697
0,0,0.102731
0,0,0.102841
0,0,0.103255
0,0,0.103393
0,0,0.103433
0,0,0.103458
0,0,0.103551
0,0,0.103605
0,0,0.104196
0,0,0.104738
0,0,0.105049
0,0,0.105295
0,0,0.105356
0,0,0.105366
0,0,0.105564
0,0,0.105836
0,0,0.106324
0,0,0.10642
0,0,0.106438
0,0,0.106661
0,0,0.106835
0,0,0.107067
0,0,0.107652
0,0,0.107737
0,0,0.10809
0,0,0.108499
0,0,0.108687
0,0,0.108795
0,0,0.108997
0,0,0.109146
0,0,0.109279
0,0,0.109352
0,0,0.109573
0,0,0.109647
0,0,0.109684
0,0,0.109829
0,0,0.109832
0,0,0.109872
0,0,0.110452
0,0,0.110456
0,0,0.110548
0,0,0.110566
0,0,0.110567
0,0,0.111455
0,0,0.111693
0,0,0.111736
0,0,0.111787
0,0,0.111836
0,0,0.111854
0,0,0.112007
0,0,0.112105
0,0,0.112188
0,0,0.112253
0,0,0.112304
0,0,0.112632
0,0,0.112808
0,0,0.1129
0,0,0.112985
0,0,0.113001
0,0,0.113024
0,0,0.113108
0,0,0.113183
0,0,0.113492
0,0,0.113729
0,0,0.113817
0,0,0.114088
0,0,0.114218
0,0,0.114304
0,0,0.114365
0,0,0.114544
0,0,0.11465
0,0,0.114966
0,0,0.115018
0,0,0.115074
0,0,0.115802
0,0,0.115929
0,0,0.116143
0,0,0.116512
0,0,0.116622
0,0,0.116638
0,0,0.116649
0,0,0.116651
0,0,0.117435
0,0,0.1175
0,0,0.117616
0,0,0.117637
0,0,0.117672
0,0,0.118035
0,0,0.118122
0,0,0.11813
0,0,0.118205
0,0,0.118847
0,0,0.119252
0,0,0.119377
0,0,0.11938
0,0,0.119456
0,0,0.11947
0,0,0.119531
0,0,0.119766
0,0,0.12078
0,0,0.120898
0,0,0.120956
0,0,0.121237
0,0,0.121637
0,0,0.122019
0,0,0.12235
0,0,0.122456
0,0,0.122505
0,0,0.122558
0,0,0.122845
0,0,0.122973
0,0,0.123394
0,0,0.123417
0,0,0.12347
0,0,0.123647
0,0,0.123649
0,0,0.123929
0,0,0.124122
0,0,0.124326
0,0,0.124464
0,0,0.124543
0,0,0.12455
0,0,0.124633
0,0,0.124821
0,0,0.125001
0,0,0.125213
0,0,0.125389
0,0,0.125478
0,0,0.12554
0,0,0.125703
0,0,0.125975
0,0,0.126036
0,0,0.12613
0,0,0.126131
0,0,0.126784
0,0,0.126933
0,0,0.126964
0,0,0.127167
0,0,0.127209
0,0,0.127241
0,0,0.127314
0,0,0.127323
0,0,0.127595
0,0,0.127911
0,0,0.128006
0,0,0.128429
0,0,0.128453
0,0,0.128548
0,0,0.128926
0,0,0.129246
0,0,0.129269
0,0,0.129749
0,0,0.130147
0,0,0.130165
0,0,0.130183
0,0,0.130252
0,0,0.130358
0,0,0.130399
0,0,0.130531
0,0,0.130684
0,0,0.130748
0,0,0.131216
0,0,0.131349
0,0,0.131426
0,0,0.131443
0,0,0.131774
0,0,0.131965
0,0,0.132131
0,0,0.132212
0,0,0.132487
0,0,0.132505
0,0,0.133043
0,0,0.133219
0,0,0.133228
0,0,0.133244
0,0,0.13326
0,0,0.133533
0,0,0.133568
0,0,0.1336
0,0,0.133926
0,0,0.133967
0,0,0.13409
0,0,0.134173
0,0,0.134215
0,0,0.134254
0,0,0.134666
0,0,0.134841
0,0,0.134841
0,0,0.134947
0,0,0.134988
0,0,0.135172
0,0,0.135347
0,0,0.135662
0,0,0.135939
0,0,0.136179
0,0,0.136674
0,0,0.13674
0,0,0.136779
0,0,0.137503
0,0,0.137777
0,0,0.137806
0,0,0.137841
0,0,0.137862
0,0,0.138165
0,0,0.138254
0,0,0.13851
0,0,0.138559
0,0,0.1386
0,0,0.138651
0,0,0.138754
0,0,0.138842
0,0,0.13886
0,0,0.138977
0,0,0.139141
0,0,0.139227
0,0,0.139653
0,0,0.140289
0,0,0.140299
0,0,0.14065
0,0,0.141166
0,0,0.141202
0,0,0.141283
0,0,0.141397
0,0,0.14232
0,0,0.142423
0,0,0.142424
0,0,0.142983
0,0,0.142989
0,0,0.143584
0,0,0.143685
0,0,0.143717
0,0,0.143755
0,0,0.143944
0,0,0.144259
0,0,0.144654
0,0,0.144973
0,0,0.145003
0,0,0.145586
0,0,0.145873
0,0,0.146606
0,0,0.146609
0,0,0.146695
0,0,0.146863
0,0,0.147058
0,0,0.14708
0,0,0.147469
0,0,0.147642
0,0,0.147832
0,0,0.147909
0,0,0.148106
0,0,0.148734
0,0,0.149026
0,0,0.149108
0,0,0.149516
0,0,0.149735
0,0,0.149829
0,0,0.150675
0,0,0.150968
0,0,0.151257
0,0,0.151328
0,0,0.151539
0,0,0.151996
0,0,0.152064
0,0,0.152185
0,0,0.152262
0,0,0.152555
0,0,0.153727
0,0,0.15436
0,0,0.154956
0,0,0.155176
0,0,0.155279
0,0,0.155429
0,0,0.1555
0,0,0.15571
0,0,0.155729
0,0,0.155731
0,0,0.155899
0,0,0.156113
0,0,0.156303
0,0,0.156908
0,0,0.15701
0,0,0.15712
0,0,0.157438
0,0,0.157464
0,0,0.157888
0,0,0.157994
0,0,0.159053
0,0,0.1592
0,0,0.15945
0,0,0.159475
0,0,0.159596
0,0,0.159693
0,0,0.159699
0,0,0.159844
0,0,0.160349
0,0,0.160369
0,0,0.160535
0,0,0.160594
0,0,0.161148
0,0,0.161794
0,0,0.161888
0,0,0.161892
0,0,0.162131
0,0,0.162146
0,0,0.162462
0,0,0.162488
0,0,0.16326
0,0,0.163276
0,0,0.164335
0,0,0.164912
0,0,0.165337
0,0,0.166489
0,0,0.166821
0,0,0.167168
0,0,0.16718
0,0,0.167284
0,0,0.167336
0,0,0.167772
0,0,0.167872
0,0,0.168435
0,0,0.16853
0,0,0.168896
0,0,0.169122
0,0,0.169472
0,0,0.170366
0,0,0.171017
0,0,0.171285
0,0,0.171573
0,0,0.17214
0,0,0.172158
0,0,0.172332
0,0,0.173045
0,0,0.17323
0,0,0.173489
0,0,0.173554
0,0,0.173778
0,0,0.173781
0,0,0.174295
0,0,0.174341
0,0,0.174399
0,0,0.174446
0,0,0.174669
0,0,0.175101
0,0,0.175105
0,0,0.17513
0,0,0.1755
0,0,0.175741
0,0,0.17597
0,0,0.176146
0,0,0.176881
0,0,0.1776
0,0,0.177667
0,0,0.178689
0,0,0.178844
0,0,0.179158
0,0,0.179266
0,0,0.179691
0,0,0.180971
0,0,0.181083
0,0,0.181302
0,0,0.181468
0,0,0.181544
0,0,0.18216
0,0,0.182426
0,0,0.182672
0,0,0.183253
0,0,0.183277
0,0,0.184301
0,0,0.184411
0,0,0.184645
0,0,0.184715
0,0,0.185009
0,0,0.185319
0,0,0.185385
0,0,0.185511
0,0,0.185518
0,0,0.185985
0,0,0.186079
0,0,0.186332
0,0,0.186924
0,0,0.187454
0,0,0.187944
0,0,0.187948
0,0,0.187995
0,0,0.188772
0,0,0.189167
0,0,0.189268
0,0,0.189642
0,0,0.18969
0,0,0.189749
0,0,0.19027
0,0,0.19042
0,0,0.190521
0,0,0.191013
0,0,0.191231
0,0,0.191562
0,0,0.191614
0,0,0.191832
0,0,0.191845
0,0,0.191866
0,0,0.191996
0,0,0.19202
0,0,0.192428
0,0,0.1945
0,0,0.194752
0,0,0.194776
0,0,0.195233
0,0,0.196091
0,0,0.196216
0,0,0.196363
0,0,0.196839
0,0,0.196872
0,0,0.197495
0,0,0.197851
0,0,0.198159
0,0,0.198338
0,0,0.199012
0,0,0.199188
0,0,0.199294
0,0,0.199393
0,0,0.19953
0,0,0.200369
0,0,0.200758
0,0,0.20175
0,0,0.202284
0,0,0.202715
0,0,0.203261
0,0,0.204145
0,0,0.204226
0,0,0.204374
0,0,0.204868
0,0,0.205035
0,0,0.206656
0,0,0.206855
0,0,0.206912
0,0,0.207583
0,0,0.208736
0,0,0.208959
0,0,0.209513
0,0,0.210016
0,0,0.210417
0,0,0.211386
0,0,0.211411
0,0,0.211669
0,0,0.211878
0,0,0.214038
0,0,0.214284
0,0,0.215258
0,0,0.215589
0,0,0.216087
0,0,0.216925
0,0,0.216984
0,0,0.217249
0,0,0.218217
0,0,0.218234
0,0,0.218457
0,0,0.218779
0,0,0.220367
0,0,0.220514
0,0,0.220662
0,0,0.221075
0,0,0.221321
0,0,0.221946
0,0,0.223132
0,0,0.223768
0,0,0.224269
0,0,0.224646
0,0,0.224894
0,0,0.224981
0,0,0.225191
0,0,0.225296
0,0,0.225596
0,0,0.226296
0,0,0.226504
0,0,0.226778
0,0,0.22768
0,0,0.228278
0,0,0.228451
0,0,0.228572
0,0,0.228793
0,0,0.229373
0,0,0.231138
0,0,0.23119
0,0,0.231584
0,0,0.232245
0,0,0.234721
0,0,0.235397
0,0,0.23543
0,0,0.237474
0,0,0.237881
0,0,0.238307
0,0,0.239015
0,0,0.239207
0,0,0.239425
0,0,0.240137
0,0,0.241734
0,0,0.24186
0,0,0.243306
0,0,0.24346
0,0,0.243479
0,0,0.245067
0,0,0.245402
0,0,0.245443
0,0,0.245479
0,0,0.246153
0,0,0.246187
0,0,0.246401
0,0,0.246837
0,0,0.246966
0,0,0.247662
0,0,0.248254
0,0,0.248673
0,0,0.250118
0,0,0.250335
0,0,0.250575
0,0,0.251365
0,0,0.251594
0,0,0.251905
0,0,0.252328
0,0,0.253472
0,0,0.254347
0,0,0.254668
0,0,0.255103
0,0,0.255212
0,0,0.255419
0,0,0.255921
0,0,0.257276
0,0,0.257896
0,0,0.257923
0,0,0.258528
0,0,0.258631
0,0,0.258781
0,0,0.259652
0,0,0.2613
0,0,0.261579
0,0,0.261996
0,0,0.262548
0,0,0.262645
0,0,0.262823
0,0,0.262969
0,0,0.263012
0,0,0.263058
0,0,0.264117
0,0,0.26512
0,0,0.265297
0,0,0.265502
0,0,0.266438
0,0,0.268272
0,0,0.268298
0,0,0.269051
0,0,0.269076
0,0,0.269226
0,0,0.270001
0,0,0.270112
0,0,0.270342
0,0,0.270351
0,0,0.270878
0,0,0.271392
0,0,0.272752
0,0,0.273165
0,0,0.27421
0,0,0.276337
0,0,0.277324
0,0,0.277526
0,0,0.278516
0,0,0.278766
0,0,0.279075
0,0,0.280565
0,0,0.280776
0,0,0.281333
0,0,0.281676
0,0,0.28235
0,0,0.283468
0,0,0.283931
0,0,0.284287
0,0,0.284607
0,0,0.285404
0,0,0.285641
0,0,0.28587
0,0,0.286319
0,0,0.287169
0,0,0.288554
0,0,0.289136
0,0,0.289169
0,0,0.289538
0,0,0.291081
0,0,0.291415
0,0,0.292902
0,0,0.293538
0,0,0.294092
0,0,0.29472
0,0,0.295022
0,0,0.295146
0,0,0.295283
0,0,0.295998
0,0,0.296246
0,0,0.296702
0,0,0.297034
0,0,0.299455
0,0,0.300031
0,0,0.300169
0,0,0.300459
0,0,0.302602
0,0,0.303611
0,0,0.304542
0,0,0.305491
0,0,0.305497
0,0,0.305599
0,0,0.3062
0,0,0.308166
0,0,0.308323
0,0,0.309757
0,0,0.310116
0,0,0.310461
0,0,0.311075
0,0,0.312199
0,0,0.312416
0,0,0.313869
0,0,0.316408
0,0,0.316627
0,0,0.317206
0,0,0.319504
0,0,0.320565
0,0,0.321562
0,0,0.321909
0,0,0.32216
0,0,0.324176
0,0,0.325618
0,0,0.326494
0,0,0.326667
0,0,0.326859
0,0,0.327452
0,0,0.328338
0,0,0.328825
0,0,0.331033
0,0,0.332169
0,0,0.332193
0,0,0.3332
0,0,0.334842
0,0,0.335631
0,0,0.337504
0,0,0.338227
0,0,0.338946
0,0,0.339386
0,0,0.339667
0,0,0.339873
0,0,0.341647
0,0,0.343593
0,0,0.346214
0,0,0.346255
0,0,0.347584
0,0,0.349497
0,0,0.349764
0,0,0.350641
0,0,0.351211
0,0,0.352441
0,0,0.353997
0,0,0.354205
0,0,0.355186
0,0,0.360396
0,0,0.361126
0,0,0.361911
0,0,0.362378
0,0,0.363039
0,0,0.363141
0,0,0.364308
0,0,0.364393
0,0,0.364907
0,0,0.368991
0,0,0.369145
0,0,0.369445
0,0,0.369546
0,0,0.370056
0,0,0.370069
0,0,0.373749
0,0,0.374706
0,0,0.37577
0,0,0.379191
0,0,0.381075
0,0,0.384322
0,0,0.38834
0,0,0.38858
0,0,0.38965
0,0,0.391189
0,0,0.391227
0,0,0.392218
0,0,0.396014
0,0,0.396067
0,0,0.396474
0,0,0.397765
0,0,0.401222
0,0,0.407839
0,0,0.408349
0,0,0.409453
0,0,0.40996
0,0,0.410608
0,0,0.411299
0,0,0.413066
0,0,0.413261
0,0,0.414468
0,0,0.417434
0,0,0.420373
0,0,0.422238
0,0,0.427221
0,0,0.43293
0,0,0.43479
0,0,0.436794
0,0,0.43833
0,0,0.44045
0,0,0.440676
0,0,0.444021
0,0,0.449381
0,0,0.452117
0,0,0.453589
0,0,0.454142
0,0,0.456033
0,0,0.466177
0,0,0.467117
0,0,0.467657
0,0,0.476733
0,0,0.478712
0,0,0.483273
0,0,0.484952
0,0,0.490999
0,0,0.496137
0,0,0.500014
0,0,0.500301
0,0,0.502955
0,0,0.504385
0,0,0.504521
0,0,0.524028
0,0,0.52577
0,0,0.52714
0,0,0.536471
0,0,0.537134
0,0,0.537251
0,0,0.5398
0,0,0.553061
0,0,0.554829
0,0,0.575107
0,0,0.575308
0,0,0.578528
0,0,0.583042
0,0,0.595026
0,0,0.595619
0,0,0.596499
0,0,0.596926
0,0,0.612625
0,0,0.613732
0,0,0.654003
0,0,0.655935
0,0,0.659497
0,0,0.661338
0,0,0.670599
0,0,0.676189
0,0,0.681554
0,0,0.715493
0,0,0.719151
0,0,0.719928
0,0,0.731166
0,0,0.766146
0,0,0.844418
0,0,0.845851
0,0,0.89725
0,0,3
1,1.42681,1.46316
1,1.12559,1.14208
1,1.10207,1.10962
1,1.09113,1.15033
1,1.06174,1.09249
1,1.01905,1.40276
1,0.990328,1.15913
1,0.97116,1.05832
1,0.944407,0.990194
1,0.934054,1.00728
1,0.900463,1.21655
1,0.897341,0.905489
1,0.873476,0.962901
1,0.871866,0.953062
1,0.856098,1.25099
1,0.848527,0.934575
1,0.838979,1.04278
1,0.838607,1.10527
1,0.828173,0.835395
1,0.805168,0.881284
1,0.801444,1.12339
1,0.788116,0.85398
1,0.759339,1.57707
1,0.749427,0.796454
1,0.739648,0.75112
1,0.737099,0.768614
1,0.736068,0.752537
1,0.719343,0.799532
1,0.716534,0.751508
1,0.715302,0.754718
1,0.691472,0.799507
1,0.690471,0.69806
1,0.673409,0.778584
1,0.658779,0.663228
1,0.658197,0.739973
1,0.642714,0.647338
1,0.636454,0.63989
1,0.628479,0.644946
1,0.621209,0.767918
1,0.619987,0.865574
1,0.61404,0.658624
1,0.613083,0.689533
1,0.608505,0.631163
1,0.604225,0.680623
1,0.6001,0.707966
1,0.599904,0.821907
1,0.585743,0.601616
1,0.583644,0.622416
1,0.574594,1.05382
1,0.568642,0.57371
1,0.561284,0.564928
1,0.556558,0.670407
1,0.550622,0.561672
1,0.546789,0.584252
1,0.54057,0.661803
1,0.537852,0.576835
1,0.525372,0.81041
1,0.52341,0.576835
1,0.523165,0.549277
1,0.517681,0.792599
1,0.515983,0.552299
1,0.515354,0.615884
1,0.514927,0.70159
1,0.513624,0.676127
1,0.512406,0.669127
1,0.508581,0.53947
1,0.505625,0.543997
1,0.505425,0.518088
1,0.493813,0.615502
1,0.493664,0.692918
1,0.487893,0.488633
1,0.482944,0.493946
1,0.482771,0.530171
1,0.480913,0.585662
1,0.474515,0.4816
1,0.474127,0.484495
1,0.472992,0.483057
1,0.472657,0.707098
1,0.471642,0.533426
1,0.467769,0.521033
1,0.464435,0.466504
1,0.461462,0.563596
1,0.460553,1.16098
1,0.457685,0.496476
1,0.457299,0.471042
1,0.457065,0.487147
1,0.453518,0.730706
1,0.448638,0.715068
1,0.447887,0.453931
1,0.44648,0.461244
1,0.445433,0.499633
1,0.44195,0.962027
1,0.440438,0.585334
1,0.43972,0.513016
1,0.437168,0.500493
1,0.437167,0.559044
1,0.43681,0.444195
1,0.433142,0.47072
1,0.431899,0.556385
1,0.431091,0.437548
1,0.430829,0.442745
1,0.429572,0.443452
1,0.428602,0.703664
1,0.423756,0.455678
1,0.419541,0.52331
1,0.417391,0.4256
1,0.41514,0.530933
1,0.414561,0.421427
1,0.414033,0.631587
1,0.413822,0.436764
1,0.413456,1.16093
1,0.410088,0.76717
1,0.408928,0.727185
1,0.4066,0.411582
1,0.403665,0.442301
1,0.399258,0.416889
1,0.397404,0.402295
1,0.396289,0.521093
1,0.392994,0.416858
1,0.388906,0.444023
1,0.385181,0.413061
1,0.383679,0.390709
1,0.382984,0.544058
1,0.380562,0.481483
1,0.379598,0.390919
1,0.375403,0.42728
1,0.373014,0.389381
1,0.364379,0.520593
1,0.363667,0.497085
1,0.361252,0.441137
1,0.360051,0.462229
1,0.351767,0.409504
1,0.3502,0.410191
1,0.349772,0.373655
1,0.347581,0.444328
1,0.346236,0.378911
1,0.345059,0.414086
1,0.342704,0.401217
1,0.340315,0.502199
1,0.339533,0.356727
1,0.330428,0.331744
1,0.329494,0.383665
1,0.323754,0.336741
1,0.32245,0.439598
1,0.320705,0.376718
1,0.320177,0.32179
1,0.318186,0.389633
1,0.316976,0.317305
1,0.316936,0.334331
1,0.31566,0.383133
1,0.315129,0.33322
1,0.314786,0.489241
1,0.311958,0.328101
1,0.308882,0.317629
1,0.308452,0.441741
1,0.305461,0.490936
1,0.305367,0.323533
1,0.303314,0.341106
1,0.303061,0.308887
1,0.30146,0.336667
1,0.301384,0.319346
1,0.301086,0.335669
1,0.300504,0.342125
1,0.300011,0.307582
1,0.298674,0.339903
1,0.294882,0.320936
1,0.2914,0.360688
1,0.288597,0.330314
1,0.288473,0.412124
1,0.288438,0.382758
1,0.287484,0.329224
1,0.28573,0.288145
1,0.282515,0.302154
1,0.281518,0.380732
1,0.278999,0.311294
1,0.271115,0.287052
1,0.268843,0.278202
1,0.267948,0.278227
1,0.261159,0.266254
1,0.26097,0.415536
1,0.25823,0.33515
1,0.257773,0.262107
1,0.257146,0.323244
1,0.248749,0.278421
1,0.244488,0.280699
1,0.239674,0.240611
1,0.229695,0.25965
1,0.228118,0.230869
1,0.227611,0.230056
1,0.227596,0.246741
1,0.226982,0.296975
1,0.223391,0.25099
1,0.220995,0.258525
1,0.220974,0.240747
1,0.220361,0.24251
1,0.220252,0.264777
1,0.219617,0.278202
1,0.218485,0.220387
1,0.217802,0.258802
1,0.216348,0.227577
1,0.215779,0.234537
1,0.213576,0.217628
1,0.213473,0.259348
1,0.213047,0.224292
1,0.212966,0.231586
1,0.212639,0.234552
1,0.210619,0.246804
1,0.210105,0.21773
1,0.209996,0.239397
1,0.209428,0.23918
1,0.209244,0.212875
1,0.208051,0.220391
1,0.207873,0.270736
1,0.207195,0.213026
1,0.207134,0.25592
1,0.205621,0.228021
1,0.205547,0.234754
1,0.204743,0.234014
1,0.204028,0.218375
1,0.203529,0.239217
1,0.202115,0.244228
1,0.200246,0.212465
1,0.200197,0.205954
1,0.199185,0.199568
1,0.196392,0.280472
1,0.194328,0.263274
1,0.193549,0.229879
1,0.189764,0.197999
1,0.189536,0.197805
1,0.188087,0.205349
1,0.187506,0.188558
1,0.187089,0.222946
1,0.185572,0.22762
1,0.184438,0.240295
1,0.184221,0.189267
1,0.183646,0.355464
1,0.182721,0.187509
1,0.182628,0.193444
1,0.182243,0.236499
1,0.18204,0.209432
1,0.181329,0.20938
1,0.180751,0.189863
1,0.178194,0.183981
1,0.178086,0.19103
1,0.177667,0.185773
1,0.177327,0.182623
1,0.173757,0.235779
1,0.173441,0.20515
1,0.171635,0.186331
1,0.169073,0.193605
1,0.168683,0.18134
1,0.168563,0.169982
1,0.167948,0.179942
1,0.167902,0.192478
1,0.166371,0.186684
1,0.166111,0.186085
1,0.165997,0.207951
1,0.164916,0.210751
1,0.164758,0.184684
1,0.164646,0.175249
1,0.164461,0.177879
1,0.164349,0.176106
1,0.162619,0.214956
1,0.162425,0.164654
1,0.161693,0.202279
1,0.161342,0.165709
1,0.161308,0.171047
1,0.161129,0.177301
1,0.16102,0.224019
1,0.160756,0.185289
1,0.160609,0.17269
1,0.160007,0.224602
1,0.15856,0.208731
1,0.158196,0.186346
1,0.156776,0.19493
1,0.156744,0.180955
1,0.155316,0.181449
1,0.15529,0.230114
1,0.154657,0.158888
1,0.154,0.156241
1,0.153462,0.209472
1,0.153217,0.235378
1,0.151501,0.155715
1,0.151411,0.214463
1,0.150194,0.15363
1,0.150123,0.1606
1,0.149605,0.149929
1,0.148786,0.14901
1,0.147824,0.164026
1,0.146315,0.166674
1,0.145854,0.147257
1,0.145436,0.213926
1,0.145356,0.185363
1,0.145056,0.168586
1,0.144368,0.162671
1,0.144084,0.158827
1,0.143946,0.157315
1,0.142126,0.156838
1,0.14181,0.147257
1,0.140952,0.187424
1,0.140722,0.150978
1,0.140564,0.146701
1,0.136014,0.157482
1,0.133494,0.13486
1,0.132532,0.136387
1,0.132315,0.140253
1,0.131695,0.133339
1,0.130687,0.151732
1,0.129627,0.143353
1,0.129393,0.213515
1,0.129353,0.139558
1,0.128925,0.144734
1,0.12828,0.130068
1,0.127497,0.127959
1,0.125103,0.216812
1,0.125034,0.131562
1,0.12465,0.165117
1,0.12444,0.176721
1,0.124261,0.147355
1,0.12346,0.127969
1,0.1225,0.140268
1,0.121122,0.137042
1,0.11984,0.120417
1,0.119008,0.122771
1,0.118955,0.132567
1,0.118126,0.121311
1,0.118038,0.130135
1,0.117861,0.118001
1,0.117681,0.146953
1,0.117497,0.144449
1,0.117159,0.12501
1,0.117067,0.126029
1,0.115703,0.153255
1,0.115278,0.128984
1,0.114808,0.168506
1,0.114112,0.129034
1,0.112871,0.160372
1,0.112194,0.1149
1,0.111117,0.114901
1,0.110973,0.122235
1,0.110848,0.114901
1,0.110722,0.111273
1,0.110323,0.112343
1,0.109873,0.125681
1,0.109409,0.135925
1,0.109199,0.119646
1,0.108426,0.117851
1,0.107847,0.110401
1,0.107614,0.123196
1,0.106959,0.109855
1,0.106446,0.116823
1,0.105894,0.118589
1,0.105186,0.16215
1,0.105061,0.113572
1,0.104364,0.124402
1,0.103671,0.110825
1,0.103464,0.13435
1,0.103338,0.143969
1,0.102903,0.105104
1,0.102731,0.137035
1,0.102685,0.134186
1,0.102633,0.13209
1,0.10258,0.121522
1,0.10249,0.129766
1,0.10243,0.107141
1,0.101577,0.106431
1,0.100874,0.104488
1,0.100044,0.118992
1,0.0998878,0.103419
1,0.0995188,0.117406
1,0.0989679,0.107922
1,0.0985948,0.106431
1,0.0979922,0.147759
1,0.0971409,0.136758
1,0.09602,0.122181
1,0.0951909,0.142176
1,0.0937324,0.112586
1,0.0935596,0.120122
1,0.0934444,0.0952572
1,0.0931146,0.105715
1,0.0930038,0.118892
1,0.0927327,0.0991902
1,0.0900616,0.0922345
1,0.0890855,0.0922486
1,0.0884373,0.0985685
1,0.0882637,0.0928122
1,0.0878354,0.0929036
1,0.0868294,0.0912927
1,0.0861295,0.138768
1,0.0861118,0.0896008
1,0.0851538,0.103818
1,0.0826883,0.109747
1,0.0826485,0.104598
1,0.0823571,0.0850177
1,0.0820084,0.0943779
1,0.0819826,0.0914184
1,0.081418,0.0899104
1,0.0796016,0.0837922
1,0.0785546,0.0827574
1,0.0784072,0.0847232
1,0.0783264,0.0788996
1,0.0781275,0.0946335
1,0.078069,0.113869
1,0.0763482,0.0859396
1,0.0762978,0.0822894
1,0.076218,0.0872979
1,0.0760768,0.079692
1,0.0759917,0.0803026
1,0.0759393,0.0876963
1,0.0757233,0.0790671
1,0.0751909,0.0784929
1,0.0751559,0.0857595
1,0.0751326,0.083633
1,0.0748443,0.0756816
1,0.0745399,0.0907442
1,0.0744073,0.083344
1,0.0743706,0.0748993
1,0.0742415,0.0813549
1,0.0734573,0.0762098
1,0.0733936,0.0836994
1,0.0731422,0.0939324
1,0.0730632,0.0740815
1,0.0717601,0.0775291
1,0.0710867,0.0718762
1,0.0695463,0.0733389
1,0.0694634,0.0814446
1,0.0689894,0.0794495
1,0.0689209,0.0732029
1,0.0682323,0.0710869
1,0.0682025,0.0853984
1,0.0677488,0.0751905
1,0.0677078,0.0748993
1,0.0676145,0.0716605
1,0.0662307,0.0676415
1,0.0659172,0.0721986
1,0.0657414,0.0697776
1,0.0652825,0.0676337
1,0.065155,0.0712578
1,0.0643919,0.0948629
1,0.0639683,0.0755539
1,0.0635118,0.0718502
1,0.0627459,0.0681379
1,0.0625496,0.0711801
1,0.0622373,0.0746196
1,0.0614979,0.0779414
1,0.0605397,0.0713381
1,0.0604272,0.068962
1,0.0600978,0.0617052
1,0.0597929,0.0816802
1,0.0587039,0.0643494
1,0.057817,0.0588571
1,0.055817,0.0645458
1,0.05422,0.0642168
1,0.054019,0.0593538
1,0.0535686,0.0543762
1,0.0532267,0.0560561
1,0.0526145,0.0641054
1,0.0526032,0.0535566
1,0.0522753,0.0576066
1,0.0503996,0.0569826
1,0.0503898,0.0623385
1,0.0498191,0.0547088
1,0.0495523,0.053227
1,0.0488992,0.0573239
1,0.0478054,0.07155
1,0.0474385,0.0575338
1,0.0469134,0.0506027
1,0.0449388,0.0480325
1,0.0435554,0.0516313
1,0.0428485,0.044253
1,0.0419994,0.0461594
1,0.0383668,0.0388757
1,0.0369992,0.0381612
1,0.0368708,0.0379051
1,0.0280492,0.0309979
2,2.08782,2.18536
2,1.54547,1.5925
2,1.47024,1.49442
2,1.32107,1.33626
2,1.29857,1.33443
2,1.29725,1.32841
2,1.26632,1.27754
2,1.21484,1.29017
2,1.20066,1.22421
2,0.820116,0.836864
2,0.786604,0.797833
2,0.737752,0.793028
2,0.708433,0.758081
2,0.623676,0.62552
2,0.585824,0.608625
2,0.573881,0.585188
2,0.520593,0.582111
2,0.515793,0.538524
2,0.512435,0.51556
2,0.446877,0.469724
2,0.445272,0.456201
2,0.431094,0.478277
2,0.346609,0.350589
2,0.340731,0.348727
2,0.338698,0.353055
2,0.33114,0.340975
2,0.290042,0.290356
2,0.266889,0.271378
2,0.265449,0.269796
2,0.263782,0.283371
2,0.263382,0.271503
2,0.263268,0.288562
2,0.260278,0.262065
2,0.252323,0.264157
2,0.247502,0.250454
2,0.23284,0.237466
2,0.230691,0.246104
2,0.225038,0.241156
2,0.197992,0.20226
2,0.186485,0.188751
2,0.18345,0.202025
2,0.175404,0.183773
2,0.171761,0.179743
2,0.15892,0.174342
2,0.152397,0.152793
2,0.151705,0.167707
2,0.145258,0.147322
2,0.141877,0.150911
2,0.123557,0.12375
2,0.121533,0.123548
2,0.118033,0.120143
2,0.110584,0.122778
2,0.105197,0.108878
2,0.0960327,0.0965284
2,0.0944568,0.0952741
2,0.0942162,0.101654
2,0.0871945,0.0957671
2,0.0819262,0.0871624
2,0.0657207,0.0718231
