point cloud with 604 points in dimension 3
0,0,0.00281629
0,0,0.00669235
0,0,0.00671889
0,0,0.00682748
0,0,0.011032
0,0,0.0127905
0,0,0.0133379
0,0,0.0141086
0,0,0.0153434
0,0,0.0154109
0,0,0.0159908
0,0,0.0171501
0,0,0.0172376
0,0,0.0174294
0,0,0.0175729
0,0,0.0183796
0,0,0.0188609
0,0,0.019466
0,0,0.0200149
0,0,0.0205886
0,0,0.0208939
0,0,0.0210082
0,0,0.0210497
0,0,0.0214051
0,0,0.0220006
0,0,0.0224519
0,0,0.0225246
0,0,0.0229315
0,0,0.0238218
0,0,0.0238312
0,0,0.0242293
0,0,0.0242948
0,0,0.0248641
0,0,0.0252587
0,0,0.025276
0,0,0.0253832
0,0,0.0258669
0,0,0.0259034
0,0,0.0262655
0,0,0.0268202
0,0,0.0268983
0,0,0.0277277
0,0,0.0278045
0,0,0.0281313
0,0,0.0283778
0,0,0.0284654
0,0,0.0285136
0,0,0.0287072
0,0,0.0288859
0,0,0.0294602
0,0,0.0297448
0,0,0.0298372
0,0,0.0298525
0,0,0.030143
0,0,0.0305558
0,0,0.0305723
0,0,0.0307042
0,0,0.0314374
0,0,0.0315464
0,0,0.0315649
0,0,0.0320311
0,0,0.0323485
0,0,0.0324367
0,0,0.0324598
0,0,0.0331149
0,0,0.0332651
0,0,0.0343605
0,0,0.0349295
0,0,0.0353383
0,0,0.0355029
0,0,0.0355965
0,0,0.0356119
0,0,0.0356259
0,0,0.037183
0,0,0.0371889
0,0,0.0374634
0,0,0.0374787
0,0,0.0375862
0,0,0.0376245
0,0,0.0380262
0,0,0.0387098
0,0,0.0389132
0,0,0.0389291
0,0,0.0389707
0,0,0.0392147
0,0,0.0399519
0,0,0.0401069
0,0,0.0410918
0,0,0.0412209
0,0,0.0412326
0,0,0.0412391
0,0,0.0414834
0,0,0.041846
0,0,0.0421009
0,0,0.0421364
0,0,0.0423211
0,0,0.0423427
0,0,0.042619
0,0,0.0427009
0,0,0.0429542
0,0,0.0434097
0,0,0.0437332
0,0,0.0438054
0,0,0.0438988
0,0,0.0446655
0,0,0.0459091
0,0,0.0465995
0,0,0.0467398
0,0,0.047607
0,0,0.0476667
0,0,0.0482438
0,0,0.0489027
0,0,0.0490133
0,0,0.0494368
0,0,0.0498339
0,0,0.0498469
0,0,0.0503093
0,0,0.0506633
0,0,0.0511071
0,0,0.0511908
0,0,0.0514313
0,0,0.0515687
0,0,0.052024
0,0,0.0539376
0,0,0.0542921
0,0,0.0546254
0,0,0.0551534
0,0,0.055791
0,0,0.0559526
0,0,0.0562764
0,0,0.0564873
0,0,0.0565174
0,0,0.0566566
0,0,0.0567608
0,0,0.0572447
0,0,0.0572762
0,0,0.0576614
0,0,0.0581445
0,0,0.0587503
0,0,0.0590441
0,0,0.0592199
0,0,0.0597501
0,0,0.0602321
0,0,0.0605429
0,0,0.0606212
0,0,0.0616412
0,0,0.0617081
0,0,0.0619277
0,0,0.0623411
0,0,0.0630172
0,0,0.0632956
0,0,0.0643898
0,0,0.0644686
0,0,0.0654341
0,0,0.0654547
0,0,0.065742
0,0,0.0659542
0,0,0.0660391
0,0,0.0662231
0,0,0.0664219
0,0,0.0664986
0,0,0.0669683
0,0,0.067475
0,0,0.0681704
0,0,0.0682797
0,0,0.0684725
0,0,0.0686131
0,0,0.0691355
0,0,0.0693086
0,0,0.0694389
0,0,0.0694534
0,0,0.0700829
0,0,0.0704268
0,0,0.0737221
0,0,0.0737545
0,0,0.0742131
0,0,0.0743854
0,0,0.0745185
0,0,0.0746251
0,0,0.075912
0,0,0.0762888
0,0,0.0765595
0,0,0.0766193
0,0,0.0771085
0,0,0.0771841
0,0,0.0774657
0,0,0.0777731
0,0,0.0781588
0,0,0.0781863
0,0,0.0787372
0,0,0.0787578
0,0,0.0788423
0,0,0.0789142
0,0,0.0801656
0,0,0.0809929
0,0,0.0810183
0,0,0.082334
0,0,0.082607
0,0,0.0827072
0,0,0.0829297
0,0,0.0837426
0,0,0.0841669
0,0,0.0845275
0,0,0.0845571
0,0,0.0851946
0,0,0.0852849
0,0,0.0853997
0,0,0.0870082
0,0,0.0879894
0,0,0.0880651
0,0,0.0886493
0,0,0.0899805
0,0,0.0911647
0,0,0.0914802
0,0,0.0922521
0,0,0.0923442
0,0,0.0935488
0,0,0.0936237
0,0,0.0936392
0,0,0.0939067
0,0,0.0939309
0,0,0.0942501
0,0,0.094769
0,0,0.0959933
0,0,0.0960449
0,0,0.0968516
0,0,0.09689
0,0,0.0969255
0,0,0.0971825
0,0,0.0972529
0,0,0.0979262
0,0,0.0979466
0,0,0.098566
0,0,0.0987501
0,0,0.0995434
0,0,0.0995983
0,0,0.0996527
0,0,0.0996942
0,0,0.100074
0,0,0.101505
0,0,0.101576
0,0,0.10333
0,0,0.104283
0,0,0.104512
0,0,0.104617
0,0,0.105245
0,0,0.10564
0,0,0.107478
0,0,0.107483
0,0,0.107718
0,0,0.108058
0,0,0.108103
0,0,0.108324
0,0,0.108377
0,0,0.109192
0,0,0.109195
0,0,0.109384
0,0,0.111357
0,0,0.111479
0,0,0.111844
0,0,0.112561
0,0,0.113204
0,0,0.113432
0,0,0.115087
0,0,0.115977
0,0,0.116097
0,0,0.11656
0,0,0.116772
0,0,0.116972
0,0,0.118044
0,0,0.118321
0,0,0.118469
0,0,0.120333
0,0,0.121962
0,0,0.122324
0,0,0.122401
0,0,0.123427
0,0,0.123799
0,0,0.124539
0,0,0.124556
0,0,0.125288
0,0,0.12547
0,0,0.125706
0,0,0.125914
0,0,0.12746
0,0,0.128153
0,0,0.130311
0,0,0.130333
0,0,0.13084
0,0,0.13191
0,0,0.132887
0,0,0.133021
0,0,0.133299
0,0,0.13619
0,0,0.136544
0,0,0.137067
0,0,0.13724
0,0,0.138006
0,0,0.1386
0,0,0.138718
0,0,0.138826
0,0,0.139099
0,0,0.13992
0,0,0.142305
0,0,0.144321
0,0,0.144473
0,0,0.144927
0,0,0.144966
0,0,0.145865
0,0,0.146664
0,0,0.147894
0,0,0.14828
0,0,0.148686
0,0,0.149242
0,0,0.149809
0,0,0.152899
0,0,0.15413
0,0,0.154661
0,0,0.155627
0,0,0.155743
0,0,0.155814
0,0,0.157128
0,0,0.157221
0,0,0.157374
0,0,0.157809
0,0,0.158464
0,0,0.15863
0,0,0.158735
0,0,0.159804
0,0,0.159945
0,0,0.160172
0,0,0.162413
0,0,0.162759
0,0,0.16398
0,0,0.164013
0,0,0.164015
0,0,0.16413
0,0,0.165462
0,0,0.165888
0,0,0.165952
0,0,0.166279
0,0,0.166414
0,0,0.166701
0,0,0.166744
0,0,0.167102
0,0,0.167149
0,0,0.167178
0,0,0.168462
0,0,0.168512
0,0,0.169251
0,0,0.169834
0,0,0.170327
0,0,0.171118
0,0,0.171561
0,0,0.172748
0,0,0.174296
0,0,0.174792
0,0,0.174807
0,0,0.175072
0,0,0.175696
0,0,0.176331
0,0,0.17656
0,0,0.180363
0,0,0.180728
0,0,0.181087
0,0,0.182
0,0,0.182111
0,0,0.182333
0,0,0.183217
0,0,0.184413
0,0,0.184532
0,0,0.185385
0,0,0.187116
0,0,0.187252
0,0,0.187449
0,0,0.187976
0,0,0.189271
0,0,0.189685
0,0,0.190672
0,0,0.191053
0,0,0.191304
0,0,0.192467
0,0,0.192691
0,0,0.193787
0,0,0.194791
0,0,0.195911
0,0,0.195969
0,0,0.197149
0,0,0.197292
0,0,0.198724
0,0,0.199235
0,0,0.199526
0,0,0.19957
0,0,0.201984
0,0,0.202055
0,0,0.203027
0,0,0.203185
0,0,0.203571
0,0,0.203932
0,0,0.204117
0,0,0.20441
0,0,0.205239
0,0,0.205369
0,0,0.206487
0,0,0.206942
0,0,0.208389
0,0,0.209995
0,0,0.210055
0,0,0.210701
0,0,0.210793
0,0,0.211974
0,0,0.212645
0,0,0.213163
0,0,0.214125
0,0,0.214153
0,0,0.214948
0,0,0.216003
0,0,0.218265
0,0,0.218961
0,0,0.220753
0,0,0.221517
0,0,0.222947
0,0,0.223242
0,0,0.226505
0,0,0.22762
0,0,0.228004
0,0,0.230106
0,0,0.230428
0,0,0.231923
0,0,0.233684
0,0,0.235426
0,0,0.238278
0,0,0.238671
0,0,0.239297
0,0,0.241028
0,0,0.242342
0,0,0.244171
0,0,0.24426
0,0,0.245914
0,0,0.246788
0,0,0.249207
0,0,0.249856
0,0,0.25047
0,0,0.250951
0,0,0.251682
0,0,0.252704
0,0,0.254107
0,0,0.254657
0,0,0.254929
0,0,0.255132
0,0,0.257505
0,0,0.25907
0,0,0.259444
0,0,0.259515
0,0,0.259976
0,0,0.260485
0,0,0.261579
0,0,0.262628
0,0,0.262646
0,0,0.264056
0,0,0.265268
0,0,0.265631
0,0,0.268009
0,0,0.268497
0,0,0.268601
0,0,0.268648
0,0,0.268754
0,0,0.26909
0,0,0.269108
0,0,0.269945
0,0,0.269987
0,0,0.272004
0,0,0.272397
0,0,0.27521
0,0,0.27538
0,0,0.275598
0,0,0.276406
0,0,0.281375
0,0,0.28162
0,0,0.282148
0,0,0.282468
0,0,0.28248
0,0,0.285276
0,0,0.286458
0,0,0.290952
0,0,0.291355
0,0,0.294972
0,0,0.297122
0,0,0.297324
0,0,0.299757
0,0,0.301332
0,0,0.301812
0,0,0.305425
0,0,0.307547
0,0,0.309154
0,0,0.310651
0,0,0.312357
0,0,0.312836
0,0,0.313038
0,0,0.313307
0,0,0.313623
0,0,0.314983
0,0,0.32174
0,0,0.321818
0,0,0.322521
0,0,0.322707
0,0,0.322941
0,0,0.325983
0,0,0.327362
0,0,0.327974
0,0,0.33027
0,0,0.330374
0,0,0.334799
0,0,0.338426
0,0,0.341739
0,0,0.344242
0,0,0.3466
0,0,0.347526
0,0,0.348893
0,0,0.354186
0,0,0.35446
0,0,0.355122
0,0,0.35609
0,0,0.359694
0,0,0.360177
0,0,0.365239
0,0,0.368289
0,0,0.37073
0,0,0.371106
0,0,0.37308
0,0,0.373812
0,0,0.375434
0,0,0.376333
0,0,0.376743
0,0,0.379227
0,0,0.380411
0,0,0.387896
0,0,0.389859
0,0,0.390893
0,0,0.392131
0,0,0.392782
0,0,0.397693
0,0,0.408749
0,0,0.408794
0,0,0.412176
0,0,0.415996
0,0,0.416532
0,0,0.418351
0,0,0.419739
0,0,0.423329
0,0,0.424032
0,0,0.42604
0,0,0.42691
0,0,0.427805
0,0,0.428307
0,0,0.428994
0,0,0.43089
0,0,0.432172
0,0,0.436102
0,0,0.436311
0,0,0.445503
0,0,0.446134
0,0,0.447691
0,0,0.451935
0,0,0.45234
0,0,0.457404
0,0,0.458734
0,0,0.465455
0,0,0.478422
0,0,0.484718
0,0,0.488383
0,0,0.492853
0,0,0.498178
0,0,0.500955
0,0,0.503806
0,0,0.512527
0,0,0.516175
0,0,0.520465
0,0,0.531652
0,0,0.543751
0,0,0.545975
0,0,0.548733
0,0,0.554021
0,0,0.555526
0,0,0.562949
0,0,0.574678
0,0,0.57568
0,0,0.594531
0,0,0.594628
0,0,0.622075
0,0,0.624679
0,0,0.635745
0,0,0.644607
0,0,0.649508
0,0,0.653621
0,0,0.717565
0,0,0.73295
0,0,0.801425
0,0,0.843737
0,0,0.857378
0,0,0.917977
0,0,0.933114
0,0,1.01739
0,0,3
1,1.76493,1.79058
1,1.12734,1.40314
1,1.11375,1.2512
1,1.05426,1.19656
1,1.03007,1.16943
1,1.01898,1.16817
1,1.00047,1.24183
1,0.964219,0.984099
1,0.961167,1.54234
1,0.95769,1.18937
1,0.945909,1.05172
1,0.925653,0.93782
1,0.912156,0.913371
1,0.886861,0.965706
1,0.796576,1.08507
1,0.740106,0.795399
1,0.691525,0.81128
1,0.674565,0.685571
1,0.669629,1.12015
1,0.65472,0.792708
1,0.650157,0.703578
1,0.636895,0.659833
1,0.625163,1.33434
1,0.615896,0.671202
1,0.596808,0.60219
1,0.594826,0.654662
1,0.591142,1.10112
1,0.58054,0.587688
1,0.580517,0.637333
1,0.578248,0.592835
1,0.577328,0.58098
1,0.576979,0.814412
1,0.569013,0.707534
1,0.568604,0.589256
1,0.566664,0.61954
1,0.550428,0.579865
1,0.540459,0.757048
1,0.533301,0.854727
1,0.510894,0.600074
1,0.507941,0.588893
1,0.490288,0.921426
1,0.48664,0.728111
1,0.485106,0.512229
1,0.461507,0.471525
1,0.460533,0.893928
1,0.446364,0.463423
1,0.441776,0.453637
1,0.441042,0.50484
1,0.428948,0.50193
1,0.413228,0.521371
1,0.410988,0.607144
1,0.4059,0.442063
1,0.39657,0.529331
1,0.3923,0.438828
1,0.376864,0.417818
1,0.364549,0.370429
1,0.348586,0.442643
1,0.330329,0.365105
1,0.317122,0.321633
1,0.312628,0.321192
1,0.30646,0.318609
1,0.294335,0.302858
1,0.276665,0.289271
1,0.274571,0.348895
1,0.217045,0.254715
1,0.206375,0.222831
1,0.204276,0.216997
1,0.181996,0.201221
1,0.180998,0.197513
1,0.17212,0.186478
1,0.170473,0.205681
1,0.167231,0.207333
1,0.164566,0.218776
1,0.141351,0.16054
1,0.137342,0.167209
1,0.133454,0.138108
1,0.130419,0.130838
1,0.130034,0.131857
1,0.123525,0.126286
1,0.118907,0.137777
1,0.117202,0.178405
1,0.112229,0.127027
1,0.109828,0.111572
1,0.107963,0.127935
1,0.107374,0.127611
1,0.104317,0.125305
1,0.10039,0.121294
1,0.0979539,0.105854
1,0.0906149,0.115586
1,0.0890962,0.0920916
1,0.0828544,0.0998696
1,0.066689,0.06708
1,0.0641364,0.0669065
1,0.0634188,0.0639131
1,0.0568301,0.0597205
1,0.0547164,0.0561112
1,0.0512475,0.055601
1,0.0475857,0.0513099
1,0.0454918,0.0489132
1,0.045202,0.0457827
1,0.0430015,0.0473735
1,0.0344122,0.0475339
1,0.0315222,0.0344109
2,1.59181,1.6082
2,1.12338,1.13807
2,0.85507,0.885938
2,0.129809,0.131211
2,0.0642597,0.0691401
