point cloud with 1465 points in dimension 3
0,0,0.00588738
0,0,0.00625789
0,0,0.00757824
0,0,0.00767384
0,0,0.00825004
0,0,0.00866317
0,0,0.00908048
0,0,0.00969002
0,0,0.00997897
0,0,0.00999146
0,0,0.0102802
0,0,0.0103277
0,0,0.0104756
0,0,0.0104957
0,0,0.0107527
0,0,0.0111415
0,0,0.0112716
0,0,0.011569
0,0,0.011695
0,0,0.0122872
0,0,0.0123121
0,0,0.0125795
0,0,0.0129842
0,0,0.0132818
0,0,0.0134887
0,0,0.0135522
0,0,0.0136269
0,0,0.0140154
0,0,0.0143846
0,0,0.0146971
0,0,0.0151603
0,0,0.0154581
0,0,0.0155481
0,0,0.0156518
0,0,0.015748
0,0,0.015757
0,0,0.016112
0,0,0.0161298
0,0,0.016968
0,0,0.0170876
0,0,0.0171704
0,0,0.0175843
0,0,0.0176817
0,0,0.0177334
0,0,0.0181663
0,0,0.0182316
0,0,0.0185361
0,0,0.0185589
0,0,0.0188866
0,0,0.0194419
0,0,0.0194493
0,0,0.019478
0,0,0.0195964
0,0,0.0197229
0,0,0.0197286
0,0,0.0198078
0,0,0.0198201
0,0,0.0198838
0,0,0.0198912
0,0,0.0201376
0,0,0.0206825
0,0,0.0207267
0,0,0.020788
0,0,0.0208956
0,0,0.0210562
0,0,0.0211505
0,0,0.0214258
0,0,0.0216783
0,0,0.0218028
0,0,0.0219038
0,0,0.0221472
0,0,0.0221496
0,0,0.0221935
0,0,0.0223467
0,0,0.0224546
0,0,0.02247
0,0,0.022534
0,0,0.0225851
0,0,0.0227771
0,0,0.0228017
0,0,0.0228189
0,0,0.0228781
0,0,0.0229601
0,0,0.0230505
0,0,0.0230599
0,0,0.0230991
0,0,0.0231631
0,0,0.0233185
0,0,0.0236242
0,0,0.0236259
0,0,0.0236783
0,0,0.0236939
0,0,0.0237717
0,0,0.0240519
0,0,0.0241121
0,0,0.0242319
0,0,0.024324
0,0,0.0246449
0,0,0.0247294
0,0,0.024812
0,0,0.0248535
0,0,0.0248632
0,0,0.0248712
0,0,0.0249179
0,0,0.0251085
0,0,0.0254509
0,0,0.0257726
0,0,0.0259351
0,0,0.0260067
0,0,0.0260526
0,0,0.0260682
0,0,0.0261792
0,0,0.0263847
0,0,0.026424
0,0,0.0264608
0,0,0.0265058
0,0,0.0265381
0,0,0.0267805
0,0,0.0268212
0,0,0.0268347
0,0,0.0270501
0,0,0.0271208
0,0,0.0271356
0,0,0.0272545
0,0,0.0274175
0,0,0.0274995
0,0,0.0275183
0,0,0.0275859
0,0,0.0276154
0,0,0.0277083
0,0,0.0278246
0,0,0.027838
0,0,0.028001
0,0,0.028036
0,0,0.0280662
0,0,0.0280965
0,0,0.0282335
0,0,0.0282893
0,0,0.0283314
0,0,0.0283501
0,0,0.0284339
0,0,0.0284499
0,0,0.0285557
0,0,0.0285843
0,0,0.0287514
0,0,0.0288058
0,0,0.0289602
0,0,0.0290152
0,0,0.0291367
0,0,0.0291555
0,0,0.0293118
0,0,0.0293522
0,0,0.0293959
0,0,0.0294427
0,0,0.0294792
0,0,0.0295615
0,0,0.0297076
0,0,0.0297526
0,0,0.029788
0,0,0.0299991
0,0,0.0300118
0,0,0.0301783
0,0,0.0302328
0,0,0.0302927
0,0,0.0305754
0,0,0.0307041
0,0,0.0307054
0,0,0.0307278
0,0,0.0308021
0,0,0.0309023
0,0,0.0310895
0,0,0.0312351
0,0,0.0313442
0,0,0.0314393
0,0,0.0318159
0,0,0.0318272
0,0,0.0319051
0,0,0.0319657
0,0,0.0321538
0,0,0.0323004
0,0,0.0324815
0,0,0.0325034
0,0,0.0326207
0,0,0.0328141
0,0,0.0331191
0,0,0.0332235
0,0,0.033279
0,0,0.0333232
0,0,0.0334558
0,0,0.0334619
0,0,0.033532
0,0,0.0335572
0,0,0.0336652
0,0,0.0337059
0,0,0.0338522
0,0,0.0338556
0,0,0.0340142
0,0,0.0340244
0,0,0.0340948
0,0,0.0341331
0,0,0.0341706
0,0,0.0342202
0,0,0.0342653
0,0,0.0343464
0,0,0.0343849
0,0,0.0345498
0,0,0.0345681
0,0,0.0346172
0,0,0.0347098
0,0,0.0347759
0,0,0.0348316
0,0,0.0348522
0,0,0.0349299
0,0,0.0349475
0,0,0.0350007
0,0,0.0350758
0,0,0.0351348
0,0,0.0351581
0,0,0.0354272
0,0,0.0354663
0,0,0.0355892
0,0,0.0356469
0,0,0.0359342
0,0,0.0359728
0,0,0.0361299
0,0,0.0365703
0,0,0.0366257
0,0,0.0366423
0,0,0.0366617
0,0,0.0366681
0,0,0.0366953
0,0,0.0367676
0,0,0.0368181
0,0,0.0368194
0,0,0.0368301
0,0,0.0368619
0,0,0.0368843
0,0,0.0369521
0,0,0.0370002
0,0,0.0371033
0,0,0.037189
0,0,0.037197
0,0,0.0372211
0,0,0.0372842
0,0,0.0373316
0,0,0.0373634
0,0,0.0376127
0,0,0.0376388
0,0,0.0379794
0,0,0.0380466
0,0,0.0381191
0,0,0.0382838
0,0,0.0383421
0,0,0.0383991
0,0,0.0384031
0,0,0.0384229
0,0,0.0384729
0,0,0.0385358
0,0,0.0385986
0,0,0.0387659
0,0,0.0388383
0,0,0.0389844
0,0,0.0390333
0,0,0.0391056
0,0,0.0391362
0,0,0.0391987
0,0,0.0392183
0,0,0.0392513
0,0,0.0393473
0,0,0.0393486
0,0,0.039362
0,0,0.0395977
0,0,0.0396188
0,0,0.0396517
0,0,0.0397534
0,0,0.039818
0,0,0.0402072
0,0,0.0402417
0,0,0.0403587
0,0,0.0404006
0,0,0.0405207
0,0,0.0405475
0,0,0.0405691
0,0,0.04071
0,0,0.0408532
0,0,0.0410274
0,0,0.0411757
0,0,0.0412499
0,0,0.0412672
0,0,0.0413596
0,0,0.0414378
0,0,0.0416226
0,0,0.0417445
0,0,0.0418217
0,0,0.0420317
0,0,0.0420679
0,0,0.0420887
0,0,0.0421488
0,0,0.0422987
0,0,0.0425069
0,0,0.0425111
0,0,0.0425969
0,0,0.0428608
0,0,0.0429173
0,0,0.0429853
0,0,0.0431013
0,0,0.0431389
0,0,0.0431439
0,0,0.0432901
0,0,0.0433364
0,0,0.0434166
0,0,0.0435216
0,0,0.0435525
0,0,0.0437967
0,0,0.0438261
0,0,0.043957
0,0,0.0440647
0,0,0.0444088
0,0,0.044608
0,0,0.0446143
0,0,0.0446596
0,0,0.0447188
0,0,0.0447816
0,0,0.0448735
0,0,0.0450272
0,0,0.0450586
0,0,0.0451587
0,0,0.0451787
0,0,0.0453337
0,0,0.0453804
0,0,0.0455474
0,0,0.0456251
0,0,0.0456559
0,0,0.0457302
0,0,0.0457752
0,0,0.0458836
0,0,0.0461439
0,0,0.0462368
0,0,0.0466349
0,0,0.0466541
0,0,0.0466685
0,0,0.0466974
0,0,0.0467464
0,0,0.0467473
0,0,0.0468008
0,0,0.0468616
0,0,0.0469335
0,0,0.0470171
0,0,0.0471307
0,0,0.0472152
0,0,0.0472753
0,0,0.0472865
0,0,0.047331
0,0,0.0473424
0,0,0.0473626
0,0,0.0473747
0,0,0.0474935
0,0,0.047523
0,0,0.0475602
0,0,0.0477243
0,0,0.0479967
0,0,0.0480257
0,0,0.0482177
0,0,0.048337
0,0,0.0483432
0,0,0.0483596
0,0,0.0483621
0,0,0.0485145
0,0,0.0485714
0,0,0.0485862
0,0,0.0486773
0,0,0.048765
0,0,0.0487899
0,0,0.0487967
0,0,0.048926
0,0,0.0490261
0,0,0.0490285
0,0,0.0493335
0,0,0.0493908
0,0,0.0494351
0,0,0.0494954
0,0,0.0495927
0,0,0.0497422
0,0,0.0497691
0,0,0.0497939
0,0,0.0499578
0,0,0.0500468
0,0,0.0501831
0,0,0.0501928
0,0,0.0502448
0,0,0.050405
0,0,0.0504092
0,0,0.0504884
0,0,0.0504889
0,0,0.0505794
0,0,0.0506442
0,0,0.050767
0,0,0.0509062
0,0,0.0509724
0,0,0.0510308
0,0,0.0510942
0,0,0.0511269
0,0,0.0512494
0,0,0.0513075
0,0,0.0513424
0,0,0.0514514
0,0,0.0515696
0,0,0.0516117
0,0,0.0518208
0,0,0.0519943
0,0,0.0521966
0,0,0.0523391
0,0,0.0523964
0,0,0.0524217
0,0,0.0525255
0,0,0.0526264
0,0,0.0526342
0,0,0.0527028
0,0,0.0527285
0,0,0.0529048
0,0,0.0530042
0,0,0.0530703
0,0,0.0530984
0,0,0.0532979
0,0,0.0534179
0,0,0.0535545
0,0,0.0535698
0,0,0.0539831
0,0,0.0541555
0,0,0.054166
0,0,0.054305
0,0,0.0545663
0,0,0.0547329
0,0,0.0548006
0,0,0.0549486
0,0,0.055031
0,0,0.0550772
0,0,0.055096
0,0,0.0551621
0,0,0.0551808
0,0,0.0552708
0,0,0.0552766
0,0,0.0555749
0,0,0.0555895
0,0,0.0557086
0,0,0.0557771
0,0,0.0559597
0,0,0.0560153
0,0,0.056075
0,0,0.0562226
0,0,0.0562556
0,0,0.0563143
0,0,0.0565529
0,0,0.0567485
0,0,0.0568695
0,0,0.0571981
0,0,0.0573887
0,0,0.0577277
0,0,0.0577376
0,0,0.0578182
0,0,0.0578498
0,0,0.0579229
0,0,0.0580892
0,0,0.0581483
0,0,0.0585594
0,0,0.058615
0,0,0.058921
0,0,0.0590828
0,0,0.0591344
0,0,0.0591726
0,0,0.0592713
0,0,0.0592986
0,0,0.0594231
0,0,0.0595203
0,0,0.0595308
0,0,0.0595854
0,0,0.0596734
0,0,0.0599782
0,0,0.0600133
0,0,0.0600482
0,0,0.0601065
0,0,0.0601664
0,0,0.0601848
0,0,0.0602016
0,0,0.0603537
0,0,0.060489
0,0,0.0605212
0,0,0.0605339
0,0,0.0606183
0,0,0.0606468
0,0,0.0606645
0,0,0.0609349
0,0,0.0609803
0,0,0.0611075
0,0,0.0611295
0,0,0.0611528
0,0,0.0612756
0,0,0.0615666
0,0,0.0618799
0,0,0.0618866
0,0,0.0618949
0,0,0.0619292
0,0,0.0620006
0,0,0.0620353
0,0,0.0620489
0,0,0.0621559
0,0,0.062211
0,0,0.0622738
0,0,0.0623051
0,0,0.0624977
0,0,0.0627374
0,0,0.0627528
0,0,0.0628333
0,0,0.0631779
0,0,0.0631852
0,0,0.0631889
0,0,0.0634196
0,0,0.0634507
0,0,0.0636219
0,0,0.0636235
0,0,0.0636958
0,0,0.0637075
0,0,0.0640667
0,0,0.0641223
0,0,0.0645746
0,0,0.0650396
0,0,0.0650539
0,0,0.0650576
0,0,0.0654156
0,0,0.0654599
0,0,0.0654728
0,0,0.0655655
0,0,0.0655918
0,0,0.0656269
0,0,0.0656392
0,0,0.0659545
0,0,0.0659775
0,0,0.0660667
0,0,0.0664359
0,0,0.0666057
0,0,0.0666786
0,0,0.0667227
0,0,0.0667546
0,0,0.0668105
0,0,0.0668228
0,0,0.0668756
0,0,0.0670302
0,0,0.0671079
0,0,0.0673195
0,0,0.0674699
0,0,0.0675082
0,0,0.0675127
0,0,0.067542
0,0,0.0676585
0,0,0.0677046
0,0,0.0681957
0,0,0.0682679
0,0,0.0683566
0,0,0.0683843
0,0,0.0685503
0,0,0.0685561
0,0,0.0685657
0,0,0.0685852
0,0,0.068624
0,0,0.0686753
0,0,0.0691884
0,0,0.0691905
0,0,0.069237
0,0,0.069343
0,0,0.0693698
0,0,0.0694271
0,0,0.0694804
0,0,0.0695182
0,0,0.0696227
0,0,0.0696287
0,0,0.0696599
0,0,0.069854
0,0,0.0698654
0,0,0.0699589
0,0,0.0699893
0,0,0.0702287
0,0,0.0702894
0,0,0.0703468
0,0,0.0706571
0,0,0.0707598
0,0,0.0708748
0,0,0.0710149
0,0,0.0710211
0,0,0.0714675
0,0,0.0715176
0,0,0.0715187
0,0,0.0718035
0,0,0.0718341
0,0,0.0718355
0,0,0.0720508
0,0,0.0722323
0,0,0.0723416
0,0,0.0723727
0,0,0.0724581
0,0,0.072523
0,0,0.0726312
0,0,0.072635
0,0,0.0726425
0,0,0.0726499
0,0,0.0726604
0,0,0.0729761
0,0,0.0729783
0,0,0.0729869
0,0,0.0729932
0,0,0.0729944
0,0,0.0730462
0,0,0.073286
0,0,0.0733025
0,0,0.0736844
0,0,0.0737639
0,0,0.0737678
0,0,0.0739355
0,0,0.0739619
0,0,0.073987
0,0,0.0741395
0,0,0.0746388
0,0,0.0747771
0,0,0.0749344
0,0,0.0749371
0,0,0.0755161
0,0,0.0756171
0,0,0.075747
0,0,0.0757472
0,0,0.0759026
0,0,0.076126
0,0,0.0763488
0,0,0.0765572
0,0,0.0768626
0,0,0.0770311
0,0,0.0772437
0,0,0.0774736
0,0,0.0774999
0,0,0.0775832
0,0,0.0776277
0,0,0.0777347
0,0,0.0777899
0,0,0.0778225
0,0,0.0780384
0,0,0.07815
0,0,0.0783319
0,0,0.0784898
0,0,0.0786892
0,0,0.0789543
0,0,0.0790338
0,0,0.0796131
0,0,0.0796785
0,0,0.0797589
0,0,0.0797821
0,0,0.0798305
0,0,0.0798553
0,0,0.0799189
0,0,0.0799761
0,0,0.0800855
0,0,0.0802271
0,0,0.0803562
0,0,0.0806212
0,0,0.0806443
0,0,0.0806889
0,0,0.0807246
0,0,0.0811603
0,0,0.0812197
0,0,0.0812421
0,0,0.0813593
0,0,0.0814102
0,0,0.0815188
0,0,0.0818535
0,0,0.0818545
0,0,0.0819854
0,0,0.08207
0,0,0.0822745
0,0,0.0824147
0,0,0.0824164
0,0,0.0824917
0,0,0.0828034
0,0,0.082996
0,0,0.0834475
0,0,0.0834552
0,0,0.0834978
0,0,0.083671
0,0,0.0836824
0,0,0.0837883
0,0,0.0838164
0,0,0.0840394
0,0,0.0841127
0,0,0.0841397
0,0,0.0843027
0,0,0.084581
0,0,0.084699
0,0,0.0848893
0,0,0.0851178
0,0,0.0851742
0,0,0.0853623
0,0,0.0855203
0,0,0.0859122
0,0,0.0859281
0,0,0.0859512
0,0,0.0859693
0,0,0.0859965
0,0,0.0861762
0,0,0.086196
0,0,0.0862889
0,0,0.0862927
0,0,0.0864933
0,0,0.0865864
0,0,0.0866026
0,0,0.0866387
0,0,0.0873266
0,0,0.0873804
0,0,0.0877398
0,0,0.0880381
0,0,0.0882311
0,0,0.0883557
0,0,0.0883982
0,0,0.0884445
0,0,0.0885373
0,0,0.088589
0,0,0.089113
0,0,0.0898046
0,0,0.0900535
0,0,0.0901201
0,0,0.0901691
0,0,0.0902747
0,0,0.0902979
0,0,0.0904019
0,0,0.0904638
0,0,0.0908725
0,0,0.0909043
0,0,0.0909989
0,0,0.0910753
0,0,0.0910985
0,0,0.0911922
0,0,0.0912023
0,0,0.0913012
0,0,0.0913647
0,0,0.091402
0,0,0.0914378
0,0,0.091698
0,0,0.0920672
0,0,0.092276
0,0,0.0923609
0,0,0.0926216
0,0,0.0926512
0,0,0.092777
0,0,0.0927828
0,0,0.0928024
0,0,0.0929214
0,0,0.0929851
0,0,0.0930737
0,0,0.0931489
0,0,0.0931733
0,0,0.0933265
0,0,0.0933436
0,0,0.093492
0,0,0.0935614
0,0,0.0936209
0,0,0.0941096
0,0,0.0942874
0,0,0.0944765
0,0,0.0944978
0,0,0.0946347
0,0,0.0950471
0,0,0.0950712
0,0,0.0951279
0,0,0.0952577
0,0,0.0953166
0,0,0.0953189
0,0,0.0954882
0,0,0.0955322
0,0,0.0957751
0,0,0.0960261
0,0,0.0960266
0,0,0.0963039
0,0,0.0963698
0,0,0.0963894
0,0,0.0965382
0,0,0.0967434
0,0,0.0968329
0,0,0.0968532
0,0,0.0970555
0,0,0.0973506
0,0,0.0980581
0,0,0.0980737
0,0,0.0981498
0,0,0.0983047
0,0,0.0984086
0,0,0.098413
0,0,0.0986403
0,0,0.0989464
0,0,0.0990101
0,0,0.0991327
0,0,0.0991832
0,0,0.0994212
0,0,0.0994345
0,0,0.0995809
0,0,0.0998384
0,0,0.0999269
0,0,0.100651
0,0,0.1007
0,0,0.100734
0,0,0.100813
0,0,0.101295
0,0,0.10143
0,0,0.101651
0,0,0.101726
0,0,0.101857
0,0,0.102044
0,0,0.102344
0,0,0.10282
0,0,0.102855
0,0,0.102906
0,0,0.103517
0,0,0.103602
0,0,0.103662
0,0,0.103688
0,0,0.103734
0,0,0.103805
0,0,0.104128
0,0,0.104152
0,0,0.104356
0,0,0.104495
0,0,0.104529
0,0,0.104627
0,0,0.104798
0,0,0.104921
0,0,0.105038
0,0,0.105043
0,0,0.105129
0,0,0.105291
0,0,0.105343
0,0,0.105403
0,0,0.105548
0,0,0.105683
0,0,0.10627
0,0,0.106597
0,0,0.106639
0,0,0.106664
0,0,0.106729
0,0,0.106942
0,0,0.107139
0,0,0.107214
0,0,0.107251
0,0,0.107435
0,0,0.107594
0,0,0.107713
0,0,0.108038
0,0,0.108437
0,0,0.10844
0,0,0.108667
0,0,0.108695
0,0,0.108888
0,0,0.109266
0,0,0.109984
0,0,0.110131
0,0,0.110655
0,0,0.110745
0,0,0.111083
0,0,0.11119
0,0,0.111266
0,0,0.111362
0,0,0.112046
0,0,0.112451
0,0,0.112622
0,0,0.112782
0,0,0.112857
0,0,0.11308
0,0,0.113201
0,0,0.113667
0,0,0.113691
0,0,0.113925
0,0,0.113925
0,0,0.11397
0,0,0.114052
0,0,0.114397
0,0,0.115332
0,0,0.1156
0,0,0.115783
0,0,0.116356
0,0,0.116507
0,0,0.116624
0,0,0.116647
0,0,0.116715
0,0,0.117054
0,0,0.11734
0,0,0.117714
0,0,0.117717
0,0,0.117821
0,0,0.117841
0,0,0.118143
0,0,0.118311
0,0,0.118506
0,0,0.118854
0,0,0.119274
0,0,0.119592
0,0,0.119723
0,0,0.119751
0,0,0.119901
0,0,0.120334
0,0,0.120714
0,0,0.121455
0,0,0.121599
0,0,0.122094
0,0,0.122126
0,0,0.122225
0,0,0.122283
0,0,0.122317
0,0,0.122393
0,0,0.122586
0,0,0.12263
0,0,0.122641
0,0,0.122764
0,0,0.12315
0,0,0.123578
0,0,0.123614
0,0,0.123958
0,0,0.124004
0,0,0.124013
0,0,0.12436
0,0,0.124899
0,0,0.125013
0,0,0.12565
0,0,0.125894
0,0,0.126099
0,0,0.126182
0,0,0.12619
0,0,0.126772
0,0,0.127182
0,0,0.127302
0,0,0.127413
0,0,0.127482
0,0,0.127595
0,0,0.127683
0,0,0.128131
0,0,0.128429
0,0,0.128979
0,0,0.129596
0,0,0.129695
0,0,0.129731
0,0,0.129912
0,0,0.12992
0,0,0.130229
0,0,0.130661
0,0,0.130979
0,0,0.13168
0,0,0.131767
0,0,0.132055
0,0,0.132599
0,0,0.1327
0,0,0.132803
0,0,0.133219
0,0,0.133512
0,0,0.133684
0,0,0.133779
0,0,0.134336
0,0,0.134362
0,0,0.134425
0,0,0.135626
0,0,0.135774
0,0,0.1359
0,0,0.13595
0,0,0.137146
0,0,0.137767
0,0,0.137811
0,0,0.138217
0,0,0.138446
0,0,0.138467
0,0,0.139004
0,0,0.139109
0,0,0.139186
0,0,0.139564
0,0,0.139821
0,0,0.139842
0,0,0.140622
0,0,0.141127
0,0,0.141868
0,0,0.14265
0,0,0.143376
0,0,0.143674
0,0,0.143698
0,0,0.143699
0,0,0.144322
0,0,0.144431
0,0,0.144652
0,0,0.144839
0,0,0.145894
0,0,0.146032
0,0,0.146279
0,0,0.146592
0,0,0.146872
0,0,0.146924
0,0,0.147302
0,0,0.147916
0,0,0.148088
0,0,0.148301
0,0,0.148584
0,0,0.149211
0,0,0.149347
0,0,0.149487
0,0,0.149588
0,0,0.149744
0,0,0.150472
0,0,0.150774
0,0,0.150845
0,0,0.15117
0,0,0.151319
0,0,0.151833
0,0,0.152146
0,0,0.153171
0,0,0.153173
0,0,0.153446
0,0,0.153507
0,0,0.154004
0,0,0.154242
0,0,0.154297
0,0,0.154822
0,0,0.154926
0,0,0.155082
0,0,0.155266
0,0,0.155722
0,0,0.156033
0,0,0.156037
0,0,0.156281
0,0,0.156287
0,0,0.156361
0,0,0.156364
0,0,0.156369
0,0,0.156615
0,0,0.156652
0,0,0.157023
0,0,0.157038
0,0,0.157294
0,0,0.157445
0,0,0.157993
0,0,0.158324
0,0,0.158857
0,0,0.159269
0,0,0.159664
0,0,0.159733
0,0,0.160091
0,0,0.160444
0,0,0.160656
0,0,0.16095
0,0,0.161653
0,0,0.161748
0,0,0.162124
0,0,0.162611
0,0,0.162864
0,0,0.163325
0,0,0.163773
0,0,0.163787
0,0,0.163811
0,0,0.163837
0,0,0.164279
0,0,0.164418
0,0,0.164768
0,0,0.165005
0,0,0.165233
0,0,0.165586
0,0,0.165628
0,0,0.165655
0,0,0.166106
0,0,0.166471
0,0,0.167354
0,0,0.167494
0,0,0.168062
0,0,0.168166
0,0,0.168183
0,0,0.168234
0,0,0.168859
0,0,0.169041
0,0,0.169044
0,0,0.169605
0,0,0.169816
0,0,0.17036
0,0,0.171036
0,0,0.171421
0,0,0.171439
0,0,0.171857
0,0,0.172045
0,0,0.173295
0,0,0.173501
0,0,0.17389
0,0,0.174072
0,0,0.174453
0,0,0.174492
0,0,0.174685
0,0,0.175338
0,0,0.175355
0,0,0.176343
0,0,0.176667
0,0,0.176747
0,0,0.177786
0,0,0.178094
0,0,0.178838
0,0,0.179189
0,0,0.17929
0,0,0.179651
0,0,0.179667
0,0,0.180457
0,0,0.180502
0,0,0.180808
0,0,0.18086
0,0,0.180909
0,0,0.181057
0,0,0.181499
0,0,0.181594
0,0,0.181729
0,0,0.182403
0,0,0.182431
0,0,0.18273
0,0,0.183623
0,0,0.184286
0,0,0.184803
0,0,0.185476
0,0,0.18554
0,0,0.18557
0,0,0.185915
0,0,0.185945
0,0,0.186539
0,0,0.18668
0,0,0.186878
0,0,0.186922
0,0,0.187454
0,0,0.187499
0,0,0.187952
0,0,0.188388
0,0,0.188705
0,0,0.188733
0,0,0.1888
0,0,0.190134
0,0,0.190216
0,0,0.190342
0,0,0.19041
0,0,0.190411
0,0,0.1905
0,0,0.190663
0,0,0.191304
0,0,0.191336
0,0,0.191542
0,0,0.191603
0,0,0.191677
0,0,0.191854
0,0,0.191876
0,0,0.19211
0,0,0.192208
0,0,0.192321
0,0,0.19309
0,0,0.193264
0,0,0.193297
0,0,0.193357
0,0,0.194979
0,0,0.195606
0,0,0.195693
0,0,0.19573
0,0,0.196134
0,0,0.19698
0,0,0.197469
0,0,0.197711
0,0,0.197978
0,0,0.199125
0,0,0.199221
0,0,0.199377
0,0,0.199678
0,0,0.199991
0,0,0.200055
0,0,0.200149
0,0,0.200241
0,0,0.201538
0,0,0.205301
0,0,0.205445
0,0,0.206056
0,0,0.206352
0,0,0.206657
0,0,0.20725
0,0,0.208078
0,0,0.208197
0,0,0.208237
0,0,0.209006
0,0,0.209828
0,0,0.209851
0,0,0.209948
0,0,0.210058
0,0,0.210338
0,0,0.211046
0,0,0.21119
0,0,0.211806
0,0,0.211835
0,0,0.211911
0,0,0.212151
0,0,0.21231
0,0,0.213578
0,0,0.214639
0,0,0.214966
0,0,0.216201
0,0,0.216325
0,0,0.217051
0,0,0.219487
0,0,0.220088
0,0,0.221043
0,0,0.221169
0,0,0.221653
0,0,0.221749
0,0,0.221791
0,0,0.22265
0,0,0.222992
0,0,0.223168
0,0,0.223243
0,0,0.224616
0,0,0.224701
0,0,0.228171
0,0,0.228326
0,0,0.228488
0,0,0.229188
0,0,0.231016
0,0,0.231745
0,0,0.231914
0,0,0.232852
0,0,0.233682
0,0,0.233719
0,0,0.233721
0,0,0.23556
0,0,0.237089
0,0,0.237199
0,0,0.237798
0,0,0.239742
0,0,0.240085
0,0,0.241048
0,0,0.241188
0,0,0.241948
0,0,0.242276
0,0,0.243861
0,0,0.245755
0,0,0.24649
0,0,0.247563
0,0,0.247821
0,0,0.248415
0,0,0.249382
0,0,0.249943
0,0,0.250093
0,0,0.250497
0,0,0.251001
0,0,0.251481
0,0,0.251946
0,0,0.251958
0,0,0.252413
0,0,0.255235
0,0,0.255627
0,0,0.256209
0,0,0.256452
0,0,0.256899
0,0,0.257499
0,0,0.258605
0,0,0.259467
0,0,0.260451
0,0,0.261584
0,0,0.263025
0,0,0.26421
0,0,0.264668
0,0,0.265104
0,0,0.265285
0,0,0.265779
0,0,0.265903
0,0,0.266825
0,0,0.267447
0,0,0.267608
0,0,0.269615
0,0,0.270067
0,0,0.270266
0,0,0.270542
0,0,0.271045
0,0,0.271547
0,0,0.271552
0,0,0.272627
0,0,0.273393
0,0,0.273596
0,0,0.27442
0,0,0.274568
0,0,0.275336
0,0,0.27653
0,0,0.277279
0,0,0.277762
0,0,0.27789
0,0,0.27923
0,0,0.280801
0,0,0.281091
0,0,0.282438
0,0,0.282874
0,0,0.28455
0,0,0.285318
0,0,0.285647
0,0,0.285974
0,0,0.286538
0,0,0.287139
0,0,0.289467
0,0,0.290439
0,0,0.291294
0,0,0.292102
0,0,0.293013
0,0,0.293043
0,0,0.293062
0,0,0.293731
0,0,0.293997
0,0,0.294014
0,0,0.295356
0,0,0.295432
0,0,0.29547
0,0,0.295546
0,0,0.299035
0,0,0.299072
0,0,0.300533
0,0,0.301286
0,0,0.302345
0,0,0.302827
0,0,0.302868
0,0,0.303764
0,0,0.30605
0,0,0.306616
0,0,0.306953
0,0,0.308117
0,0,0.309111
0,0,0.309895
0,0,0.310623
0,0,0.311076
0,0,0.312032
0,0,0.31267
0,0,0.313306
0,0,0.315091
0,0,0.31631
0,0,0.317083
0,0,0.317894
0,0,0.318218
0,0,0.319225
0,0,0.321303
0,0,0.321472
0,0,0.321662
0,0,0.324507
0,0,0.324713
0,0,0.325783
0,0,0.326004
0,0,0.328314
0,0,0.329306
0,0,0.329417
0,0,0.330439
0,0,0.331344
0,0,0.331917
0,0,0.334382
0,0,0.335105
0,0,0.336786
0,0,0.338164
0,0,0.338392
0,0,0.339768
0,0,0.341574
0,0,0.341709
0,0,0.342077
0,0,0.342088
0,0,0.344973
0,0,0.347607
0,0,0.347647
0,0,0.347963
0,0,0.353339
0,0,0.355285
0,0,0.357744
0,0,0.35913
0,0,0.359199
0,0,0.359475
0,0,0.36075
0,0,0.362643
0,0,0.364451
0,0,0.364631
0,0,0.366189
0,0,0.366816
0,0,0.368393
0,0,0.370312
0,0,0.37049
0,0,0.371677
0,0,0.372565
0,0,0.373324
0,0,0.379868
0,0,0.379938
0,0,0.380988
0,0,0.383535
0,0,0.385286
0,0,0.387702
0,0,0.388926
0,0,0.39007
0,0,0.396075
0,0,0.396633
0,0,0.400155
0,0,0.401298
0,0,0.402715
0,0,0.406168
0,0,0.410914
0,0,0.412491
0,0,0.412571
0,0,0.413305
0,0,0.422485
0,0,0.423138
0,0,0.423821
0,0,0.424638
0,0,0.427352
0,0,0.42858
0,0,0.435772
0,0,0.43818
0,0,0.438725
0,0,0.44116
0,0,0.444441
0,0,0.445652
0,0,0.446195
0,0,0.44642
0,0,0.447888
0,0,0.448916
0,0,0.450732
0,0,0.450864
0,0,0.453183
0,0,0.460478
0,0,0.462043
0,0,0.462269
0,0,0.46286
0,0,0.464424
0,0,0.467501
0,0,0.476571
0,0,0.477765
0,0,0.49661
0,0,0.500819
0,0,0.515794
0,0,0.516983
0,0,0.52512
0,0,0.527294
0,0,0.541133
0,0,0.544025
0,0,0.548967
0,0,0.54973
0,0,0.564982
0,0,0.584567
0,0,0.60343
0,0,0.615367
0,0,0.620378
0,0,0.622982
0,0,0.628673
0,0,0.643376
0,0,0.644095
0,0,0.66173
0,0,0.6728
0,0,0.673058
0,0,0.68063
0,0,0.685214
0,0,0.725334
0,0,0.736792
0,0,0.772655
0,0,0.783782
0,0,0.789829
0,0,0.794421
0,0,0.817477
0,0,0.841498
0,0,0.842806
0,0,0.846034
0,0,0.858704
0,0,0.869909
0,0,0.889477
0,0,0.936459
0,0,3
1,1.52743,1.6535
1,1.20522,1.74421
1,1.18928,1.19472
1,1.10027,1.28078
1,0.952405,1.07566
1,0.950913,1.38927
1,0.94049,1.08304
1,0.921796,0.959313
1,0.905424,1.0883
1,0.902611,1.39434
1,0.896068,0.919822
1,0.864317,1.16889
1,0.853103,0.854336
1,0.850084,1.11051
1,0.832391,1.44993
1,0.80449,0.861257
1,0.803037,0.829701
1,0.787533,0.884377
1,0.778277,0.814624
1,0.771884,0.805368
1,0.766228,0.829421
1,0.754797,0.787875
1,0.72542,0.883897
1,0.724505,0.82267
1,0.715466,0.765302
1,0.688749,0.715027
1,0.685929,0.791906
1,0.67577,0.703188
1,0.67159,1.19811
1,0.657933,0.681472
1,0.655505,0.671913
1,0.654674,0.742346
1,0.653859,0.821387
1,0.63932,0.831909
1,0.635664,0.670443
1,0.634324,0.651816
1,0.626925,0.703555
1,0.621044,0.682463
1,0.619426,0.645374
1,0.619098,0.787897
1,0.61073,0.868656
1,0.604825,0.797511
1,0.587983,0.715322
1,0.582411,0.608691
1,0.577799,0.655957
1,0.576212,0.718245
1,0.575079,0.624315
1,0.572651,0.573971
1,0.56414,0.572623
1,0.557169,0.588833
1,0.555157,0.726259
1,0.552334,0.599583
1,0.546412,0.600924
1,0.537515,0.622208
1,0.530143,0.533578
1,0.526109,0.550766
1,0.516673,0.539188
1,0.516576,0.522799
1,0.511354,0.759554
1,0.509113,0.691955
1,0.504196,0.629842
1,0.501202,0.528851
1,0.496981,0.530816
1,0.496073,0.51803
1,0.493763,0.505427
1,0.491806,0.603306
1,0.488828,0.600498
1,0.486719,0.645797
1,0.484865,0.550177
1,0.480455,0.519199
1,0.479645,0.488752
1,0.47364,0.802036
1,0.47147,0.478244
1,0.470607,0.563516
1,0.470496,0.481507
1,0.470495,0.519472
1,0.470454,0.823922
1,0.46787,0.536502
1,0.466118,0.483583
1,0.462396,0.465846
1,0.462349,0.512087
1,0.462077,0.471689
1,0.457051,0.486063
1,0.454789,0.503286
1,0.453922,0.472949
1,0.452225,0.505192
1,0.450545,0.532467
1,0.448596,0.462019
1,0.447821,0.492425
1,0.447271,0.454387
1,0.44421,0.517503
1,0.443716,0.589378
1,0.443436,0.54039
1,0.438965,0.641653
1,0.438493,0.492313
1,0.436004,0.474775
1,0.435961,0.46423
1,0.435037,0.473356
1,0.430104,0.450528
1,0.427053,0.449141
1,0.426755,0.482576
1,0.425661,0.522799
1,0.424529,0.452547
1,0.424397,0.457359
1,0.421583,0.481973
1,0.419544,0.41997
1,0.419363,0.757867
1,0.416283,0.487963
1,0.414465,0.496124
1,0.408848,0.432656
1,0.407719,0.4138
1,0.407127,0.490624
1,0.40454,0.475444
1,0.401976,0.478244
1,0.397295,0.622915
1,0.397173,0.417361
1,0.392803,0.399395
1,0.390494,0.443648
1,0.388739,0.397513
1,0.386749,0.401992
1,0.385617,0.485262
1,0.384454,0.392867
1,0.376115,0.399601
1,0.375504,0.421589
1,0.373785,0.38976
1,0.372486,0.41389
1,0.36895,0.373344
1,0.367368,0.462215
1,0.365719,0.484153
1,0.36487,0.42054
1,0.363842,0.436056
1,0.363774,0.401948
1,0.361283,0.432582
1,0.360364,0.55821
1,0.360036,0.596795
1,0.352022,0.430184
1,0.348397,0.353007
1,0.346279,0.347494
1,0.341164,0.412872
1,0.34008,0.357251
1,0.337559,0.338204
1,0.336054,0.358664
1,0.335106,0.357722
1,0.3299,0.401969
1,0.329674,0.406775
1,0.329153,0.340251
1,0.322914,0.346896
1,0.318842,0.357655
1,0.315547,0.324772
1,0.31162,0.382569
1,0.308826,0.360644
1,0.307282,0.354825
1,0.307038,0.316819
1,0.306807,0.454021
1,0.306228,0.367065
1,0.305158,0.306489
1,0.297346,0.315763
1,0.297331,0.340373
1,0.296945,0.315505
1,0.296098,0.415542
1,0.294512,0.342748
1,0.294208,0.346774
1,0.289213,0.374021
1,0.287304,0.295972
1,0.285318,0.297161
1,0.28472,0.322256
1,0.284178,0.285256
1,0.281272,0.323599
1,0.279395,0.293384
1,0.277892,0.29716
1,0.274653,0.300909
1,0.273445,0.305366
1,0.268918,0.276071
1,0.263585,0.326716
1,0.262586,0.264019
1,0.261928,0.262465
1,0.259349,0.380415
1,0.259034,0.27653
1,0.257765,0.257838
1,0.255434,0.298646
1,0.255147,0.27602
1,0.252804,0.298913
1,0.252162,0.259393
1,0.250107,0.25155
1,0.249259,0.333201
1,0.248582,0.249712
1,0.243102,0.24719
1,0.241608,0.242173
1,0.24021,0.281959
1,0.239872,0.333129
1,0.239352,0.24862
1,0.236405,0.270894
1,0.23598,0.255008
1,0.235764,0.239093
1,0.233907,0.23605
1,0.233099,0.318445
1,0.232201,0.244908
1,0.231655,0.24276
1,0.229772,0.238114
1,0.229311,0.266057
1,0.228687,0.282745
1,0.227531,0.270293
1,0.226685,0.261283
1,0.225936,0.257105
1,0.223576,0.290156
1,0.219637,0.237026
1,0.219393,0.239137
1,0.218676,0.241862
1,0.217864,0.258197
1,0.217448,0.250802
1,0.215394,0.264348
1,0.209203,0.216136
1,0.209085,0.293352
1,0.208628,0.222194
1,0.207961,0.210869
1,0.207068,0.213525
1,0.20641,0.223981
1,0.203404,0.243251
1,0.201612,0.232383
1,0.198688,0.206813
1,0.198188,0.214293
1,0.195988,0.231207
1,0.19593,0.228544
1,0.191223,0.196105
1,0.189348,0.205132
1,0.187893,0.203079
1,0.187233,0.232383
1,0.184575,0.223113
1,0.184554,0.203079
1,0.184519,0.186203
1,0.184418,0.248744
1,0.183071,0.237491
1,0.180829,0.219944
1,0.179799,0.182318
1,0.1797,0.184539
1,0.179441,0.232157
1,0.178359,0.214989
1,0.17379,0.180087
1,0.173688,0.196934
1,0.173381,0.20686
1,0.173,0.18479
1,0.17184,0.184563
1,0.171747,0.221115
1,0.169999,0.245226
1,0.168016,0.189693
1,0.167329,0.204026
1,0.167081,0.175947
1,0.16625,0.180557
1,0.166,0.173141
1,0.165775,0.180195
1,0.164134,0.180579
1,0.163415,0.193093
1,0.162942,0.173736
1,0.161155,0.162172
1,0.160925,0.178545
1,0.159933,0.192604
1,0.158609,0.228413
1,0.156861,0.171676
1,0.155679,0.160802
1,0.154711,0.176001
1,0.154682,0.179924
1,0.154074,0.184567
1,0.153793,0.166207
1,0.153633,0.153664
1,0.152713,0.15942
1,0.15099,0.154735
1,0.15009,0.159293
1,0.14878,0.176466
1,0.148139,0.202328
1,0.147838,0.149815
1,0.146522,0.159843
1,0.145882,0.153867
1,0.145706,0.159641
1,0.145004,0.145063
1,0.144486,0.175786
1,0.143518,0.185468
1,0.142324,0.161006
1,0.142194,0.151751
1,0.141683,0.142737
1,0.141398,0.179396
1,0.141222,0.197162
1,0.140435,0.179682
1,0.140221,0.154852
1,0.140061,0.154986
1,0.138924,0.141322
1,0.13866,0.155286
1,0.137941,0.177548
1,0.136448,0.173554
1,0.136439,0.146352
1,0.136129,0.196877
1,0.136063,0.146116
1,0.136043,0.171456
1,0.135962,0.142661
1,0.135954,0.136669
1,0.135081,0.156958
1,0.133593,0.1379
1,0.133519,0.178417
1,0.133435,0.14431
1,0.133018,0.141225
1,0.131129,0.139922
1,0.130608,0.149966
1,0.130405,0.141946
1,0.130047,0.160521
1,0.129205,0.163268
1,0.127534,0.152236
1,0.12688,0.155031
1,0.126324,0.133813
1,0.125996,0.153319
1,0.125445,0.127675
1,0.124922,0.129737
1,0.12459,0.129779
1,0.124292,0.153852
1,0.123934,0.124182
1,0.123657,0.126656
1,0.122968,0.162251
1,0.122677,0.162007
1,0.12209,0.122595
1,0.121719,0.148953
1,0.121171,0.1593
1,0.121077,0.166787
1,0.120943,0.124303
1,0.120837,0.134258
1,0.119605,0.127726
1,0.119288,0.125526
1,0.118294,0.121248
1,0.118086,0.156505
1,0.117788,0.141767
1,0.117421,0.140743
1,0.116949,0.125986
1,0.116375,0.142843
1,0.116146,0.119959
1,0.115934,0.116288
1,0.115896,0.135811
1,0.114393,0.118822
1,0.114273,0.154961
1,0.113777,0.126298
1,0.113487,0.121306
1,0.111672,0.1182
1,0.111288,0.139559
1,0.111269,0.133797
1,0.110923,0.138883
1,0.108941,0.124133
1,0.106768,0.110188
1,0.105004,0.109654
1,0.103427,0.122856
1,0.102166,0.113933
1,0.101396,0.110571
1,0.10118,0.126395
1,0.100867,0.116693
1,0.100583,0.103927
1,0.100431,0.120376
1,0.100037,0.121438
1,0.0997028,0.100399
1,0.0988525,0.115246
1,0.0986566,0.118332
1,0.0984208,0.106317
1,0.098267,0.101208
1,0.0982295,0.121367
1,0.0978503,0.13427
1,0.0975185,0.10043
1,0.0975172,0.119753
1,0.0970227,0.122392
1,0.0968026,0.132387
1,0.0964015,0.121631
1,0.0955234,0.0970806
1,0.0944055,0.104964
1,0.094398,0.114597
1,0.0943306,0.100382
1,0.0940702,0.0983279
1,0.0921121,0.0955236
1,0.0920844,0.0936562
1,0.0914148,0.107904
1,0.0912746,0.0917382
1,0.0902465,0.15991
1,0.0895117,0.114586
1,0.0887597,0.100968
1,0.0886699,0.102156
1,0.0886652,0.124558
1,0.0886153,0.108073
1,0.0870879,0.0915031
1,0.0867948,0.139864
1,0.0866153,0.0956865
1,0.0861527,0.103846
1,0.0850955,0.134849
1,0.0850895,0.0943393
1,0.0850215,0.0907986
1,0.0849678,0.087126
1,0.0849018,0.0892936
1,0.0841957,0.0855474
1,0.0835522,0.109883
1,0.08349,0.112786
1,0.0808892,0.0974922
1,0.0808706,0.124381
1,0.0807826,0.0912111
1,0.08048,0.0895282
1,0.0790797,0.107754
1,0.0790599,0.0878991
1,0.0790176,0.0838608
1,0.0786127,0.0938167
1,0.078548,0.0840019
1,0.0768048,0.0840714
1,0.0766401,0.102318
1,0.0763455,0.111686
1,0.0742811,0.0752757
1,0.0738092,0.0940852
1,0.0736042,0.07754
1,0.0735967,0.0789528
1,0.0733166,0.0774476
1,0.0729868,0.0746201
1,0.0724719,0.0969388
1,0.0723055,0.0847669
1,0.0718354,0.0736582
1,0.0716597,0.0789528
1,0.0715374,0.090622
1,0.0711125,0.073382
1,0.0705818,0.0773826
1,0.0705676,0.083876
1,0.0703229,0.0707241
1,0.0695896,0.0704
1,0.0682429,0.0742142
1,0.0680751,0.0861049
1,0.0679531,0.07893
1,0.0675364,0.0727524
1,0.0672233,0.0738045
1,0.0670614,0.080925
1,0.0661365,0.0709807
1,0.0655813,0.0683149
1,0.065409,0.0664346
1,0.0646714,0.0744825
1,0.0644908,0.0690186
1,0.0640223,0.0641972
1,0.0636467,0.0788958
1,0.0634544,0.0692772
1,0.0631474,0.0640734
1,0.0631395,0.0687969
1,0.0625292,0.0712013
1,0.0616577,0.0621305
1,0.0612463,0.071404
1,0.0594162,0.0596229
1,0.0589907,0.0595483
1,0.0588012,0.0631213
1,0.0542908,0.0597761
1,0.0540935,0.0565677
1,0.0540304,0.0722433
1,0.0534762,0.054002
1,0.0534125,0.0553944
1,0.0527481,0.0676787
1,0.0523698,0.0672358
1,0.052269,0.0649103
1,0.0522401,0.054844
1,0.0520607,0.0530965
1,0.0514157,0.0543106
1,0.0504967,0.064124
1,0.0492305,0.0557143
1,0.047051,0.0531096
1,0.0466769,0.0541175
1,0.046377,0.057631
1,0.045263,0.0577797
1,0.044697,0.0548133
1,0.0445349,0.0523324
1,0.0445087,0.0461023
1,0.0443182,0.0637201
1,0.0440022,0.0524546
1,0.0438982,0.0575705
1,0.0438596,0.0534651
1,0.0428399,0.0532879
1,0.0421007,0.0594487
1,0.041687,0.0485315
1,0.0416849,0.0481273
1,0.0398183,0.053839
1,0.0392933,0.0397646
1,0.0335094,0.0425156
2,1.88577,1.99547
2,1.22031,1.31349
2,0.932878,0.992699
2,0.771633,0.772224
2,0.703129,0.715362
2,0.694405,0.696014
2,0.656666,0.699077
2,0.602227,0.64569
2,0.563356,0.574955
2,0.499793,0.569492
2,0.39804,0.410862
2,0.385465,0.412456
2,0.360845,0.382576
2,0.322573,0.335572
2,0.284529,0.296874
2,0.26755,0.275503
2,0.264095,0.270224
2,0.261838,0.288973
2,0.252587,0.272054
2,0.247153,0.25601
2,0.227015,0.234914
2,0.224091,0.224985
2,0.212493,0.218267
2,0.211679,0.228057
2,0.20428,0.20922
2,0.186652,0.192391
2,0.185288,0.191956
2,0.185288,0.193021
2,0.181882,0.184057
2,0.179799,0.182533
2,0.178588,0.187402
2,0.175463,0.19663
2,0.175066,0.179552
2,0.173677,0.181408
2,0.173273,0.173443
2,0.171919,0.18752
2,0.167781,0.173087
2,0.167729,0.185201
2,0.165024,0.165914
2,0.164214,0.16755
2,0.163248,0.167717
2,0.160241,0.166322
2,0.155905,0.164829
2,0.151987,0.163417
2,0.144136,0.146135
2,0.142542,0.147648
2,0.140222,0.142947
2,0.135782,0.138259
2,0.135647,0.144032
2,0.12789,0.128423
2,0.125776,0.13198
2,0.125585,0.130275
2,0.119206,0.129175
2,0.0911059,0.0974703
2,0.0831861,0.0849758
2,0.0743547,0.081943
2,0.0728639,0.0741269
2,0.0580303,0.0618614
