point cloud with 2094 points in dimension 3
0,0,0.00522665
0,0,0.00639454
0,0,0.00706764
0,0,0.00717003
0,0,0.00769269
0,0,0.00797815
0,0,0.00875191
0,0,0.00903023
0,0,0.00903939
0,0,0.00929976
0,0,0.00981524
0,0,0.0104281
0,0,0.0107151
0,0,0.0111635
0,0,0.0115685
0,0,0.0116247
0,0,0.0117963
0,0,0.0122023
0,0,0.0124077
0,0,0.0124604
0,0,0.0126898
0,0,0.0127372
0,0,0.0131482
0,0,0.0132257
0,0,0.0132637
0,0,0.0136906
0,0,0.0143731
0,0,0.014635
0,0,0.0147013
0,0,0.0147138
0,0,0.0150382
0,0,0.0151771
0,0,0.0155161
0,0,0.0155247
0,0,0.0159102
0,0,0.0160189
0,0,0.0161907
0,0,0.0162255
0,0,0.0163833
0,0,0.0164196
0,0,0.0165584
0,0,0.0165834
0,0,0.0166827
0,0,0.0167742
0,0,0.0170844
0,0,0.0171248
0,0,0.0171946
0,0,0.0172406
0,0,0.0173132
0,0,0.0174428
0,0,0.0176178
0,0,0.0176205
0,0,0.0182129
0,0,0.0182554
0,0,0.0183102
0,0,0.0184165
0,0,0.0184316
0,0,0.0184703
0,0,0.0185697
0,0,0.0187518
0,0,0.0188367
0,0,0.0189326
0,0,0.0189904
0,0,0.0190108
0,0,0.0190298
0,0,0.0191308
0,0,0.0192047
0,0,0.0192194
0,0,0.0196393
0,0,0.0196564
0,0,0.0197313
0,0,0.0197668
0,0,0.0198249
0,0,0.0198344
0,0,0.0199793
0,0,0.0200056
0,0,0.0203591
0,0,0.0203817
0,0,0.0204478
0,0,0.0207254
0,0,0.0209066
0,0,0.0209146
0,0,0.0210486
0,0,0.0211495
0,0,0.0211553
0,0,0.021339
0,0,0.0213893
0,0,0.0214024
0,0,0.0217597
0,0,0.0218453
0,0,0.0219971
0,0,0.022036
0,0,0.0220437
0,0,0.022194
0,0,0.0221946
0,0,0.0222346
0,0,0.02226
0,0,0.0224409
0,0,0.0224872
0,0,0.0224979
0,0,0.0225505
0,0,0.0225563
0,0,0.0225577
0,0,0.0225833
0,0,0.0227205
0,0,0.0227764
0,0,0.0227899
0,0,0.02281
0,0,0.0228128
0,0,0.022854
0,0,0.022885
0,0,0.0231072
0,0,0.0231729
0,0,0.0232789
0,0,0.0234184
0,0,0.0235925
0,0,0.0235977
0,0,0.0237784
0,0,0.0239109
0,0,0.0240296
0,0,0.0240431
0,0,0.0243731
0,0,0.0244335
0,0,0.0245578
0,0,0.0246754
0,0,0.0246967
0,0,0.0247709
0,0,0.024836
0,0,0.0249383
0,0,0.0249472
0,0,0.0250219
0,0,0.0250998
0,0,0.0251621
0,0,0.0252152
0,0,0.0253105
0,0,0.0254165
0,0,0.0255914
0,0,0.0256888
0,0,0.0258777
0,0,0.0259456
0,0,0.025951
0,0,0.0260161
0,0,0.0261579
0,0,0.0262416
0,0,0.026471
0,0,0.0265821
0,0,0.0266095
0,0,0.0266209
0,0,0.0266846
0,0,0.026692
0,0,0.0267398
0,0,0.0268728
0,0,0.0270508
0,0,0.0270951
0,0,0.0271674
0,0,0.0271789
0,0,0.0273902
0,0,0.0274532
0,0,0.0275443
0,0,0.0276864
0,0,0.0277319
0,0,0.0277547
0,0,0.0277809
0,0,0.0277829
0,0,0.0279007
0,0,0.0279275
0,0,0.0279727
0,0,0.0280054
0,0,0.0280199
0,0,0.0280674
0,0,0.0281096
0,0,0.028127
0,0,0.0281446
0,0,0.0281894
0,0,0.028207
0,0,0.0282138
0,0,0.0284305
0,0,0.0284649
0,0,0.0285021
0,0,0.0285349
0,0,0.0285603
0,0,0.0285939
0,0,0.0286303
0,0,0.0287808
0,0,0.0288298
0,0,0.0289194
0,0,0.0289811
0,0,0.0289825
0,0,0.0291716
0,0,0.0292193
0,0,0.0292456
0,0,0.0292725
0,0,0.0292739
0,0,0.0293691
0,0,0.0294586
0,0,0.0295339
0,0,0.0296196
0,0,0.0296327
0,0,0.0298136
0,0,0.0298296
0,0,0.0298666
0,0,0.0298893
0,0,0.03012
0,0,0.0301482
0,0,0.0301579
0,0,0.0302551
0,0,0.0302914
0,0,0.0304495
0,0,0.0304575
0,0,0.03079
0,0,0.0307956
0,0,0.0308089
0,0,0.0308399
0,0,0.0308494
0,0,0.030853
0,0,0.0308597
0,0,0.0310691
0,0,0.0310719
0,0,0.0311901
0,0,0.0312488
0,0,0.0312967
0,0,0.031342
0,0,0.0314372
0,0,0.0315068
0,0,0.0315221
0,0,0.0315238
0,0,0.0316264
0,0,0.0317679
0,0,0.0319722
0,0,0.0320473
0,0,0.0322274
0,0,0.0322802
0,0,0.0324599
0,0,0.0325003
0,0,0.0325302
0,0,0.0325371
0,0,0.0326566
0,0,0.0326607
0,0,0.0327531
0,0,0.0327652
0,0,0.0328364
0,0,0.0328533
0,0,0.0330432
0,0,0.0330485
0,0,0.0330883
0,0,0.033092
0,0,0.0331488
0,0,0.0333512
0,0,0.0333769
0,0,0.0333844
0,0,0.0334231
0,0,0.0334939
0,0,0.0337243
0,0,0.0337721
0,0,0.0337941
0,0,0.0337957
0,0,0.0338194
0,0,0.0338326
0,0,0.034046
0,0,0.0340843
0,0,0.0341444
0,0,0.0341685
0,0,0.0342187
0,0,0.0342333
0,0,0.0342576
0,0,0.0342746
0,0,0.0343224
0,0,0.0343256
0,0,0.0344112
0,0,0.0344293
0,0,0.034536
0,0,0.0345459
0,0,0.0345983
0,0,0.0347356
0,0,0.0348025
0,0,0.0348192
0,0,0.0348841
0,0,0.0349147
0,0,0.0350079
0,0,0.035024
0,0,0.035051
0,0,0.0352723
0,0,0.0352985
0,0,0.0352992
0,0,0.0353493
0,0,0.0353841
0,0,0.0354122
0,0,0.0354376
0,0,0.0356166
0,0,0.0356843
0,0,0.0358522
0,0,0.035885
0,0,0.0358854
0,0,0.0359438
0,0,0.0359767
0,0,0.0360038
0,0,0.0361366
0,0,0.0363012
0,0,0.0363346
0,0,0.0364233
0,0,0.0364634
0,0,0.0364942
0,0,0.0365619
0,0,0.0365919
0,0,0.0366422
0,0,0.0366704
0,0,0.0366729
0,0,0.0367129
0,0,0.0368535
0,0,0.0369536
0,0,0.0370511
0,0,0.0370595
0,0,0.037069
0,0,0.0371127
0,0,0.0371649
0,0,0.0372173
0,0,0.0372878
0,0,0.0372953
0,0,0.037352
0,0,0.0373546
0,0,0.0373591
0,0,0.0373796
0,0,0.0373875
0,0,0.0374191
0,0,0.0374622
0,0,0.0375094
0,0,0.0376667
0,0,0.0377579
0,0,0.037791
0,0,0.0378649
0,0,0.038059
0,0,0.0382509
0,0,0.0383098
0,0,0.03831
0,0,0.0383279
0,0,0.0385093
0,0,0.0386649
0,0,0.0386848
0,0,0.0387487
0,0,0.0387757
0,0,0.0387852
0,0,0.0388839
0,0,0.0389446
0,0,0.0389744
0,0,0.0389978
0,0,0.039041
0,0,0.0390538
0,0,0.0390558
0,0,0.0391521
0,0,0.0391895
0,0,0.0392112
0,0,0.039248
0,0,0.0392627
0,0,0.0393175
0,0,0.0393312
0,0,0.0395153
0,0,0.0395576
0,0,0.0396089
0,0,0.0396518
0,0,0.0396553
0,0,0.0396671
0,0,0.0396732
0,0,0.0397316
0,0,0.0398065
0,0,0.039906
0,0,0.0399781
0,0,0.0400161
0,0,0.0400386
0,0,0.0401704
0,0,0.04018
0,0,0.0401897
0,0,0.0402615
0,0,0.0402631
0,0,0.0402654
0,0,0.0403309
0,0,0.040373
0,0,0.0404777
0,0,0.0404833
0,0,0.0405353
0,0,0.0407564
0,0,0.0407954
0,0,0.0408283
0,0,0.0410993
0,0,0.0412004
0,0,0.0412064
0,0,0.0412351
0,0,0.0412727
0,0,0.0412805
0,0,0.0412863
0,0,0.0412938
0,0,0.0413106
0,0,0.0413275
0,0,0.0413492
0,0,0.0413748
0,0,0.0414387
0,0,0.0415801
0,0,0.0416151
0,0,0.0417398
0,0,0.0417767
0,0,0.041793
0,0,0.0417972
0,0,0.0418205
0,0,0.0418368
0,0,0.0418811
0,0,0.0419303
0,0,0.041942
0,0,0.0420403
0,0,0.0420831
0,0,0.0421324
0,0,0.0421385
0,0,0.0421829
0,0,0.0422258
0,0,0.0422324
0,0,0.0422781
0,0,0.0422814
0,0,0.0422846
0,0,0.0423016
0,0,0.0423154
0,0,0.0423289
0,0,0.0423333
0,0,0.0423447
0,0,0.0424989
0,0,0.0425444
0,0,0.0425877
0,0,0.0426223
0,0,0.0426914
0,0,0.0427937
0,0,0.0428189
0,0,0.04287
0,0,0.0429159
0,0,0.0429356
0,0,0.0429929
0,0,0.043113
0,0,0.0432054
0,0,0.043238
0,0,0.043265
0,0,0.0433473
0,0,0.0433849
0,0,0.0434751
0,0,0.0436028
0,0,0.0436358
0,0,0.0436606
0,0,0.0436963
0,0,0.0437316
0,0,0.0437517
0,0,0.0438588
0,0,0.04388
0,0,0.0439335
0,0,0.0439765
0,0,0.0441164
0,0,0.0441549
0,0,0.0441887
0,0,0.0441902
0,0,0.0441942
0,0,0.0442343
0,0,0.0443102
0,0,0.0443553
0,0,0.0443857
0,0,0.044428
0,0,0.044458
0,0,0.0447098
0,0,0.0447549
0,0,0.0447732
0,0,0.0448284
0,0,0.0448621
0,0,0.0448638
0,0,0.0449862
0,0,0.0450833
0,0,0.0453382
0,0,0.0453879
0,0,0.045414
0,0,0.0455167
0,0,0.045559
0,0,0.0455698
0,0,0.0455768
0,0,0.0456063
0,0,0.0456607
0,0,0.0456666
0,0,0.0457355
0,0,0.0458006
0,0,0.045806
0,0,0.0459012
0,0,0.045967
0,0,0.04598
0,0,0.0460424
0,0,0.046079
0,0,0.0463058
0,0,0.0463662
0,0,0.0465071
0,0,0.0465451
0,0,0.046574
0,0,0.0467356
0,0,0.0467419
0,0,0.046762
0,0,0.0467816
0,0,0.0467935
0,0,0.0467955
0,0,0.0468619
0,0,0.0469167
0,0,0.0469742
0,0,0.0469789
0,0,0.0470313
0,0,0.0472255
0,0,0.0472805
0,0,0.0474592
0,0,0.0474647
0,0,0.0474944
0,0,0.04759
0,0,0.047613
0,0,0.0476174
0,0,0.0476837
0,0,0.0478247
0,0,0.0478408
0,0,0.0480169
0,0,0.0480687
0,0,0.0480957
0,0,0.0481986
0,0,0.0482949
0,0,0.0483224
0,0,0.0484461
0,0,0.048448
0,0,0.0484561
0,0,0.0485152
0,0,0.0485477
0,0,0.0485675
0,0,0.0485676
0,0,0.0485688
0,0,0.0486023
0,0,0.0486056
0,0,0.0486401
0,0,0.0486576
0,0,0.0486664
0,0,0.0487155
0,0,0.0488032
0,0,0.0488174
0,0,0.0488634
0,0,0.0489355
0,0,0.0489889
0,0,0.0490163
0,0,0.0490272
0,0,0.0490276
0,0,0.0492298
0,0,0.0492666
0,0,0.0492871
0,0,0.0493321
0,0,0.0494155
0,0,0.0494178
0,0,0.0494443
0,0,0.049525
0,0,0.0496061
0,0,0.0496307
0,0,0.0496483
0,0,0.0496974
0,0,0.0497517
0,0,0.0497529
0,0,0.0498347
0,0,0.0498516
0,0,0.0499837
0,0,0.050039
0,0,0.0500462
0,0,0.0500531
0,0,0.0500552
0,0,0.0502272
0,0,0.0502414
0,0,0.0502476
0,0,0.0503691
0,0,0.0503797
0,0,0.0504898
0,0,0.0504915
0,0,0.0506267
0,0,0.0507265
0,0,0.0507922
0,0,0.0507931
0,0,0.0508921
0,0,0.0509027
0,0,0.0509115
0,0,0.0509793
0,0,0.0510227
0,0,0.0510814
0,0,0.0511742
0,0,0.0512093
0,0,0.0513622
0,0,0.0513908
0,0,0.0514808
0,0,0.0515008
0,0,0.0515086
0,0,0.0517241
0,0,0.0518338
0,0,0.0519795
0,0,0.0520053
0,0,0.0520457
0,0,0.0521253
0,0,0.0521328
0,0,0.0522047
0,0,0.0522844
0,0,0.0523041
0,0,0.0523086
0,0,0.0523852
0,0,0.0524549
0,0,0.0525091
0,0,0.0525368
0,0,0.0525494
0,0,0.0526473
0,0,0.0526907
0,0,0.0527192
0,0,0.0527765
0,0,0.0527987
0,0,0.0529112
0,0,0.0529339
0,0,0.0529903
0,0,0.0530169
0,0,0.0530406
0,0,0.0530423
0,0,0.0530639
0,0,0.053119
0,0,0.0532106
0,0,0.0532377
0,0,0.0532793
0,0,0.0532852
0,0,0.0534453
0,0,0.0534788
0,0,0.0535836
0,0,0.0536097
0,0,0.0536511
0,0,0.0538157
0,0,0.0538158
0,0,0.0539674
0,0,0.0540588
0,0,0.0542345
0,0,0.0542939
0,0,0.0542942
0,0,0.0543199
0,0,0.0543203
0,0,0.0543473
0,0,0.0544487
0,0,0.0545135
0,0,0.0545339
0,0,0.0546011
0,0,0.0546217
0,0,0.0546412
0,0,0.0547074
0,0,0.054789
0,0,0.0549447
0,0,0.0549786
0,0,0.0549981
0,0,0.0550094
0,0,0.0550375
0,0,0.0550666
0,0,0.0550741
0,0,0.0552278
0,0,0.0552561
0,0,0.0554501
0,0,0.0555082
0,0,0.0555336
0,0,0.0556449
0,0,0.0556954
0,0,0.055703
0,0,0.0557217
0,0,0.0557321
0,0,0.055753
0,0,0.0558178
0,0,0.0559033
0,0,0.0559612
0,0,0.0559991
0,0,0.0560391
0,0,0.0560858
0,0,0.0561196
0,0,0.0562511
0,0,0.0562797
0,0,0.0563271
0,0,0.0563333
0,0,0.0563981
0,0,0.0564045
0,0,0.056443
0,0,0.0564649
0,0,0.0564903
0,0,0.0565075
0,0,0.0565187
0,0,0.0565339
0,0,0.0565807
0,0,0.0567459
0,0,0.0568609
0,0,0.0569017
0,0,0.0569155
0,0,0.0569643
0,0,0.057035
0,0,0.0570904
0,0,0.0571004
0,0,0.0571467
0,0,0.0571915
0,0,0.0572709
0,0,0.0572925
0,0,0.0573707
0,0,0.057452
0,0,0.0575525
0,0,0.0575881
0,0,0.0577134
0,0,0.0577366
0,0,0.0577444
0,0,0.0577517
0,0,0.0577606
0,0,0.0577661
0,0,0.0580289
0,0,0.0581142
0,0,0.0581572
0,0,0.0582414
0,0,0.0582825
0,0,0.0583385
0,0,0.058402
0,0,0.0584125
0,0,0.0584182
0,0,0.0584712
0,0,0.0585078
0,0,0.0585911
0,0,0.0586052
0,0,0.0587953
0,0,0.0589144
0,0,0.0589836
0,0,0.0590066
0,0,0.0590134
0,0,0.0590617
0,0,0.0591676
0,0,0.0591881
0,0,0.0592782
0,0,0.0592954
0,0,0.0593039
0,0,0.05939
0,0,0.0594092
0,0,0.0594453
0,0,0.0594537
0,0,0.0594644
0,0,0.059508
0,0,0.0595339
0,0,0.059545
0,0,0.0597519
0,0,0.0598599
0,0,0.0600526
0,0,0.0600676
0,0,0.0600887
0,0,0.06009
0,0,0.0601196
0,0,0.0601943
0,0,0.0602548
0,0,0.060336
0,0,0.0603524
0,0,0.0604129
0,0,0.0604335
0,0,0.0604865
0,0,0.0606344
0,0,0.0606466
0,0,0.0607083
0,0,0.0607091
0,0,0.0608272
0,0,0.0608554
0,0,0.0609366
0,0,0.0609775
0,0,0.0609851
0,0,0.0610077
0,0,0.0612826
0,0,0.0613338
0,0,0.0614367
0,0,0.0614738
0,0,0.0615391
0,0,0.061646
0,0,0.0616558
0,0,0.0616781
0,0,0.0617394
0,0,0.061822
0,0,0.061847
0,0,0.0619977
0,0,0.0621003
0,0,0.0621555
0,0,0.0622768
0,0,0.0623083
0,0,0.0623173
0,0,0.0624318
0,0,0.0626911
0,0,0.0627112
0,0,0.0627401
0,0,0.0630449
0,0,0.0631119
0,0,0.0632306
0,0,0.0632753
0,0,0.0633052
0,0,0.0633148
0,0,0.0633458
0,0,0.0635955
0,0,0.0636223
0,0,0.0637154
0,0,0.0639566
0,0,0.0640886
0,0,0.0640952
0,0,0.0641011
0,0,0.0642228
0,0,0.064367
0,0,0.0645501
0,0,0.0645705
0,0,0.0647652
0,0,0.0648717
0,0,0.0648746
0,0,0.0649883
0,0,0.0650693
0,0,0.0651261
0,0,0.0652948
0,0,0.0653552
0,0,0.0654046
0,0,0.0654135
0,0,0.0656402
0,0,0.0657473
0,0,0.0658144
0,0,0.0659219
0,0,0.0659637
0,0,0.0659696
0,0,0.0660049
0,0,0.0660711
0,0,0.0661473
0,0,0.0662134
0,0,0.0663169
0,0,0.0663263
0,0,0.066432
0,0,0.066531
0,0,0.0665986
0,0,0.06667
0,0,0.066753
0,0,0.0668942
0,0,0.0669409
0,0,0.0669757
0,0,0.06706
0,0,0.0671331
0,0,0.0671826
0,0,0.0672178
0,0,0.0674832
0,0,0.0675752
0,0,0.067602
0,0,0.0676395
0,0,0.0678353
0,0,0.067883
0,0,0.0678941
0,0,0.0679743
0,0,0.0679778
0,0,0.068179
0,0,0.0682811
0,0,0.0683161
0,0,0.0683331
0,0,0.0683631
0,0,0.0684409
0,0,0.0686133
0,0,0.0686513
0,0,0.0687469
0,0,0.0687937
0,0,0.0688453
0,0,0.0688746
0,0,0.0689335
0,0,0.06894
0,0,0.069076
0,0,0.0691617
0,0,0.069353
0,0,0.0693593
0,0,0.0693875
0,0,0.0693943
0,0,0.0696023
0,0,0.0696122
0,0,0.0696331
0,0,0.0697439
0,0,0.0697618
0,0,0.0697878
0,0,0.0699145
0,0,0.0700359
0,0,0.0700593
0,0,0.0702302
0,0,0.0702543
0,0,0.0702918
0,0,0.0703035
0,0,0.0703802
0,0,0.0704682
0,0,0.0708129
0,0,0.0708912
0,0,0.0709263
0,0,0.0709609
0,0,0.0710352
0,0,0.0711157
0,0,0.0711947
0,0,0.0712364
0,0,0.0713166
0,0,0.0714823
0,0,0.0714905
0,0,0.0717587
0,0,0.0719223
0,0,0.071924
0,0,0.0719852
0,0,0.0721114
0,0,0.0721489
0,0,0.0721648
0,0,0.0722057
0,0,0.0722817
0,0,0.0724688
0,0,0.0726216
0,0,0.0728116
0,0,0.0728442
0,0,0.0729033
0,0,0.0729414
0,0,0.0729651
0,0,0.0729838
0,0,0.0730493
0,0,0.0731159
0,0,0.0732278
0,0,0.0732931
0,0,0.0733546
0,0,0.0733668
0,0,0.0733996
0,0,0.0736337
0,0,0.0736426
0,0,0.0736533
0,0,0.073809
0,0,0.0738662
0,0,0.0738958
0,0,0.0742244
0,0,0.0743214
0,0,0.074332
0,0,0.0743376
0,0,0.0744343
0,0,0.0744799
0,0,0.074611
0,0,0.0747011
0,0,0.0748823
0,0,0.0749323
0,0,0.0749935
0,0,0.0751467
0,0,0.0754009
0,0,0.075482
0,0,0.075535
0,0,0.0755908
0,0,0.0756565
0,0,0.0757049
0,0,0.0757731
0,0,0.0757901
0,0,0.0759995
0,0,0.0760851
0,0,0.0762958
0,0,0.0763416
0,0,0.0764362
0,0,0.0766319
0,0,0.0768611
0,0,0.0768638
0,0,0.0769365
0,0,0.0769728
0,0,0.076979
0,0,0.0769857
0,0,0.0770638
0,0,0.0772232
0,0,0.0772416
0,0,0.0775738
0,0,0.0776624
0,0,0.0777056
0,0,0.0777625
0,0,0.0778442
0,0,0.0779108
0,0,0.07803
0,0,0.0780405
0,0,0.0783415
0,0,0.0783889
0,0,0.0784865
0,0,0.0785322
0,0,0.0787989
0,0,0.0791365
0,0,0.0791781
0,0,0.0793177
0,0,0.0793666
0,0,0.0794316
0,0,0.0795339
0,0,0.0795639
0,0,0.0796428
0,0,0.0796537
0,0,0.0797568
0,0,0.0797639
0,0,0.0798227
0,0,0.0798773
0,0,0.0798983
0,0,0.0800474
0,0,0.080103
0,0,0.0802579
0,0,0.0804424
0,0,0.0805729
0,0,0.0807219
0,0,0.080803
0,0,0.0808162
0,0,0.0808978
0,0,0.0809426
0,0,0.0809645
0,0,0.0810039
0,0,0.0812018
0,0,0.0812109
0,0,0.0812208
0,0,0.0812337
0,0,0.0814305
0,0,0.0816472
0,0,0.0817288
0,0,0.0817481
0,0,0.0818289
0,0,0.0818385
0,0,0.0819233
0,0,0.0820724
0,0,0.0825125
0,0,0.0825608
0,0,0.0826847
0,0,0.0827082
0,0,0.08273
0,0,0.082887
0,0,0.0829004
0,0,0.0831036
0,0,0.0833109
0,0,0.083352
0,0,0.083363
0,0,0.0833646
0,0,0.0834157
0,0,0.0835293
0,0,0.0837565
0,0,0.0837828
0,0,0.0837938
0,0,0.0837954
0,0,0.0839008
0,0,0.0839878
0,0,0.0840361
0,0,0.0841316
0,0,0.0841349
0,0,0.0843518
0,0,0.0844773
0,0,0.0845167
0,0,0.0848922
0,0,0.0849048
0,0,0.0851023
0,0,0.0851382
0,0,0.0853331
0,0,0.0854257
0,0,0.08549
0,0,0.0855897
0,0,0.0857409
0,0,0.0858171
0,0,0.0858201
0,0,0.085831
0,0,0.085949
0,0,0.0860492
0,0,0.0862541
0,0,0.0864839
0,0,0.0865226
0,0,0.0865418
0,0,0.0865707
0,0,0.0865852
0,0,0.0866175
0,0,0.0867001
0,0,0.0867277
0,0,0.0867978
0,0,0.0868858
0,0,0.0869524
0,0,0.0869893
0,0,0.0871407
0,0,0.0871597
0,0,0.0871875
0,0,0.0872536
0,0,0.08735
0,0,0.0873858
0,0,0.0874075
0,0,0.0874606
0,0,0.0875624
0,0,0.0876023
0,0,0.0876041
0,0,0.0876289
0,0,0.0877107
0,0,0.0877876
0,0,0.0878052
0,0,0.0880846
0,0,0.0881704
0,0,0.0881864
0,0,0.088545
0,0,0.0886225
0,0,0.0886525
0,0,0.088681
0,0,0.0887637
0,0,0.0888039
0,0,0.0889325
0,0,0.088957
0,0,0.0890643
0,0,0.0891964
0,0,0.0892656
0,0,0.0893635
0,0,0.0894925
0,0,0.0895815
0,0,0.089599
0,0,0.0896919
0,0,0.0897523
0,0,0.0898607
0,0,0.0900178
0,0,0.0901616
0,0,0.0902804
0,0,0.0903274
0,0,0.090395
0,0,0.0904184
0,0,0.0905058
0,0,0.0905252
0,0,0.0905416
0,0,0.090578
0,0,0.0908315
0,0,0.0909201
0,0,0.0909349
0,0,0.0909581
0,0,0.0910389
0,0,0.0911163
0,0,0.0911761
0,0,0.0912716
0,0,0.0913121
0,0,0.0914322
0,0,0.091489
0,0,0.0916516
0,0,0.0916826
0,0,0.091709
0,0,0.0917418
0,0,0.0917619
0,0,0.0918893
0,0,0.0920085
0,0,0.0920582
0,0,0.0920691
0,0,0.0920938
0,0,0.0922786
0,0,0.0923842
0,0,0.0924216
0,0,0.0925619
0,0,0.0925899
0,0,0.0926157
0,0,0.0927395
0,0,0.0927844
0,0,0.0929664
0,0,0.0929801
0,0,0.0929988
0,0,0.0930776
0,0,0.0932113
0,0,0.0932126
0,0,0.0932959
0,0,0.0938778
0,0,0.0939261
0,0,0.094047
0,0,0.0941871
0,0,0.0941878
0,0,0.0942158
0,0,0.0942591
0,0,0.0942676
0,0,0.094304
0,0,0.0945286
0,0,0.0945979
0,0,0.0946914
0,0,0.0947125
0,0,0.0948026
0,0,0.0949352
0,0,0.0950721
0,0,0.0953304
0,0,0.0953524
0,0,0.0956544
0,0,0.0957877
0,0,0.0958276
0,0,0.0959863
0,0,0.0960105
0,0,0.0960264
0,0,0.0960731
0,0,0.096109
0,0,0.0961343
0,0,0.0962975
0,0,0.096318
0,0,0.0964353
0,0,0.096537
0,0,0.096784
0,0,0.0967907
0,0,0.0970043
0,0,0.0972588
0,0,0.0975447
0,0,0.0976062
0,0,0.0976134
0,0,0.097654
0,0,0.0978348
0,0,0.0982413
0,0,0.0982956
0,0,0.0983773
0,0,0.0985562
0,0,0.0987025
0,0,0.0987484
0,0,0.098918
0,0,0.0989308
0,0,0.0989823
0,0,0.0991443
0,0,0.0991952
0,0,0.0992244
0,0,0.0992783
0,0,0.0992867
0,0,0.0995248
0,0,0.099782
0,0,0.0997887
0,0,0.0999665
0,0,0.0999954
0,0,0.100053
0,0,0.100241
0,0,0.100578
0,0,0.10062
0,0,0.100638
0,0,0.100845
0,0,0.100929
0,0,0.101039
0,0,0.101487
0,0,0.10197
0,0,0.10201
0,0,0.102037
0,0,0.102114
0,0,0.102349
0,0,0.102435
0,0,0.102591
0,0,0.102619
0,0,0.10266
0,0,0.1027
0,0,0.10273
0,0,0.102794
0,0,0.1029
0,0,0.103073
0,0,0.103349
0,0,0.103813
0,0,0.103838
0,0,0.104041
0,0,0.104101
0,0,0.10423
0,0,0.104246
0,0,0.104387
0,0,0.104409
0,0,0.104487
0,0,0.104489
0,0,0.104766
0,0,0.104979
0,0,0.105002
0,0,0.105334
0,0,0.105372
0,0,0.105542
0,0,0.105718
0,0,0.105948
0,0,0.106269
0,0,0.106282
0,0,0.106348
0,0,0.106519
0,0,0.106671
0,0,0.106953
0,0,0.107588
0,0,0.107784
0,0,0.107849
0,0,0.108406
0,0,0.108446
0,0,0.108473
0,0,0.10877
0,0,0.108866
0,0,0.108877
0,0,0.109205
0,0,0.109715
0,0,0.109719
0,0,0.109804
0,0,0.110037
0,0,0.110188
0,0,0.110308
0,0,0.110547
0,0,0.110821
0,0,0.111015
0,0,0.111148
0,0,0.111305
0,0,0.111387
0,0,0.11178
0,0,0.111794
0,0,0.111797
0,0,0.111809
0,0,0.111882
0,0,0.11218
0,0,0.112196
0,0,0.112245
0,0,0.1123
0,0,0.112306
0,0,0.112402
0,0,0.112571
0,0,0.112941
0,0,0.11314
0,0,0.113282
0,0,0.113441
0,0,0.113845
0,0,0.113847
0,0,0.113941
0,0,0.113947
0,0,0.114247
0,0,0.114289
0,0,0.1143
0,0,0.114327
0,0,0.1145
0,0,0.114758
0,0,0.11484
0,0,0.114858
0,0,0.115045
0,0,0.115112
0,0,0.115278
0,0,0.115385
0,0,0.115466
0,0,0.115692
0,0,0.115798
0,0,0.115829
0,0,0.115982
0,0,0.116256
0,0,0.116266
0,0,0.116437
0,0,0.116566
0,0,0.116786
0,0,0.117161
0,0,0.117247
0,0,0.117296
0,0,0.117506
0,0,0.117528
0,0,0.117948
0,0,0.118128
0,0,0.118152
0,0,0.118227
0,0,0.118239
0,0,0.118262
0,0,0.118364
0,0,0.118744
0,0,0.119288
0,0,0.119346
0,0,0.119384
0,0,0.119417
0,0,0.11949
0,0,0.119566
0,0,0.119677
0,0,0.119711
0,0,0.119861
0,0,0.119869
0,0,0.120089
0,0,0.120104
0,0,0.120163
0,0,0.120181
0,0,0.120301
0,0,0.120302
0,0,0.120304
0,0,0.120614
0,0,0.120818
0,0,0.120868
0,0,0.121003
0,0,0.121062
0,0,0.121107
0,0,0.121508
0,0,0.121703
0,0,0.121724
0,0,0.121862
0,0,0.121887
0,0,0.122095
0,0,0.122228
0,0,0.122295
0,0,0.122411
0,0,0.122528
0,0,0.122831
0,0,0.122934
0,0,0.123186
0,0,0.123367
0,0,0.123597
0,0,0.123664
0,0,0.123817
0,0,0.123917
0,0,0.124091
0,0,0.124138
0,0,0.124265
0,0,0.124316
0,0,0.124398
0,0,0.124419
0,0,0.124658
0,0,0.124698
0,0,0.12482
0,0,0.124841
0,0,0.125364
0,0,0.12571
0,0,0.126143
0,0,0.126229
0,0,0.12627
0,0,0.126414
0,0,0.126518
0,0,0.126529
0,0,0.126852
0,0,0.126855
0,0,0.12698
0,0,0.127081
0,0,0.127216
0,0,0.127218
0,0,0.1273
0,0,0.127429
0,0,0.127478
0,0,0.127592
0,0,0.127667
0,0,0.128205
0,0,0.128268
0,0,0.12836
0,0,0.128923
0,0,0.129293
0,0,0.129487
0,0,0.129728
0,0,0.1298
0,0,0.130062
0,0,0.130087
0,0,0.130109
0,0,0.130539
0,0,0.130603
0,0,0.130856
0,0,0.13114
0,0,0.131631
0,0,0.13173
0,0,0.131738
0,0,0.131928
0,0,0.131943
0,0,0.132485
0,0,0.132532
0,0,0.132572
0,0,0.132936
0,0,0.133059
0,0,0.133205
0,0,0.133206
0,0,0.133209
0,0,0.133305
0,0,0.133668
0,0,0.133729
0,0,0.134391
0,0,0.134458
0,0,0.134459
0,0,0.134772
0,0,0.135042
0,0,0.135074
0,0,0.135198
0,0,0.135419
0,0,0.135688
0,0,0.135946
0,0,0.136073
0,0,0.136516
0,0,0.13655
0,0,0.136599
0,0,0.136815
0,0,0.136998
0,0,0.137432
0,0,0.137723
0,0,0.137731
0,0,0.137873
0,0,0.137906
0,0,0.137919
0,0,0.137987
0,0,0.138131
0,0,0.138436
0,0,0.138532
0,0,0.138649
0,0,0.139094
0,0,0.139742
0,0,0.140171
0,0,0.140486
0,0,0.140568
0,0,0.140692
0,0,0.140832
0,0,0.141001
0,0,0.141209
0,0,0.141488
0,0,0.141667
0,0,0.141676
0,0,0.141874
0,0,0.141942
0,0,0.141956
0,0,0.142122
0,0,0.142756
0,0,0.143021
0,0,0.143029
0,0,0.143234
0,0,0.143396
0,0,0.143487
0,0,0.143614
0,0,0.143658
0,0,0.14384
0,0,0.14388
0,0,0.14388
0,0,0.143904
0,0,0.14392
0,0,0.144317
0,0,0.14488
0,0,0.145014
0,0,0.145092
0,0,0.145139
0,0,0.145526
0,0,0.145858
0,0,0.145901
0,0,0.145941
0,0,0.14616
0,0,0.146377
0,0,0.146463
0,0,0.146493
0,0,0.146512
0,0,0.146614
0,0,0.146734
0,0,0.146816
0,0,0.146818
0,0,0.147221
0,0,0.147458
0,0,0.147833
0,0,0.147937
0,0,0.14848
0,0,0.148667
0,0,0.148741
0,0,0.149342
0,0,0.149469
0,0,0.149606
0,0,0.150018
0,0,0.150161
0,0,0.15021
0,0,0.150395
0,0,0.150588
0,0,0.150602
0,0,0.150681
0,0,0.150723
0,0,0.150943
0,0,0.151094
0,0,0.151129
0,0,0.151272
0,0,0.151285
0,0,0.15152
0,0,0.151554
0,0,0.151835
0,0,0.151887
0,0,0.151923
0,0,0.151923
0,0,0.151933
0,0,0.153086
0,0,0.153706
0,0,0.154313
0,0,0.15474
0,0,0.155302
0,0,0.155742
0,0,0.155898
0,0,0.156263
0,0,0.156667
0,0,0.15716
0,0,0.157266
0,0,0.157288
0,0,0.157345
0,0,0.157522
0,0,0.157556
0,0,0.157646
0,0,0.15805
0,0,0.15817
0,0,0.158298
0,0,0.158343
0,0,0.158548
0,0,0.158682
0,0,0.159009
0,0,0.159112
0,0,0.15929
0,0,0.159477
0,0,0.160187
0,0,0.160397
0,0,0.160569
0,0,0.160676
0,0,0.161287
0,0,0.16131
0,0,0.161314
0,0,0.161786
0,0,0.161898
0,0,0.162117
0,0,0.162367
0,0,0.162536
0,0,0.162797
0,0,0.16331
0,0,0.163428
0,0,0.163558
0,0,0.163576
0,0,0.163781
0,0,0.164118
0,0,0.16433
0,0,0.164448
0,0,0.164855
0,0,0.164884
0,0,0.165081
0,0,0.165285
0,0,0.165455
0,0,0.166062
0,0,0.166065
0,0,0.166112
0,0,0.166678
0,0,0.166963
0,0,0.167487
0,0,0.167713
0,0,0.167772
0,0,0.167783
0,0,0.168176
0,0,0.168428
0,0,0.168464
0,0,0.1687
0,0,0.168728
0,0,0.168815
0,0,0.169006
0,0,0.169749
0,0,0.169803
0,0,0.169936
0,0,0.17009
0,0,0.170675
0,0,0.170787
0,0,0.171236
0,0,0.171416
0,0,0.171472
0,0,0.171639
0,0,0.171657
0,0,0.172345
0,0,0.172602
0,0,0.172718
0,0,0.172788
0,0,0.172993
0,0,0.173066
0,0,0.173218
0,0,0.173353
0,0,0.173392
0,0,0.173441
0,0,0.173501
0,0,0.174119
0,0,0.174171
0,0,0.174714
0,0,0.174746
0,0,0.174973
0,0,0.17528
0,0,0.175805
0,0,0.176482
0,0,0.176671
0,0,0.176793
0,0,0.176985
0,0,0.177859
0,0,0.177987
0,0,0.178005
0,0,0.178086
0,0,0.178406
0,0,0.17867
0,0,0.17925
0,0,0.180998
0,0,0.181063
0,0,0.18197
0,0,0.182057
0,0,0.182398
0,0,0.182496
0,0,0.182793
0,0,0.182938
0,0,0.18327
0,0,0.184006
0,0,0.184161
0,0,0.184339
0,0,0.184443
0,0,0.184683
0,0,0.185009
0,0,0.185095
0,0,0.185589
0,0,0.186052
0,0,0.186102
0,0,0.186311
0,0,0.186354
0,0,0.186912
0,0,0.187087
0,0,0.187221
0,0,0.187342
0,0,0.187369
0,0,0.187787
0,0,0.187993
0,0,0.188008
0,0,0.188026
0,0,0.188027
0,0,0.188429
0,0,0.189247
0,0,0.189284
0,0,0.1893
0,0,0.18936
0,0,0.190043
0,0,0.19051
0,0,0.190899
0,0,0.191024
0,0,0.191891
0,0,0.192456
0,0,0.192621
0,0,0.193006
0,0,0.193777
0,0,0.193819
0,0,0.193834
0,0,0.194962
0,0,0.195016
0,0,0.195311
0,0,0.195825
0,0,0.196259
0,0,0.196395
0,0,0.196657
0,0,0.197026
0,0,0.197066
0,0,0.197704
0,0,0.197793
0,0,0.198144
0,0,0.198554
0,0,0.198647
0,0,0.199179
0,0,0.1999
0,0,0.19998
0,0,0.200055
0,0,0.200511
0,0,0.200644
0,0,0.201337
0,0,0.201806
0,0,0.202182
0,0,0.202314
0,0,0.202448
0,0,0.203863
0,0,0.20395
0,0,0.204162
0,0,0.204191
0,0,0.204687
0,0,0.204775
0,0,0.204833
0,0,0.205292
0,0,0.205407
0,0,0.205415
0,0,0.206361
0,0,0.206541
0,0,0.206786
0,0,0.206881
0,0,0.207255
0,0,0.208642
0,0,0.209096
0,0,0.209874
0,0,0.210507
0,0,0.210774
0,0,0.211362
0,0,0.211758
0,0,0.212026
0,0,0.212157
0,0,0.212478
0,0,0.21301
0,0,0.21339
0,0,0.213654
0,0,0.214167
0,0,0.214654
0,0,0.214855
0,0,0.215096
0,0,0.215531
0,0,0.215906
0,0,0.216323
0,0,0.2168
0,0,0.216991
0,0,0.217013
0,0,0.217155
0,0,0.217191
0,0,0.21734
0,0,0.217457
0,0,0.219319
0,0,0.22047
0,0,0.220564
0,0,0.220707
0,0,0.221031
0,0,0.221177
0,0,0.221203
0,0,0.221311
0,0,0.221366
0,0,0.221957
0,0,0.222906
0,0,0.22325
0,0,0.223379
0,0,0.223471
0,0,0.223767
0,0,0.225272
0,0,0.225376
0,0,0.2254
0,0,0.225787
0,0,0.226222
0,0,0.226297
0,0,0.226991
0,0,0.227005
0,0,0.22861
0,0,0.228902
0,0,0.229189
0,0,0.229288
0,0,0.229784
0,0,0.230337
0,0,0.230487
0,0,0.230954
0,0,0.231199
0,0,0.231364
0,0,0.231611
0,0,0.231955
0,0,0.232562
0,0,0.233011
0,0,0.233345
0,0,0.233804
0,0,0.233861
0,0,0.234242
0,0,0.234923
0,0,0.235182
0,0,0.235205
0,0,0.235207
0,0,0.235296
0,0,0.236024
0,0,0.236054
0,0,0.236664
0,0,0.23723
0,0,0.237514
0,0,0.237744
0,0,0.237751
0,0,0.237931
0,0,0.238331
0,0,0.238508
0,0,0.238566
0,0,0.23892
0,0,0.239568
0,0,0.24008
0,0,0.240262
0,0,0.240345
0,0,0.240389
0,0,0.240434
0,0,0.240467
0,0,0.240673
0,0,0.241755
0,0,0.241789
0,0,0.242223
0,0,0.242249
0,0,0.242277
0,0,0.24281
0,0,0.242815
0,0,0.243214
0,0,0.243732
0,0,0.244306
0,0,0.244551
0,0,0.244727
0,0,0.245092
0,0,0.245596
0,0,0.245719
0,0,0.246301
0,0,0.246987
0,0,0.247172
0,0,0.24726
0,0,0.247567
0,0,0.247844
0,0,0.247871
0,0,0.248256
0,0,0.248307
0,0,0.248592
0,0,0.248616
0,0,0.248622
0,0,0.248746
0,0,0.248944
0,0,0.250598
0,0,0.250631
0,0,0.251853
0,0,0.252029
0,0,0.25215
0,0,0.25241
0,0,0.252434
0,0,0.252609
0,0,0.253415
0,0,0.25375
0,0,0.25533
0,0,0.255625
0,0,0.25616
0,0,0.25635
0,0,0.25657
0,0,0.256649
0,0,0.256884
0,0,0.257376
0,0,0.257438
0,0,0.257568
0,0,0.257624
0,0,0.257949
0,0,0.257982
0,0,0.258097
0,0,0.258204
0,0,0.258527
0,0,0.259501
0,0,0.25982
0,0,0.260681
0,0,0.262528
0,0,0.262864
0,0,0.26457
0,0,0.264686
0,0,0.265445
0,0,0.265619
0,0,0.265769
0,0,0.26644
0,0,0.267445
0,0,0.268474
0,0,0.268743
0,0,0.269309
0,0,0.270892
0,0,0.270945
0,0,0.271955
0,0,0.272407
0,0,0.273189
0,0,0.273237
0,0,0.273778
0,0,0.274837
0,0,0.275562
0,0,0.27685
0,0,0.27709
0,0,0.277498
0,0,0.277601
0,0,0.277725
0,0,0.278087
0,0,0.278959
0,0,0.279754
0,0,0.280278
0,0,0.281429
0,0,0.281467
0,0,0.281592
0,0,0.281633
0,0,0.282914
0,0,0.283182
0,0,0.283677
0,0,0.284164
0,0,0.285005
0,0,0.285225
0,0,0.286521
0,0,0.287778
0,0,0.28817
0,0,0.288516
0,0,0.288762
0,0,0.288767
0,0,0.289054
0,0,0.289662
0,0,0.291515
0,0,0.293605
0,0,0.293606
0,0,0.293825
0,0,0.294897
0,0,0.295111
0,0,0.296729
0,0,0.297832
0,0,0.299701
0,0,0.300533
0,0,0.300728
0,0,0.300828
0,0,0.30093
0,0,0.301026
0,0,0.302704
0,0,0.303315
0,0,0.303485
0,0,0.30354
0,0,0.304239
0,0,0.304747
0,0,0.304851
0,0,0.304998
0,0,0.30602
0,0,0.306275
0,0,0.306723
0,0,0.307192
0,0,0.30722
0,0,0.308126
0,0,0.308394
0,0,0.309034
0,0,0.310082
0,0,0.311068
0,0,0.311087
0,0,0.312223
0,0,0.313626
0,0,0.314711
0,0,0.31571
0,0,0.316537
0,0,0.316671
0,0,0.316857
0,0,0.318645
0,0,0.318796
0,0,0.319338
0,0,0.320752
0,0,0.321211
0,0,0.321508
0,0,0.322194
0,0,0.3234
0,0,0.328818
0,0,0.32922
0,0,0.330219
0,0,0.331677
0,0,0.331995
0,0,0.332477
0,0,0.333413
0,0,0.333824
0,0,0.335845
0,0,0.335869
0,0,0.337556
0,0,0.338818
0,0,0.339675
0,0,0.341442
0,0,0.342764
0,0,0.343313
0,0,0.343779
0,0,0.344269
0,0,0.345511
0,0,0.345816
0,0,0.347306
0,0,0.347551
0,0,0.347859
0,0,0.350979
0,0,0.351437
0,0,0.351473
0,0,0.352529
0,0,0.35421
0,0,0.358872
0,0,0.359844
0,0,0.361564
0,0,0.36183
0,0,0.363513
0,0,0.367699
0,0,0.368604
0,0,0.370156
0,0,0.372403
0,0,0.373459
0,0,0.375624
0,0,0.375983
0,0,0.378738
0,0,0.382641
0,0,0.384378
0,0,0.385089
0,0,0.38612
0,0,0.38673
0,0,0.388697
0,0,0.397162
0,0,0.398472
0,0,0.400097
0,0,0.403636
0,0,0.406056
0,0,0.40837
0,0,0.409153
0,0,0.410324
0,0,0.411412
0,0,0.412656
0,0,0.41419
0,0,0.4157
0,0,0.419433
0,0,0.422584
0,0,0.42399
0,0,0.424226
0,0,0.428427
0,0,0.431343
0,0,0.432439
0,0,0.432781
0,0,0.432856
0,0,0.433076
0,0,0.435283
0,0,0.435686
0,0,0.442315
0,0,0.444072
0,0,0.446624
0,0,0.45172
0,0,0.455337
0,0,0.456568
0,0,0.458247
0,0,0.463649
0,0,0.465922
0,0,0.466895
0,0,0.469572
0,0,0.470449
0,0,0.475031
0,0,0.476803
0,0,0.477543
0,0,0.480121
0,0,0.480827
0,0,0.482837
0,0,0.487248
0,0,0.495675
0,0,0.502901
0,0,0.505148
0,0,0.508518
0,0,0.509558
0,0,0.510616
0,0,0.51135
0,0,0.513961
0,0,0.518867
0,0,0.526137
0,0,0.530045
0,0,0.537458
0,0,0.543743
0,0,0.563433
0,0,0.565753
0,0,0.569507
0,0,0.573225
0,0,0.591435
0,0,0.593634
0,0,0.605959
0,0,0.653871
0,0,0.655338
0,0,0.662644
0,0,0.673242
0,0,0.685964
0,0,0.686448
0,0,0.695871
0,0,0.699676
0,0,0.710356
0,0,0.752634
0,0,0.757779
0,0,0.793227
0,0,0.817445
0,0,0.951607
0,0,0.990736
0,0,3
1,1.50109,2.07267
1,1.34594,1.3473
1,1.11704,1.32407
1,1.09477,1.21474
1,1.07913,1.24048
1,1.01981,1.05435
1,1.00512,1.07397
1,0.994084,1.0003
1,0.984774,1.4274
1,0.981004,1.00141
1,0.948197,1.09196
1,0.899936,1.18476
1,0.895429,1.00583
1,0.854615,0.958242
1,0.852612,1.21081
1,0.826207,0.836747
1,0.80588,0.806057
1,0.804694,0.812793
1,0.796578,0.913576
1,0.784809,0.912776
1,0.775944,1.34085
1,0.769512,0.806493
1,0.76573,0.778516
1,0.741069,0.812346
1,0.738637,0.987522
1,0.721674,0.731
1,0.69906,0.855901
1,0.696067,0.758424
1,0.683398,0.694881
1,0.674153,0.678506
1,0.642144,0.669627
1,0.635037,0.69026
1,0.631181,0.643681
1,0.625144,0.631276
1,0.625141,0.669554
1,0.619182,0.653853
1,0.61388,0.617852
1,0.611451,0.612172
1,0.61086,0.614966
1,0.608599,0.829156
1,0.596517,0.737752
1,0.594274,0.634766
1,0.59418,0.657471
1,0.593816,0.744167
1,0.586749,0.604735
1,0.585898,0.593266
1,0.579567,0.618267
1,0.579499,0.648534
1,0.577751,0.581462
1,0.576085,0.646342
1,0.573259,0.59789
1,0.56489,0.797628
1,0.563616,0.665553
1,0.556792,0.677203
1,0.553464,1.15438
1,0.552134,0.634742
1,0.548195,0.629216
1,0.546308,0.612172
1,0.545305,0.950873
1,0.544318,0.679608
1,0.535967,0.600224
1,0.527918,0.62705
1,0.525301,0.647016
1,0.50564,0.521299
1,0.504255,0.553436
1,0.499154,0.577842
1,0.49843,0.503104
1,0.497397,0.523958
1,0.492231,0.598889
1,0.485991,0.55696
1,0.485929,0.510158
1,0.485667,0.583464
1,0.483147,0.508014
1,0.479597,0.486106
1,0.479386,0.734379
1,0.478442,0.533556
1,0.478351,0.54224
1,0.472529,0.630887
1,0.469353,0.488225
1,0.468714,0.586319
1,0.467415,0.54963
1,0.465226,0.548137
1,0.464676,0.736856
1,0.461262,0.473158
1,0.458567,0.486138
1,0.456574,0.481393
1,0.455288,0.47406
1,0.454162,0.475925
1,0.450702,0.565262
1,0.447794,0.467519
1,0.447273,0.47016
1,0.447086,0.53781
1,0.446753,0.499314
1,0.445932,0.518586
1,0.444204,0.444366
1,0.442395,0.50626
1,0.433522,0.4355
1,0.420192,0.472208
1,0.419353,0.578557
1,0.417299,0.50867
1,0.415275,0.475071
1,0.413946,0.582489
1,0.413252,0.419899
1,0.413047,0.432925
1,0.412424,0.516549
1,0.409951,0.609327
1,0.407945,0.42826
1,0.405415,0.483627
1,0.402429,0.481791
1,0.400208,0.433955
1,0.399614,0.508354
1,0.399154,0.410912
1,0.390888,0.474077
1,0.390553,0.427663
1,0.39001,0.393285
1,0.388994,0.41564
1,0.38729,0.534788
1,0.386786,0.39441
1,0.386402,0.401486
1,0.383396,0.394447
1,0.382666,0.440824
1,0.382434,0.49409
1,0.380469,0.395959
1,0.378554,0.407724
1,0.375346,0.54117
1,0.374266,0.383151
1,0.373517,0.463592
1,0.372501,0.428543
1,0.371424,0.3933
1,0.371205,0.515582
1,0.370875,0.379759
1,0.370619,0.411427
1,0.369063,0.449989
1,0.368415,0.481531
1,0.367905,0.452273
1,0.367253,0.403999
1,0.36431,0.413611
1,0.363521,0.39486
1,0.361833,0.469394
1,0.358459,0.383368
1,0.358102,0.520943
1,0.356434,0.453234
1,0.355357,0.413472
1,0.35478,0.39124
1,0.354674,0.412779
1,0.353243,0.516899
1,0.35146,0.546925
1,0.350735,0.511496
1,0.350267,0.399364
1,0.34868,0.445433
1,0.348278,0.393212
1,0.34605,0.484878
1,0.344833,0.503871
1,0.343375,0.450296
1,0.341985,0.412522
1,0.341211,0.342205
1,0.340388,0.41413
1,0.334478,0.395327
1,0.333699,0.349637
1,0.333445,0.451307
1,0.333333,0.379329
1,0.330531,0.33433
1,0.32905,0.358312
1,0.328805,0.361179
1,0.328593,0.380576
1,0.327487,0.334847
1,0.326735,0.335334
1,0.326098,0.426909
1,0.325393,0.341889
1,0.324252,0.325766
1,0.322979,0.372241
1,0.322458,0.323175
1,0.322085,0.389759
1,0.320477,0.324856
1,0.317304,0.384766
1,0.317137,0.386341
1,0.3165,0.343664
1,0.316355,0.317397
1,0.315971,0.46367
1,0.315476,0.331092
1,0.315286,0.347242
1,0.313626,0.406044
1,0.313348,0.35953
1,0.311758,0.401474
1,0.311149,0.312282
1,0.31043,0.315968
1,0.310288,0.455116
1,0.306572,0.338563
1,0.306482,0.362303
1,0.305925,0.319906
1,0.305305,0.331722
1,0.305135,0.339767
1,0.303517,0.406394
1,0.300414,0.331811
1,0.29728,0.299403
1,0.296998,0.312289
1,0.295993,0.345359
1,0.295449,0.367611
1,0.295088,0.3525
1,0.294838,0.303752
1,0.294054,0.515108
1,0.292704,0.349961
1,0.29184,0.4014
1,0.289774,0.297153
1,0.289509,0.320671
1,0.287714,0.309841
1,0.28731,0.317659
1,0.286919,0.292865
1,0.28674,0.286872
1,0.286346,0.309821
1,0.285342,0.359276
1,0.284366,0.299161
1,0.283088,0.295477
1,0.282878,0.328736
1,0.279124,0.297833
1,0.278441,0.345062
1,0.278165,0.356461
1,0.276727,0.597778
1,0.276585,0.294257
1,0.274434,0.406074
1,0.273433,0.376247
1,0.27325,0.286367
1,0.272424,0.27825
1,0.271459,0.288337
1,0.270753,0.286829
1,0.270122,0.271729
1,0.269456,0.335179
1,0.268895,0.269433
1,0.268759,0.316524
1,0.268304,0.297799
1,0.267952,0.273151
1,0.26794,0.296914
1,0.266279,0.299788
1,0.266144,0.297833
1,0.263872,0.379864
1,0.263441,0.269813
1,0.26285,0.401732
1,0.261246,0.304751
1,0.259805,0.395514
1,0.258292,0.264981
1,0.258265,0.283806
1,0.258036,0.357486
1,0.257874,0.265165
1,0.257608,0.294375
1,0.256737,0.276588
1,0.254359,0.294754
1,0.254087,0.299712
1,0.253916,0.301996
1,0.253454,0.255705
1,0.253082,0.280636
1,0.249985,0.254389
1,0.24789,0.411885
1,0.246853,0.278855
1,0.246676,0.268643
1,0.2453,0.298848
1,0.245244,0.255862
1,0.244782,0.296488
1,0.24043,0.245927
1,0.23951,0.265479
1,0.239162,0.260148
1,0.239153,0.299475
1,0.237145,0.256372
1,0.234683,0.346951
1,0.232991,0.244238
1,0.232102,0.255603
1,0.231489,0.249855
1,0.230678,0.270778
1,0.230592,0.281036
1,0.230232,0.244844
1,0.228075,0.278103
1,0.227513,0.227587
1,0.227311,0.231078
1,0.22679,0.25354
1,0.225885,0.249608
1,0.224835,0.235233
1,0.2227,0.254585
1,0.221019,0.228972
1,0.220826,0.283914
1,0.220389,0.227089
1,0.216099,0.226463
1,0.216033,0.25781
1,0.21599,0.225862
1,0.212089,0.224951
1,0.210601,0.216123
1,0.209722,0.29526
1,0.209709,0.236781
1,0.209178,0.232091
1,0.208656,0.232591
1,0.208225,0.212595
1,0.20778,0.231977
1,0.207592,0.252069
1,0.207332,0.233575
1,0.207284,0.231469
1,0.205906,0.220456
1,0.203051,0.265129
1,0.202679,0.202876
1,0.202211,0.218212
1,0.201762,0.208321
1,0.201172,0.262504
1,0.199053,0.24121
1,0.198571,0.243837
1,0.198494,0.199169
1,0.198225,0.200175
1,0.196542,0.20996
1,0.195607,0.234036
1,0.194332,0.225567
1,0.193324,0.197031
1,0.192934,0.223973
1,0.192847,0.203586
1,0.191002,0.207435
1,0.190674,0.200278
1,0.190518,0.264846
1,0.190265,0.19789
1,0.190173,0.214244
1,0.186078,0.189253
1,0.185732,0.215219
1,0.185562,0.20305
1,0.185228,0.217504
1,0.184311,0.202568
1,0.183154,0.18403
1,0.182898,0.234033
1,0.182872,0.22789
1,0.182408,0.210443
1,0.182205,0.197883
1,0.181824,0.192933
1,0.18134,0.192824
1,0.181255,0.190207
1,0.180691,0.187376
1,0.180572,0.279756
1,0.180321,0.195699
1,0.17995,0.181381
1,0.179082,0.201964
1,0.179,0.180259
1,0.178581,0.190843
1,0.178209,0.195985
1,0.177575,0.231623
1,0.176611,0.184976
1,0.176384,0.19538
1,0.175002,0.201418
1,0.17462,0.18572
1,0.174224,0.177541
1,0.174144,0.223165
1,0.173098,0.195611
1,0.172583,0.195422
1,0.17258,0.185571
1,0.171568,0.189585
1,0.171135,0.172582
1,0.167796,0.188921
1,0.16766,0.205838
1,0.166966,0.168625
1,0.166621,0.172818
1,0.166273,0.189116
1,0.166208,0.16845
1,0.165944,0.171949
1,0.165763,0.238118
1,0.1657,0.191797
1,0.165543,0.201181
1,0.1652,0.1712
1,0.164388,0.182993
1,0.163068,0.180436
1,0.16253,0.194083
1,0.162457,0.214409
1,0.162258,0.215211
1,0.162216,0.170745
1,0.161594,0.166806
1,0.161324,0.177979
1,0.160833,0.162126
1,0.16052,0.17598
1,0.160498,0.191083
1,0.160452,0.185626
1,0.15988,0.17417
1,0.159765,0.165022
1,0.159407,0.167161
1,0.158877,0.189637
1,0.157563,0.178176
1,0.156753,0.199395
1,0.156203,0.169103
1,0.155931,0.15861
1,0.155907,0.161742
1,0.155718,0.211668
1,0.155582,0.174432
1,0.155465,0.168776
1,0.15521,0.165883
1,0.155159,0.19009
1,0.155115,0.155415
1,0.155022,0.187113
1,0.154976,0.155778
1,0.154438,0.208038
1,0.154391,0.21068
1,0.153683,0.159172
1,0.153426,0.171421
1,0.152567,0.203624
1,0.152488,0.155095
1,0.152102,0.198298
1,0.15178,0.154154
1,0.150705,0.196628
1,0.150444,0.178768
1,0.149975,0.173888
1,0.149643,0.162677
1,0.149616,0.213282
1,0.148257,0.189602
1,0.148174,0.195969
1,0.148149,0.149536
1,0.146797,0.174206
1,0.145851,0.18118
1,0.144814,0.192718
1,0.144316,0.226978
1,0.144025,0.155378
1,0.143883,0.169823
1,0.143098,0.208775
1,0.142945,0.159872
1,0.142467,0.183433
1,0.142126,0.149527
1,0.141998,0.171949
1,0.141611,0.144731
1,0.141443,0.154874
1,0.141302,0.144271
1,0.141144,0.174335
1,0.140876,0.221194
1,0.140307,0.168357
1,0.139418,0.158836
1,0.139328,0.157855
1,0.138959,0.140493
1,0.138849,0.142472
1,0.138152,0.151744
1,0.137507,0.152966
1,0.137435,0.152581
1,0.137303,0.139822
1,0.137117,0.176617
1,0.136146,0.14283
1,0.135577,0.165194
1,0.134569,0.151576
1,0.133904,0.156838
1,0.133809,0.136521
1,0.132935,0.157983
1,0.132004,0.149883
1,0.13166,0.151393
1,0.131654,0.153347
1,0.130973,0.171609
1,0.130247,0.140376
1,0.129053,0.148255
1,0.12901,0.141211
1,0.12901,0.129714
1,0.128865,0.148686
1,0.128723,0.139954
1,0.128135,0.129062
1,0.127933,0.131014
1,0.127598,0.129114
1,0.127543,0.135455
1,0.126883,0.180556
1,0.126553,0.14581
1,0.126232,0.1268
1,0.125627,0.139056
1,0.125528,0.147744
1,0.125084,0.128089
1,0.124765,0.126276
1,0.124711,0.132281
1,0.124664,0.128959
1,0.124374,0.127593
1,0.124062,0.161193
1,0.123929,0.125066
1,0.123786,0.145907
1,0.123709,0.178924
1,0.123289,0.126297
1,0.123244,0.180385
1,0.122975,0.155179
1,0.122955,0.129441
1,0.122559,0.125439
1,0.122262,0.171104
1,0.121953,0.147819
1,0.121192,0.121476
1,0.120852,0.149878
1,0.120464,0.160946
1,0.12035,0.150406
1,0.120248,0.126551
1,0.120065,0.153325
1,0.119893,0.144725
1,0.119839,0.135082
1,0.11942,0.129327
1,0.119278,0.129361
1,0.119164,0.122326
1,0.119112,0.127271
1,0.118584,0.135025
1,0.118413,0.18036
1,0.117806,0.11976
1,0.117527,0.149383
1,0.117413,0.135318
1,0.116706,0.129864
1,0.116194,0.136915
1,0.116038,0.128617
1,0.115888,0.142687
1,0.115879,0.16805
1,0.115729,0.144547
1,0.115184,0.128544
1,0.115085,0.121586
1,0.115028,0.1294
1,0.114539,0.135756
1,0.114331,0.131896
1,0.114122,0.123358
1,0.113277,0.117459
1,0.112452,0.149336
1,0.112214,0.152999
1,0.112145,0.117746
1,0.111962,0.135455
1,0.111916,0.130136
1,0.11157,0.128161
1,0.111113,0.118184
1,0.110612,0.119961
1,0.110466,0.134266
1,0.109848,0.114401
1,0.109529,0.121391
1,0.109147,0.121658
1,0.108638,0.121164
1,0.108513,0.108852
1,0.108362,0.121815
1,0.108092,0.113889
1,0.107881,0.132482
1,0.107851,0.126315
1,0.107471,0.107819
1,0.107434,0.1348
1,0.107179,0.118156
1,0.107117,0.109767
1,0.106874,0.107434
1,0.106798,0.136439
1,0.106163,0.139441
1,0.106078,0.106103
1,0.105592,0.145584
1,0.105218,0.109364
1,0.105116,0.125576
1,0.105116,0.117767
1,0.104615,0.116569
1,0.104507,0.115826
1,0.104206,0.123932
1,0.104196,0.106346
1,0.103855,0.126243
1,0.103418,0.107443
1,0.102853,0.147671
1,0.102396,0.118936
1,0.102154,0.107578
1,0.102096,0.102452
1,0.101999,0.165874
1,0.101864,0.14837
1,0.101819,0.112298
1,0.101722,0.13072
1,0.101634,0.135632
1,0.101438,0.113721
1,0.1014,0.124504
1,0.101378,0.123646
1,0.101119,0.101575
1,0.100839,0.122651
1,0.100739,0.137772
1,0.100553,0.12473
1,0.0999512,0.106027
1,0.0994961,0.117969
1,0.0994729,0.100429
1,0.0990962,0.154971
1,0.0983064,0.106709
1,0.0982798,0.105868
1,0.0980799,0.136495
1,0.0977217,0.0990221
1,0.0976888,0.103954
1,0.0969421,0.100275
1,0.0964509,0.145123
1,0.0956108,0.114847
1,0.0954745,0.100072
1,0.095295,0.0959051
1,0.0950488,0.134899
1,0.0949445,0.105983
1,0.094922,0.118589
1,0.0949102,0.109265
1,0.0947423,0.0992291
1,0.0947242,0.117229
1,0.0946761,0.104717
1,0.0946411,0.0971536
1,0.0946346,0.113772
1,0.0942184,0.10544
1,0.0941982,0.125249
1,0.0940532,0.0964619
1,0.0939967,0.0969983
1,0.0939674,0.0982875
1,0.0939247,0.0978639
1,0.0932763,0.0960452
1,0.0932057,0.098768
1,0.0930879,0.117015
1,0.0928275,0.146078
1,0.0927564,0.10691
1,0.0923305,0.135127
1,0.0922194,0.100407
1,0.0920546,0.109101
1,0.0917879,0.0919802
1,0.0917323,0.0933369
1,0.0916602,0.105849
1,0.0915532,0.114774
1,0.09138,0.106282
1,0.0912248,0.0914439
1,0.0911644,0.118423
1,0.0911408,0.103941
1,0.0909621,0.119097
1,0.0909267,0.140466
1,0.0907793,0.133153
1,0.0906781,0.0940042
1,0.0906086,0.108999
1,0.0906086,0.104908
1,0.0904403,0.103677
1,0.090437,0.101551
1,0.090041,0.0904241
1,0.0897599,0.0913093
1,0.0897321,0.0900314
1,0.0893087,0.132045
1,0.0890113,0.100112
1,0.0888696,0.127432
1,0.0885632,0.0909593
1,0.0880469,0.104057
1,0.0878273,0.097125
1,0.0874284,0.0879999
1,0.0870248,0.103385
1,0.0869741,0.10728
1,0.0866107,0.0879169
1,0.0862857,0.101958
1,0.0859773,0.0972658
1,0.0851187,0.0858568
1,0.0847048,0.0896053
1,0.0845584,0.0892018
1,0.0841557,0.0871463
1,0.0841402,0.0933578
1,0.0840104,0.0891566
1,0.0839183,0.107462
1,0.0837639,0.0925355
1,0.0835273,0.100006
1,0.0832319,0.0972612
1,0.083065,0.103803
1,0.0825148,0.0893064
1,0.0821637,0.083279
1,0.0819855,0.0843562
1,0.0812336,0.0902844
1,0.0810406,0.0848594
1,0.080726,0.0847227
1,0.0804394,0.085473
1,0.080273,0.0900555
1,0.07977,0.0819924
1,0.0790689,0.0829264
1,0.0790317,0.0871435
1,0.0788823,0.0896258
1,0.0787534,0.108995
1,0.0786514,0.0951974
1,0.0786096,0.0828364
1,0.078367,0.0788985
1,0.0778234,0.0874219
1,0.077678,0.0797167
1,0.0774204,0.0807137
1,0.0773288,0.0894962
1,0.0771986,0.0796135
1,0.0771756,0.0944314
1,0.0767342,0.082281
1,0.0764825,0.107095
1,0.076131,0.0814933
1,0.0753963,0.0947281
1,0.0753919,0.101958
1,0.0752447,0.0821367
1,0.0751296,0.0906628
1,0.0749783,0.0857379
1,0.0749764,0.0828364
1,0.0749688,0.0853536
1,0.0749658,0.0903024
1,0.0747789,0.080813
1,0.0747489,0.102234
1,0.0746216,0.0916797
1,0.0745943,0.102814
1,0.0740881,0.0894696
1,0.0740183,0.0756558
1,0.073814,0.0772752
1,0.073703,0.0802877
1,0.0733294,0.083164
1,0.0731384,0.0753705
1,0.0728701,0.0790433
1,0.0727834,0.0902734
1,0.0724412,0.0974667
1,0.0724073,0.0873688
1,0.0721278,0.0731511
1,0.0720604,0.0896815
1,0.0716104,0.102527
1,0.0714124,0.0823037
1,0.0711872,0.0996182
1,0.0711569,0.0782092
1,0.0708212,0.0909141
1,0.0708072,0.0746741
1,0.0704232,0.108342
1,0.0701828,0.0882008
1,0.0701366,0.0875808
1,0.0700973,0.0769143
1,0.0699595,0.117766
1,0.0697054,0.0710375
1,0.069527,0.08364
1,0.0694323,0.103092
1,0.0690251,0.0747861
1,0.0689329,0.0877051
1,0.0688557,0.0888035
1,0.0684869,0.083041
1,0.068483,0.105051
1,0.0684597,0.0732079
1,0.0683028,0.0746727
1,0.0682098,0.0815447
1,0.0681921,0.0848719
1,0.0679834,0.0761372
1,0.0679456,0.100275
1,0.0678983,0.0710529
1,0.0676771,0.0834511
1,0.0674437,0.0769876
1,0.067226,0.0752796
1,0.0670871,0.0731578
1,0.0670632,0.0751078
1,0.0667974,0.0944314
1,0.0665011,0.0758806
1,0.0664234,0.074939
1,0.0663985,0.0787893
1,0.0660345,0.0692863
1,0.0659904,0.0720329
1,0.0657015,0.0659596
1,0.0656333,0.0694373
1,0.0655054,0.0800974
1,0.0653533,0.0680444
1,0.0653364,0.0751324
1,0.0652592,0.0880053
1,0.0650394,0.0673559
1,0.0649082,0.111649
1,0.0648715,0.0770729
1,0.0643547,0.0695197
1,0.0639705,0.0778835
1,0.0638146,0.0874349
1,0.0633356,0.063558
1,0.0633042,0.0692207
1,0.0630579,0.0672931
1,0.0629209,0.0823436
1,0.0627568,0.066378
1,0.0626995,0.0676561
1,0.062655,0.0638978
1,0.0626246,0.0673391
1,0.0625526,0.0728803
1,0.062363,0.0771815
1,0.0623091,0.076933
1,0.0621448,0.0635326
1,0.0618896,0.0738005
1,0.0617686,0.0695725
1,0.0616583,0.0617667
1,0.0616511,0.0789643
1,0.0613519,0.0791418
1,0.0611281,0.0673796
1,0.0606722,0.0848814
1,0.0606055,0.0638638
1,0.0600688,0.0603001
1,0.0598988,0.0716504
1,0.0595735,0.0668723
1,0.0594644,0.0619908
1,0.0593443,0.0650401
1,0.0591651,0.0645118
1,0.0591031,0.0744481
1,0.0585302,0.0866126
1,0.0584323,0.0766522
1,0.058337,0.0605658
1,0.0581208,0.0583199
1,0.0579433,0.0613744
1,0.057907,0.0611505
1,0.0573224,0.0762348
1,0.0571632,0.0653716
1,0.0571526,0.0688193
1,0.0570651,0.081857
1,0.0562022,0.0624236
1,0.0560326,0.0591778
1,0.0560065,0.0566423
1,0.0559254,0.0597416
1,0.055799,0.0566221
1,0.0555636,0.0609102
1,0.0551673,0.0585521
1,0.0551449,0.0590583
1,0.0550832,0.0778543
1,0.0550678,0.0625649
1,0.0544497,0.0555906
1,0.0538032,0.0563668
1,0.0536042,0.0582657
1,0.0535886,0.0786275
1,0.0534923,0.0830417
1,0.0527959,0.0529966
1,0.0519386,0.094158
1,0.0516505,0.0627814
1,0.0516004,0.0605098
1,0.0512408,0.0762643
1,0.0512086,0.0515612
1,0.0511242,0.0548169
1,0.0509604,0.0635505
1,0.050013,0.0737989
1,0.0499291,0.0769921
1,0.0488851,0.0614036
1,0.0488054,0.062225
1,0.0457186,0.0500715
1,0.045301,0.0478635
1,0.0449276,0.0459303
1,0.0448347,0.0637208
1,0.0446226,0.0486696
1,0.0440896,0.0465243
1,0.0404995,0.0507749
1,0.0391368,0.041122
1,0.035771,0.0415501
1,0.0313001,0.0376804
2,1.49673,1.51659
2,1.44149,1.44709
2,1.43782,1.47899
2,1.40788,1.63103
2,1.34079,1.35842
2,1.2807,1.39462
2,1.10291,1.14984
2,1.02229,1.05212
2,0.94002,0.960422
2,0.82894,0.849192
2,0.730252,0.850338
2,0.705613,0.765447
2,0.676257,0.700894
2,0.672954,0.673446
2,0.657089,0.662397
2,0.653791,0.712135
2,0.634057,0.640601
2,0.570735,0.572246
2,0.545148,0.551845
2,0.524954,0.640715
2,0.513501,0.521862
2,0.512656,0.55633
2,0.503479,0.554919
2,0.495564,0.506375
2,0.494927,0.495582
2,0.493969,0.494007
2,0.489818,0.494316
2,0.465247,0.499062
2,0.464456,0.479102
2,0.445115,0.45002
2,0.435721,0.465815
2,0.432715,0.45377
2,0.421426,0.438932
2,0.419352,0.422546
2,0.418691,0.43334
2,0.403931,0.409338
2,0.403132,0.452007
2,0.396816,0.408907
2,0.39496,0.406072
2,0.363577,0.367
2,0.363482,0.385734
2,0.362818,0.368231
2,0.361732,0.369575
2,0.351254,0.365834
2,0.317335,0.335591
2,0.311319,0.313164
2,0.293291,0.30299
2,0.283148,0.301973
2,0.281173,0.288667
2,0.278287,0.279579
2,0.263866,0.275274
2,0.262731,0.283277
2,0.257976,0.284857
2,0.250304,0.261871
2,0.248538,0.260287
2,0.239123,0.253864
2,0.234462,0.242643
2,0.233388,0.235531
2,0.232247,0.236411
2,0.227435,0.251043
2,0.225567,0.228277
2,0.221618,0.228471
2,0.220944,0.257079
2,0.214432,0.23056
2,0.213906,0.237149
2,0.208324,0.223474
2,0.200582,0.2073
2,0.200164,0.207644
2,0.199326,0.199802
2,0.190185,0.196427
2,0.187707,0.192646
2,0.184966,0.185172
2,0.184337,0.185762
2,0.180613,0.197608
2,0.177968,0.179857
2,0.176705,0.188309
2,0.1759,0.177465
2,0.173474,0.176054
2,0.168853,0.185057
2,0.168217,0.168386
2,0.164032,0.178355
2,0.157983,0.161231
2,0.157241,0.160229
2,0.155251,0.171783
2,0.154497,0.161519
2,0.153029,0.160084
2,0.152995,0.15738
2,0.148279,0.154009
2,0.14824,0.160861
2,0.147878,0.156919
2,0.146537,0.147648
2,0.146121,0.154875
2,0.145628,0.164878
2,0.143824,0.166273
2,0.138206,0.153739
2,0.137441,0.146163
2,0.136543,0.14785
2,0.135349,0.138282
2,0.134117,0.164323
2,0.128306,0.140171
2,0.1276,0.129137
2,0.125929,0.134367
2,0.119762,0.132065
2,0.119725,0.126624
2,0.117312,0.122119
2,0.116654,0.122592
2,0.11567,0.117408
2,0.113464,0.121884
2,0.112951,0.133435
2,0.109454,0.111562
2,0.107974,0.11088
2,0.107513,0.113123
2,0.107462,0.112122
2,0.106611,0.112496
2,0.105561,0.109177
2,0.105135,0.105946
2,0.105051,0.112135
2,0.104789,0.105903
2,0.104698,0.107219
2,0.104265,0.107221
2,0.10356,0.109791
2,0.0973492,0.0993363
2,0.0962372,0.100565
2,0.0952954,0.0989737
2,0.0946031,0.0982632
2,0.0944887,0.0956457
2,0.0938781,0.104634
2,0.0935144,0.101436
2,0.0933578,0.0943533
2,0.092651,0.0933371
2,0.0918423,0.095809
2,0.0875808,0.0906037
2,0.0851421,0.0862535
2,0.0844644,0.0877178
