point cloud with 3844 points in dimension 3
0,0,0.00346718
0,0,0.00360684
0,0,0.00438788
0,0,0.00462798
0,0,0.00467607
0,0,0.00507582
0,0,0.00519177
0,0,0.00553235
0,0,0.00563451
0,0,0.0056987
0,0,0.00577287
0,0,0.00614337
0,0,0.00624698
0,0,0.00630682
0,0,0.00634325
0,0,0.00654589
0,0,0.00670978
0,0,0.00683771
0,0,0.00704514
0,0,0.0071246
0,0,0.00725639
0,0,0.00727776
0,0,0.00744209
0,0,0.0074467
0,0,0.00769806
0,0,0.00802182
0,0,0.00804862
0,0,0.00820176
0,0,0.00879961
0,0,0.00883213
0,0,0.00892822
0,0,0.00893958
0,0,0.00906448
0,0,0.00915797
0,0,0.00923662
0,0,0.00928943
0,0,0.00940851
0,0,0.00957031
0,0,0.0100115
0,0,0.0100955
0,0,0.0101298
0,0,0.0101729
0,0,0.0101754
0,0,0.0101811
0,0,0.0103896
0,0,0.0104125
0,0,0.0105115
0,0,0.0105949
0,0,0.0106024
0,0,0.0107095
0,0,0.010934
0,0,0.0110608
0,0,0.0111651
0,0,0.0116995
0,0,0.0117006
0,0,0.0117081
0,0,0.0117229
0,0,0.0119342
0,0,0.0119512
0,0,0.0121027
0,0,0.0121246
0,0,0.0121396
0,0,0.0121459
0,0,0.0121912
0,0,0.0122441
0,0,0.012302
0,0,0.0123544
0,0,0.0124025
0,0,0.0124515
0,0,0.0124566
0,0,0.0124771
0,0,0.0124988
0,0,0.0125479
0,0,0.0126309
0,0,0.0126813
0,0,0.0127377
0,0,0.012784
0,0,0.0129023
0,0,0.0129272
0,0,0.0129802
0,0,0.0129881
0,0,0.0130083
0,0,0.0130507
0,0,0.0130798
0,0,0.0130958
0,0,0.0131557
0,0,0.0131958
0,0,0.0133473
0,0,0.0134475
0,0,0.0134621
0,0,0.0134698
0,0,0.0134969
0,0,0.0135246
0,0,0.0135407
0,0,0.0135835
0,0,0.0136227
0,0,0.0136302
0,0,0.0136924
0,0,0.0139374
0,0,0.0140208
0,0,0.0140427
0,0,0.0140671
0,0,0.0141025
0,0,0.0141616
0,0,0.0143117
0,0,0.0143223
0,0,0.0143525
0,0,0.0143698
0,0,0.0144654
0,0,0.0145632
0,0,0.0146684
0,0,0.0146964
0,0,0.014732
0,0,0.0148229
0,0,0.0148787
0,0,0.0149889
0,0,0.0150677
0,0,0.0150767
0,0,0.0151505
0,0,0.0151743
0,0,0.0151987
0,0,0.0152327
0,0,0.015241
0,0,0.0153146
0,0,0.0153745
0,0,0.0154141
0,0,0.0154321
0,0,0.0154483
0,0,0.0154852
0,0,0.01552
0,0,0.0157661
0,0,0.0157838
0,0,0.0157918
0,0,0.0158094
0,0,0.0158132
0,0,0.0158807
0,0,0.0158904
0,0,0.0159438
0,0,0.0160338
0,0,0.0160693
0,0,0.016116
0,0,0.0161431
0,0,0.0162363
0,0,0.0162488
0,0,0.0163478
0,0,0.0163635
0,0,0.0164334
0,0,0.0165489
0,0,0.0166131
0,0,0.0166887
0,0,0.0167322
0,0,0.0168523
0,0,0.0168539
0,0,0.0168594
0,0,0.0169153
0,0,0.0169255
0,0,0.0169512
0,0,0.0169696
0,0,0.0169898
0,0,0.0169914
0,0,0.0170938
0,0,0.0171238
0,0,0.017151
0,0,0.0172027
0,0,0.0175923
0,0,0.0176483
0,0,0.017664
0,0,0.0176721
0,0,0.0176957
0,0,0.0177273
0,0,0.0177363
0,0,0.0178755
0,0,0.0179064
0,0,0.0179106
0,0,0.0179155
0,0,0.0179265
0,0,0.0179425
0,0,0.0179645
0,0,0.0179675
0,0,0.0179695
0,0,0.0179796
0,0,0.0180322
0,0,0.0180977
0,0,0.018139
0,0,0.018169
0,0,0.0181871
0,0,0.0181961
0,0,0.0182114
0,0,0.0182498
0,0,0.0183027
0,0,0.0183148
0,0,0.0183163
0,0,0.0183338
0,0,0.0183379
0,0,0.0183386
0,0,0.0183832
0,0,0.0185141
0,0,0.0185235
0,0,0.0185305
0,0,0.0185356
0,0,0.0185726
0,0,0.0185972
0,0,0.0186131
0,0,0.01862
0,0,0.0186382
0,0,0.0186395
0,0,0.0186508
0,0,0.0186848
0,0,0.0186884
0,0,0.0187702
0,0,0.0187758
0,0,0.0188167
0,0,0.0188826
0,0,0.0189924
0,0,0.0190518
0,0,0.0191181
0,0,0.0191251
0,0,0.0191305
0,0,0.0191614
0,0,0.0192265
0,0,0.01925
0,0,0.0192573
0,0,0.0192687
0,0,0.0193387
0,0,0.0194505
0,0,0.0194976
0,0,0.0194999
0,0,0.0195294
0,0,0.019555
0,0,0.0195554
0,0,0.0195935
0,0,0.0196132
0,0,0.0197218
0,0,0.0197283
0,0,0.0199433
0,0,0.0200046
0,0,0.0200207
0,0,0.0200875
0,0,0.0201526
0,0,0.0201853
0,0,0.0202327
0,0,0.0202343
0,0,0.0202501
0,0,0.0202772
0,0,0.0202875
0,0,0.0203117
0,0,0.0203554
0,0,0.0203964
0,0,0.0203968
0,0,0.0204136
0,0,0.020422
0,0,0.0204434
0,0,0.0204454
0,0,0.0205014
0,0,0.0205112
0,0,0.0205297
0,0,0.0205333
0,0,0.020549
0,0,0.020579
0,0,0.0206557
0,0,0.020699
0,0,0.0207215
0,0,0.0207865
0,0,0.0207866
0,0,0.0207932
0,0,0.0208269
0,0,0.0208627
0,0,0.0208755
0,0,0.0209302
0,0,0.0209483
0,0,0.0209862
0,0,0.0210342
0,0,0.0210378
0,0,0.0210678
0,0,0.0210949
0,0,0.0211013
0,0,0.0211634
0,0,0.0211711
0,0,0.0212073
0,0,0.0212271
0,0,0.021257
0,0,0.0212591
0,0,0.0212727
0,0,0.0212754
0,0,0.0212825
0,0,0.0212981
0,0,0.0213956
0,0,0.021415
0,0,0.0214153
0,0,0.0214187
0,0,0.0215108
0,0,0.0215672
0,0,0.0215721
0,0,0.0216738
0,0,0.0217238
0,0,0.0217506
0,0,0.0218555
0,0,0.0219199
0,0,0.0219652
0,0,0.0219728
0,0,0.0220221
0,0,0.0220289
0,0,0.0220296
0,0,0.022087
0,0,0.0221061
0,0,0.0222053
0,0,0.022308
0,0,0.0223672
0,0,0.0223719
0,0,0.0224228
0,0,0.0224364
0,0,0.0224389
0,0,0.0224459
0,0,0.0224882
0,0,0.0224969
0,0,0.02251
0,0,0.0226271
0,0,0.0226372
0,0,0.0226441
0,0,0.0226492
0,0,0.0226583
0,0,0.0226694
0,0,0.0226762
0,0,0.0227147
0,0,0.0227932
0,0,0.0227948
0,0,0.0228305
0,0,0.0228516
0,0,0.0228605
0,0,0.0228703
0,0,0.0229074
0,0,0.0229249
0,0,0.0229357
0,0,0.0229737
0,0,0.0229933
0,0,0.0229988
0,0,0.0230194
0,0,0.023035
0,0,0.0231531
0,0,0.0231612
0,0,0.0232451
0,0,0.0233723
0,0,0.0233872
0,0,0.0234492
0,0,0.0234821
0,0,0.0235158
0,0,0.0235852
0,0,0.02365
0,0,0.0237092
0,0,0.023724
0,0,0.0237274
0,0,0.0237444
0,0,0.0237943
0,0,0.0237977
0,0,0.0238322
0,0,0.0238353
0,0,0.0238403
0,0,0.0238533
0,0,0.0238639
0,0,0.0238644
0,0,0.0239036
0,0,0.0239124
0,0,0.0239597
0,0,0.0240254
0,0,0.0240386
0,0,0.0240396
0,0,0.0240592
0,0,0.0241154
0,0,0.0241296
0,0,0.0241541
0,0,0.0241567
0,0,0.0241798
0,0,0.0241976
0,0,0.0242562
0,0,0.0243154
0,0,0.0243476
0,0,0.0244004
0,0,0.0244079
0,0,0.0244659
0,0,0.0245062
0,0,0.0245133
0,0,0.0246149
0,0,0.0246167
0,0,0.024627
0,0,0.024628
0,0,0.0246396
0,0,0.02464
0,0,0.0246494
0,0,0.0246519
0,0,0.0246746
0,0,0.0246824
0,0,0.0247319
0,0,0.0247715
0,0,0.0247817
0,0,0.0248741
0,0,0.0248779
0,0,0.0248912
0,0,0.0249265
0,0,0.0249602
0,0,0.0249921
0,0,0.0250102
0,0,0.0250311
0,0,0.0250377
0,0,0.0250532
0,0,0.0251302
0,0,0.0251843
0,0,0.025264
0,0,0.0253011
0,0,0.0253106
0,0,0.025329
0,0,0.0253382
0,0,0.02536
0,0,0.0253645
0,0,0.0253746
0,0,0.0253888
0,0,0.025399
0,0,0.0254127
0,0,0.0254726
0,0,0.025473
0,0,0.0255093
0,0,0.0255126
0,0,0.0255267
0,0,0.0255368
0,0,0.0256134
0,0,0.0256169
0,0,0.0256247
0,0,0.0256408
0,0,0.0256655
0,0,0.025673
0,0,0.0257009
0,0,0.0257898
0,0,0.0258125
0,0,0.025854
0,0,0.0259016
0,0,0.0259125
0,0,0.0259388
0,0,0.0259405
0,0,0.0260059
0,0,0.0260267
0,0,0.0261177
0,0,0.0261312
0,0,0.0261433
0,0,0.0262352
0,0,0.02626
0,0,0.0262668
0,0,0.0262798
0,0,0.0263002
0,0,0.0263032
0,0,0.0263337
0,0,0.0263382
0,0,0.0263403
0,0,0.0263467
0,0,0.0263607
0,0,0.0263647
0,0,0.0264024
0,0,0.0264032
0,0,0.02645
0,0,0.0264791
0,0,0.0264821
0,0,0.0264903
0,0,0.0264926
0,0,0.0265233
0,0,0.0265322
0,0,0.0265335
0,0,0.0265816
0,0,0.0266426
0,0,0.0266551
0,0,0.0266825
0,0,0.0267105
0,0,0.0267157
0,0,0.0267748
0,0,0.0268124
0,0,0.0268181
0,0,0.0268235
0,0,0.0268424
0,0,0.0269412
0,0,0.0269607
0,0,0.0269739
0,0,0.0269886
0,0,0.0270424
0,0,0.0270856
0,0,0.0271114
0,0,0.0271135
0,0,0.0271555
0,0,0.0271607
0,0,0.0272009
0,0,0.027235
0,0,0.0272433
0,0,0.0272459
0,0,0.0272539
0,0,0.0272667
0,0,0.0272767
0,0,0.0272908
0,0,0.0272915
0,0,0.0273038
0,0,0.0273067
0,0,0.0273468
0,0,0.0273469
0,0,0.0273925
0,0,0.0274048
0,0,0.0274073
0,0,0.0274439
0,0,0.0274803
0,0,0.0275052
0,0,0.0275576
0,0,0.0275904
0,0,0.0275977
0,0,0.0276554
0,0,0.0276559
0,0,0.0276724
0,0,0.0277102
0,0,0.0277129
0,0,0.0277368
0,0,0.0277399
0,0,0.0277425
0,0,0.0277561
0,0,0.0277743
0,0,0.0278253
0,0,0.0278367
0,0,0.0278431
0,0,0.0278955
0,0,0.0278959
0,0,0.0279287
0,0,0.0279696
0,0,0.0280336
0,0,0.0280358
0,0,0.0281113
0,0,0.0281576
0,0,0.0281683
0,0,0.0281695
0,0,0.0282041
0,0,0.0282393
0,0,0.0282433
0,0,0.0282719
0,0,0.0284001
0,0,0.0284201
0,0,0.0284402
0,0,0.0284583
0,0,0.0284981
0,0,0.0285134
0,0,0.0285238
0,0,0.0285416
0,0,0.0285467
0,0,0.0285562
0,0,0.0285637
0,0,0.0285684
0,0,0.0285912
0,0,0.0285983
0,0,0.028605
0,0,0.0286064
0,0,0.0286542
0,0,0.0286728
0,0,0.0286838
0,0,0.0287025
0,0,0.028736
0,0,0.0287754
0,0,0.0287946
0,0,0.0288097
0,0,0.028848
0,0,0.0288537
0,0,0.0289022
0,0,0.0289589
0,0,0.0289871
0,0,0.0290125
0,0,0.0290171
0,0,0.0290319
0,0,0.0290459
0,0,0.0290541
0,0,0.0290981
0,0,0.0291327
0,0,0.029137
0,0,0.0292118
0,0,0.029262
0,0,0.0293199
0,0,0.0294284
0,0,0.0294398
0,0,0.0294404
0,0,0.0294533
0,0,0.0294766
0,0,0.0295176
0,0,0.029546
0,0,0.0295646
0,0,0.0295768
0,0,0.0295886
0,0,0.0295892
0,0,0.0296309
0,0,0.0296412
0,0,0.0296523
0,0,0.0296526
0,0,0.0296591
0,0,0.0296801
0,0,0.0297189
0,0,0.0297873
0,0,0.0298092
0,0,0.0298108
0,0,0.0298263
0,0,0.0298613
0,0,0.0298999
0,0,0.0299034
0,0,0.0299179
0,0,0.0299185
0,0,0.0299217
0,0,0.0299292
0,0,0.0299842
0,0,0.0299956
0,0,0.0300052
0,0,0.0300195
0,0,0.0300356
0,0,0.0300533
0,0,0.0300574
0,0,0.0300672
0,0,0.0300905
0,0,0.0300924
0,0,0.0300926
0,0,0.0301017
0,0,0.0301087
0,0,0.030126
0,0,0.0301785
0,0,0.0301799
0,0,0.0302005
0,0,0.0302009
0,0,0.030232
0,0,0.0302727
0,0,0.0302733
0,0,0.0302851
0,0,0.0302861
0,0,0.0303164
0,0,0.030327
0,0,0.0303345
0,0,0.0303944
0,0,0.0304215
0,0,0.0304394
0,0,0.0304415
0,0,0.0304431
0,0,0.0304433
0,0,0.0304692
0,0,0.030511
0,0,0.0305299
0,0,0.0305616
0,0,0.0305868
0,0,0.0306299
0,0,0.0306315
0,0,0.0306319
0,0,0.0306332
0,0,0.0306519
0,0,0.0306751
0,0,0.0306856
0,0,0.0306861
0,0,0.0307579
0,0,0.0307687
0,0,0.030773
0,0,0.030821
0,0,0.0308236
0,0,0.0308413
0,0,0.0308822
0,0,0.0308861
0,0,0.030888
0,0,0.0308983
0,0,0.0309638
0,0,0.0309706
0,0,0.0310048
0,0,0.0310077
0,0,0.0310183
0,0,0.0310203
0,0,0.0310228
0,0,0.0310241
0,0,0.0311036
0,0,0.0311302
0,0,0.0311592
0,0,0.0312074
0,0,0.0312682
0,0,0.0313367
0,0,0.0313515
0,0,0.0313565
0,0,0.0313575
0,0,0.0313706
0,0,0.0313852
0,0,0.0313874
0,0,0.0314212
0,0,0.0314328
0,0,0.03146
0,0,0.0314709
0,0,0.0314911
0,0,0.0315943
0,0,0.0316013
0,0,0.0316134
0,0,0.0316179
0,0,0.0316483
0,0,0.031659
0,0,0.0317437
0,0,0.031764
0,0,0.0317674
0,0,0.0317813
0,0,0.0317831
0,0,0.031805
0,0,0.0318223
0,0,0.0318247
0,0,0.0318344
0,0,0.0318378
0,0,0.0318385
0,0,0.0318611
0,0,0.0319324
0,0,0.0319383
0,0,0.031941
0,0,0.0319684
0,0,0.0319747
0,0,0.0319952
0,0,0.032021
0,0,0.0320387
0,0,0.0320814
0,0,0.0320863
0,0,0.0320877
0,0,0.0320939
0,0,0.0321034
0,0,0.0321121
0,0,0.0321159
0,0,0.032123
0,0,0.0321281
0,0,0.0321538
0,0,0.0321679
0,0,0.0321791
0,0,0.0321795
0,0,0.0321888
0,0,0.0322427
0,0,0.0322834
0,0,0.0322983
0,0,0.0323135
0,0,0.0323242
0,0,0.03238
0,0,0.0323817
0,0,0.0324143
0,0,0.0324153
0,0,0.0324163
0,0,0.0324258
0,0,0.0324559
0,0,0.0324859
0,0,0.0325028
0,0,0.0325612
0,0,0.0325895
0,0,0.0326366
0,0,0.0326504
0,0,0.0326534
0,0,0.0326618
0,0,0.0326761
0,0,0.0326825
0,0,0.0326999
0,0,0.0327061
0,0,0.0327335
0,0,0.0327353
0,0,0.0327475
0,0,0.0327703
0,0,0.0328432
0,0,0.032868
0,0,0.0328809
0,0,0.0328918
0,0,0.0328973
0,0,0.0329242
0,0,0.0329387
0,0,0.0329415
0,0,0.0329567
0,0,0.0329773
0,0,0.0329846
0,0,0.0329848
0,0,0.0329885
0,0,0.0329923
0,0,0.0329964
0,0,0.0330021
0,0,0.0330162
0,0,0.0330643
0,0,0.0330917
0,0,0.033127
0,0,0.0331443
0,0,0.0331719
0,0,0.033211
0,0,0.0332414
0,0,0.0332461
0,0,0.0332571
0,0,0.0332709
0,0,0.0332985
0,0,0.0332987
0,0,0.0333252
0,0,0.0333331
0,0,0.0333723
0,0,0.0333821
0,0,0.0333954
0,0,0.0334051
0,0,0.0334412
0,0,0.0334909
0,0,0.0334925
0,0,0.033545
0,0,0.033567
0,0,0.033577
0,0,0.0335822
0,0,0.0335923
0,0,0.0336178
0,0,0.0336472
0,0,0.0336705
0,0,0.0337159
0,0,0.0337532
0,0,0.0338388
0,0,0.0338878
0,0,0.0339031
0,0,0.0339101
0,0,0.0339111
0,0,0.0339135
0,0,0.0339151
0,0,0.0339195
0,0,0.0339296
0,0,0.0339499
0,0,0.0339528
0,0,0.0339664
0,0,0.0339884
0,0,0.0340176
0,0,0.0340176
0,0,0.0340259
0,0,0.0340283
0,0,0.0340311
0,0,0.0340739
0,0,0.034088
0,0,0.0340921
0,0,0.0341016
0,0,0.0341424
0,0,0.034167
0,0,0.0342143
0,0,0.0342566
0,0,0.0342674
0,0,0.0342742
0,0,0.0343087
0,0,0.0343149
0,0,0.0343592
0,0,0.0343876
0,0,0.0343878
0,0,0.0344243
0,0,0.0344268
0,0,0.034437
0,0,0.0344438
0,0,0.0344624
0,0,0.0344689
0,0,0.0344769
0,0,0.0344806
0,0,0.0345084
0,0,0.0345158
0,0,0.0345192
0,0,0.0345403
0,0,0.0345601
0,0,0.0345882
0,0,0.034627
0,0,0.0346524
0,0,0.0346624
0,0,0.0346657
0,0,0.0346804
0,0,0.0346877
0,0,0.0346964
0,0,0.0347083
0,0,0.0347088
0,0,0.034717
0,0,0.0347228
0,0,0.0347541
0,0,0.0347607
0,0,0.0347846
0,0,0.0348013
0,0,0.0348989
0,0,0.03493
0,0,0.0349317
0,0,0.0349365
0,0,0.0349467
0,0,0.0349793
0,0,0.0350162
0,0,0.0350392
0,0,0.035071
0,0,0.0350789
0,0,0.035102
0,0,0.0351503
0,0,0.0351576
0,0,0.0351793
0,0,0.0351876
0,0,0.0351983
0,0,0.0352242
0,0,0.0352271
0,0,0.0352546
0,0,0.0352598
0,0,0.0352839
0,0,0.0352974
0,0,0.0353147
0,0,0.0353186
0,0,0.0353391
0,0,0.0353444
0,0,0.0353532
0,0,0.0353535
0,0,0.035404
0,0,0.035409
0,0,0.0354138
0,0,0.0354208
0,0,0.0354645
0,0,0.0354914
0,0,0.035498
0,0,0.0354981
0,0,0.0355077
0,0,0.0355131
0,0,0.035533
0,0,0.0355398
0,0,0.0355574
0,0,0.0355591
0,0,0.0355703
0,0,0.0355773
0,0,0.0355833
0,0,0.0355847
0,0,0.0356131
0,0,0.0356235
0,0,0.0356255
0,0,0.0356271
0,0,0.0356352
0,0,0.0356459
0,0,0.0356665
0,0,0.0356721
0,0,0.0356901
0,0,0.0357167
0,0,0.0357198
0,0,0.0357283
0,0,0.0357323
0,0,0.0357467
0,0,0.035747
0,0,0.0357812
0,0,0.0358336
0,0,0.0358359
0,0,0.0358421
0,0,0.0358593
0,0,0.0359167
0,0,0.0359294
0,0,0.0359382
0,0,0.0359704
0,0,0.0359727
0,0,0.0360212
0,0,0.036022
0,0,0.0360225
0,0,0.0360517
0,0,0.0360523
0,0,0.0360969
0,0,0.0362118
0,0,0.036216
0,0,0.0362198
0,0,0.0362715
0,0,0.0362743
0,0,0.0363415
0,0,0.036357
0,0,0.0363635
0,0,0.0363752
0,0,0.0363822
0,0,0.036395
0,0,0.0364243
0,0,0.0364591
0,0,0.036461
0,0,0.0364684
0,0,0.036479
0,0,0.036487
0,0,0.0365043
0,0,0.0365107
0,0,0.0365136
0,0,0.0365255
0,0,0.036543
0,0,0.0365659
0,0,0.0365722
0,0,0.036605
0,0,0.0366142
0,0,0.0366429
0,0,0.0366596
0,0,0.0366656
0,0,0.0366746
0,0,0.0366778
0,0,0.0366939
0,0,0.0367071
0,0,0.036712
0,0,0.0367477
0,0,0.0367601
0,0,0.0367661
0,0,0.0367725
0,0,0.0367959
0,0,0.0368023
0,0,0.0368116
0,0,0.0368116
0,0,0.0368316
0,0,0.0368353
0,0,0.0368435
0,0,0.036892
0,0,0.0368951
0,0,0.0369841
0,0,0.0369986
0,0,0.0369993
0,0,0.0370076
0,0,0.037058
0,0,0.0371012
0,0,0.0371179
0,0,0.037118
0,0,0.03712
0,0,0.0371614
0,0,0.0371858
0,0,0.0372098
0,0,0.0372388
0,0,0.0372415
0,0,0.0372467
0,0,0.0372513
0,0,0.0372561
0,0,0.037312
0,0,0.0373186
0,0,0.0373251
0,0,0.0373657
0,0,0.0373667
0,0,0.0373769
0,0,0.037379
0,0,0.0374147
0,0,0.0374198
0,0,0.0374839
0,0,0.0374857
0,0,0.0374892
0,0,0.0375022
0,0,0.0375335
0,0,0.0375398
0,0,0.0375447
0,0,0.0375461
0,0,0.0375769
0,0,0.0376097
0,0,0.0376208
0,0,0.0376208
0,0,0.0376262
0,0,0.037635
0,0,0.0376944
0,0,0.037698
0,0,0.037726
0,0,0.0377351
0,0,0.0377421
0,0,0.0377518
0,0,0.0377532
0,0,0.0378132
0,0,0.0378175
0,0,0.0378297
0,0,0.0378407
0,0,0.0378705
0,0,0.0378836
0,0,0.0378894
0,0,0.0379237
0,0,0.0379251
0,0,0.0379375
0,0,0.037948
0,0,0.0379501
0,0,0.0379553
0,0,0.0379661
0,0,0.0379742
0,0,0.037977
0,0,0.0380362
0,0,0.0380462
0,0,0.0380546
0,0,0.0380668
0,0,0.0380723
0,0,0.0380735
0,0,0.0381044
0,0,0.0381118
0,0,0.0381151
0,0,0.0381274
0,0,0.0381737
0,0,0.0382068
0,0,0.0382371
0,0,0.0382448
0,0,0.0382473
0,0,0.0382549
0,0,0.0382731
0,0,0.0383158
0,0,0.0383273
0,0,0.0383552
0,0,0.0383722
0,0,0.0383842
0,0,0.0384123
0,0,0.038426
0,0,0.0384371
0,0,0.0384797
0,0,0.0385048
0,0,0.0385058
0,0,0.0385197
0,0,0.0385277
0,0,0.0385491
0,0,0.0385766
0,0,0.0385773
0,0,0.0385961
0,0,0.0386094
0,0,0.0386138
0,0,0.0386278
0,0,0.0386316
0,0,0.0386354
0,0,0.0386486
0,0,0.0386558
0,0,0.0386578
0,0,0.0386925
0,0,0.0387032
0,0,0.0387231
0,0,0.0387243
0,0,0.0387281
0,0,0.0387848
0,0,0.0388118
0,0,0.038821
0,0,0.0388211
0,0,0.0388416
0,0,0.0388526
0,0,0.0389182
0,0,0.0389297
0,0,0.0389474
0,0,0.0389954
0,0,0.0390659
0,0,0.0390974
0,0,0.039109
0,0,0.0391281
0,0,0.0391339
0,0,0.0391618
0,0,0.0391754
0,0,0.0391997
0,0,0.0392378
0,0,0.0392489
0,0,0.0392872
0,0,0.0393357
0,0,0.0393435
0,0,0.0393471
0,0,0.0393592
0,0,0.0393611
0,0,0.039415
0,0,0.0394173
0,0,0.0394448
0,0,0.0394732
0,0,0.0394846
0,0,0.0394861
0,0,0.0395249
0,0,0.0395358
0,0,0.0395568
0,0,0.0395851
0,0,0.0396089
0,0,0.0396237
0,0,0.0396408
0,0,0.0396414
0,0,0.0396714
0,0,0.0396788
0,0,0.0396988
0,0,0.0397061
0,0,0.0397201
0,0,0.0397325
0,0,0.0397329
0,0,0.0397369
0,0,0.039751
0,0,0.0397938
0,0,0.0398244
0,0,0.0398443
0,0,0.0398701
0,0,0.0398822
0,0,0.0399136
0,0,0.0399229
0,0,0.0399512
0,0,0.0399579
0,0,0.0399768
0,0,0.0400306
0,0,0.0400323
0,0,0.0400537
0,0,0.0400661
0,0,0.040117
0,0,0.0401676
0,0,0.0401686
0,0,0.0401747
0,0,0.0401761
0,0,0.0401919
0,0,0.0401998
0,0,0.040222
0,0,0.0402314
0,0,0.0402329
0,0,0.040241
0,0,0.0402464
0,0,0.0402583
0,0,0.0402597
0,0,0.0402656
0,0,0.0402711
0,0,0.040313
0,0,0.0403456
0,0,0.0404256
0,0,0.0404319
0,0,0.0404483
0,0,0.0404722
0,0,0.040478
0,0,0.0404996
0,0,0.0405014
0,0,0.0405339
0,0,0.0405498
0,0,0.0405675
0,0,0.0405738
0,0,0.0405884
0,0,0.0406021
0,0,0.0406022
0,0,0.0406158
0,0,0.0406253
0,0,0.0406287
0,0,0.0406914
0,0,0.0407603
0,0,0.0407668
0,0,0.0407965
0,0,0.0408357
0,0,0.0408496
0,0,0.0408637
0,0,0.0408743
0,0,0.0408947
0,0,0.0409377
0,0,0.0409463
0,0,0.0409464
0,0,0.0409486
0,0,0.0409768
0,0,0.0409974
0,0,0.0410098
0,0,0.0410294
0,0,0.0411091
0,0,0.0411126
0,0,0.0411431
0,0,0.0411473
0,0,0.0411636
0,0,0.0411651
0,0,0.0411789
0,0,0.0411848
0,0,0.0411854
0,0,0.0412079
0,0,0.0412205
0,0,0.0412414
0,0,0.0412632
0,0,0.0413053
0,0,0.0413202
0,0,0.0413313
0,0,0.0413451
0,0,0.0413547
0,0,0.0413768
0,0,0.0414112
0,0,0.0414179
0,0,0.0414702
0,0,0.0414839
0,0,0.0414841
0,0,0.041501
0,0,0.0415111
0,0,0.0415165
0,0,0.0415218
0,0,0.0415317
0,0,0.0415394
0,0,0.0415428
0,0,0.0415653
0,0,0.0415655
0,0,0.0415664
0,0,0.0415758
0,0,0.0416449
0,0,0.0416789
0,0,0.041718
0,0,0.0417196
0,0,0.0417272
0,0,0.0417371
0,0,0.0417561
0,0,0.0417576
0,0,0.0418035
0,0,0.0418182
0,0,0.0418461
0,0,0.0418492
0,0,0.0418873
0,0,0.0419114
0,0,0.0419172
0,0,0.0419591
0,0,0.0419707
0,0,0.0419858
0,0,0.0420122
0,0,0.0420214
0,0,0.0420229
0,0,0.0420322
0,0,0.0420504
0,0,0.0420533
0,0,0.0420651
0,0,0.0420772
0,0,0.0420821
0,0,0.0420865
0,0,0.0421132
0,0,0.0421623
0,0,0.0421887
0,0,0.0422049
0,0,0.0422181
0,0,0.0422425
0,0,0.0422442
0,0,0.0422501
0,0,0.0422646
0,0,0.0422931
0,0,0.0422955
0,0,0.042312
0,0,0.0423411
0,0,0.0423659
0,0,0.0423795
0,0,0.0423964
0,0,0.0424131
0,0,0.0424466
0,0,0.0424918
0,0,0.0425035
0,0,0.0425423
0,0,0.0425515
0,0,0.0425691
0,0,0.0425779
0,0,0.0426116
0,0,0.0426463
0,0,0.04268
0,0,0.0426851
0,0,0.0426962
0,0,0.0426987
0,0,0.0427231
0,0,0.0427423
0,0,0.0427483
0,0,0.0427518
0,0,0.0427686
0,0,0.042778
0,0,0.0427854
0,0,0.0427868
0,0,0.0428158
0,0,0.0428243
0,0,0.0428364
0,0,0.0428781
0,0,0.0429131
0,0,0.0429962
0,0,0.0430025
0,0,0.0430329
0,0,0.0430356
0,0,0.043043
0,0,0.0430864
0,0,0.0431121
0,0,0.0431209
0,0,0.0431214
0,0,0.0431275
0,0,0.0431588
0,0,0.0431675
0,0,0.0431691
0,0,0.0431734
0,0,0.0431909
0,0,0.0432032
0,0,0.0432324
0,0,0.0432418
0,0,0.043251
0,0,0.0432679
0,0,0.0432878
0,0,0.0433044
0,0,0.0433344
0,0,0.0433345
0,0,0.0433763
0,0,0.0434127
0,0,0.0434188
0,0,0.0434319
0,0,0.0434546
0,0,0.0434634
0,0,0.0435057
0,0,0.0435151
0,0,0.0435202
0,0,0.0435213
0,0,0.0435374
0,0,0.0435714
0,0,0.0435798
0,0,0.0435953
0,0,0.0435959
0,0,0.0436002
0,0,0.0436458
0,0,0.0436515
0,0,0.043662
0,0,0.0437491
0,0,0.0437678
0,0,0.0438164
0,0,0.043881
0,0,0.0438869
0,0,0.0439026
0,0,0.043912
0,0,0.0439663
0,0,0.0439679
0,0,0.0439778
0,0,0.0439843
0,0,0.043989
0,0,0.0440316
0,0,0.0440379
0,0,0.0440453
0,0,0.0440977
0,0,0.0440985
0,0,0.044172
0,0,0.0441795
0,0,0.0442037
0,0,0.044224
0,0,0.0442295
0,0,0.044239
0,0,0.0442563
0,0,0.04432
0,0,0.0443354
0,0,0.0443378
0,0,0.0443664
0,0,0.0443978
0,0,0.0444028
0,0,0.0444558
0,0,0.0444655
0,0,0.0445044
0,0,0.044507
0,0,0.0445289
0,0,0.0445584
0,0,0.0446671
0,0,0.0446687
0,0,0.0446868
0,0,0.0446947
0,0,0.044723
0,0,0.0447334
0,0,0.0447358
0,0,0.0447486
0,0,0.0447552
0,0,0.04478
0,0,0.0448353
0,0,0.0448499
0,0,0.0448556
0,0,0.0448707
0,0,0.0448843
0,0,0.0448899
0,0,0.044939
0,0,0.0449584
0,0,0.0450241
0,0,0.0450312
0,0,0.0450549
0,0,0.0450568
0,0,0.045058
0,0,0.04508
0,0,0.0450951
0,0,0.0451158
0,0,0.0451323
0,0,0.045149
0,0,0.0451594
0,0,0.0451649
0,0,0.0451693
0,0,0.0451809
0,0,0.0451928
0,0,0.0452053
0,0,0.0452181
0,0,0.0452214
0,0,0.0452313
0,0,0.0452353
0,0,0.0452477
0,0,0.0452876
0,0,0.0453011
0,0,0.0453227
0,0,0.0453628
0,0,0.0453959
0,0,0.0454277
0,0,0.0454632
0,0,0.0455067
0,0,0.0455624
0,0,0.0455785
0,0,0.0455817
0,0,0.045593
0,0,0.0455949
0,0,0.0455956
0,0,0.0456729
0,0,0.0457002
0,0,0.0457042
0,0,0.0457223
0,0,0.0457464
0,0,0.0457515
0,0,0.0457671
0,0,0.0457843
0,0,0.045826
0,0,0.0458423
0,0,0.0458518
0,0,0.0458529
0,0,0.0458726
0,0,0.0458736
0,0,0.045899
0,0,0.0459129
0,0,0.0459525
0,0,0.0459603
0,0,0.0459678
0,0,0.0460131
0,0,0.0460304
0,0,0.0460749
0,0,0.0461188
0,0,0.0461286
0,0,0.0461415
0,0,0.0461449
0,0,0.0461456
0,0,0.0461794
0,0,0.0461851
0,0,0.0462098
0,0,0.0462131
0,0,0.0462149
0,0,0.0462158
0,0,0.0462162
0,0,0.046225
0,0,0.0462851
0,0,0.0462871
0,0,0.0463057
0,0,0.0463229
0,0,0.0463253
0,0,0.0463264
0,0,0.0463764
0,0,0.0463799
0,0,0.0463841
0,0,0.0464072
0,0,0.0464514
0,0,0.0464967
0,0,0.0465034
0,0,0.0465077
0,0,0.0465297
0,0,0.0465309
0,0,0.0465742
0,0,0.046579
0,0,0.0466294
0,0,0.0466321
0,0,0.0466385
0,0,0.0466641
0,0,0.046676
0,0,0.0466767
0,0,0.0466871
0,0,0.0467283
0,0,0.0467391
0,0,0.0467451
0,0,0.0467678
0,0,0.0467793
0,0,0.0467894
0,0,0.0468078
0,0,0.0468092
0,0,0.0468445
0,0,0.0468969
0,0,0.0469452
0,0,0.0469513
0,0,0.0469749
0,0,0.0469868
0,0,0.0470194
0,0,0.0471476
0,0,0.0471964
0,0,0.0472762
0,0,0.0472763
0,0,0.0473254
0,0,0.0473337
0,0,0.0473622
0,0,0.0473819
0,0,0.0473884
0,0,0.0473985
0,0,0.047409
0,0,0.0474111
0,0,0.0474253
0,0,0.0474288
0,0,0.0474316
0,0,0.0474327
0,0,0.0474351
0,0,0.0474686
0,0,0.0474987
0,0,0.0475077
0,0,0.0475348
0,0,0.0475425
0,0,0.0475474
0,0,0.0475533
0,0,0.0475625
0,0,0.0475673
0,0,0.0475814
0,0,0.0476457
0,0,0.0476655
0,0,0.047675
0,0,0.0477182
0,0,0.0477187
0,0,0.0477207
0,0,0.0477804
0,0,0.0477985
0,0,0.0478048
0,0,0.0478061
0,0,0.0478412
0,0,0.0478513
0,0,0.0478534
0,0,0.0478738
0,0,0.0479036
0,0,0.0479069
0,0,0.0479375
0,0,0.0479718
0,0,0.0479835
0,0,0.0480175
0,0,0.0480223
0,0,0.0480551
0,0,0.0480816
0,0,0.0480948
0,0,0.0481368
0,0,0.0481671
0,0,0.0481909
0,0,0.0482035
0,0,0.0482053
0,0,0.0483038
0,0,0.0483168
0,0,0.0483288
0,0,0.0483522
0,0,0.0483575
0,0,0.0483615
0,0,0.0483708
0,0,0.0483853
0,0,0.0483892
0,0,0.0484225
0,0,0.0485037
0,0,0.0485328
0,0,0.0485522
0,0,0.0485642
0,0,0.0485709
0,0,0.0486
0,0,0.0486038
0,0,0.0486134
0,0,0.0486236
0,0,0.0486252
0,0,0.0486296
0,0,0.0486664
0,0,0.0487405
0,0,0.0487582
0,0,0.048759
0,0,0.0487849
0,0,0.0487921
0,0,0.0488179
0,0,0.0488532
0,0,0.0489056
0,0,0.0489303
0,0,0.0489382
0,0,0.0489605
0,0,0.0489678
0,0,0.04898
0,0,0.0490141
0,0,0.0490444
0,0,0.049052
0,0,0.0490544
0,0,0.0490648
0,0,0.049087
0,0,0.049095
0,0,0.0491134
0,0,0.0491205
0,0,0.0491386
0,0,0.0491424
0,0,0.0491472
0,0,0.0491491
0,0,0.0491818
0,0,0.0492214
0,0,0.0492394
0,0,0.0492419
0,0,0.0492695
0,0,0.0492757
0,0,0.0492905
0,0,0.0493193
0,0,0.0493233
0,0,0.0493478
0,0,0.0493533
0,0,0.0493548
0,0,0.0493613
0,0,0.0493747
0,0,0.0493954
0,0,0.0494124
0,0,0.049423
0,0,0.0494255
0,0,0.0494346
0,0,0.049447
0,0,0.0494763
0,0,0.0495209
0,0,0.049543
0,0,0.0495476
0,0,0.0495619
0,0,0.0495691
0,0,0.0495828
0,0,0.0495884
0,0,0.0496082
0,0,0.0496325
0,0,0.0496359
0,0,0.0496379
0,0,0.0496506
0,0,0.0496543
0,0,0.0497146
0,0,0.0497441
0,0,0.0498329
0,0,0.0498508
0,0,0.0498609
0,0,0.0498663
0,0,0.0498718
0,0,0.0498729
0,0,0.0498967
0,0,0.0499501
0,0,0.0499663
0,0,0.0499678
0,0,0.0499741
0,0,0.0500014
0,0,0.0500039
0,0,0.0500069
0,0,0.0500312
0,0,0.0501285
0,0,0.0501683
0,0,0.050216
0,0,0.0502455
0,0,0.0502465
0,0,0.0502713
0,0,0.0502772
0,0,0.0502781
0,0,0.0503202
0,0,0.0503326
0,0,0.0503346
0,0,0.0503664
0,0,0.0503859
0,0,0.0503939
0,0,0.0504084
0,0,0.050442
0,0,0.0504709
0,0,0.0505064
0,0,0.0505353
0,0,0.0505595
0,0,0.0505812
0,0,0.0506621
0,0,0.050663
0,0,0.0506684
0,0,0.050678
0,0,0.0506826
0,0,0.0506967
0,0,0.0507153
0,0,0.0507197
0,0,0.0507267
0,0,0.0507304
0,0,0.0507379
0,0,0.0508103
0,0,0.0508884
0,0,0.0509007
0,0,0.0509192
0,0,0.0509983
0,0,0.051
0,0,0.0510043
0,0,0.051011
0,0,0.0510538
0,0,0.0510579
0,0,0.0510921
0,0,0.0511025
0,0,0.0511173
0,0,0.0511225
0,0,0.0511296
0,0,0.0511559
0,0,0.0511687
0,0,0.051196
0,0,0.0512323
0,0,0.0512445
0,0,0.0512503
0,0,0.0513165
0,0,0.0513197
0,0,0.0513203
0,0,0.0513965
0,0,0.0514609
0,0,0.0514887
0,0,0.0515207
0,0,0.0515218
0,0,0.0515275
0,0,0.0515762
0,0,0.0515808
0,0,0.051637
0,0,0.0516764
0,0,0.0516827
0,0,0.0517556
0,0,0.0517614
0,0,0.0517747
0,0,0.051788
0,0,0.0518017
0,0,0.0518348
0,0,0.0518784
0,0,0.0519042
0,0,0.0519059
0,0,0.0519298
0,0,0.0519811
0,0,0.0519867
0,0,0.0519949
0,0,0.0520131
0,0,0.052016
0,0,0.0520519
0,0,0.0520953
0,0,0.0521005
0,0,0.052165
0,0,0.052165
0,0,0.0521775
0,0,0.0521931
0,0,0.0522262
0,0,0.0522511
0,0,0.0522729
0,0,0.0522834
0,0,0.0522885
0,0,0.0523218
0,0,0.0523491
0,0,0.0523505
0,0,0.052361
0,0,0.0523859
0,0,0.0523958
0,0,0.0524081
0,0,0.0524084
0,0,0.0524288
0,0,0.052437
0,0,0.0524457
0,0,0.0524815
0,0,0.0524899
0,0,0.0524933
0,0,0.0524935
0,0,0.0524987
0,0,0.0525335
0,0,0.0525667
0,0,0.0525842
0,0,0.0526206
0,0,0.0526232
0,0,0.0526513
0,0,0.0526576
0,0,0.0527164
0,0,0.0527256
0,0,0.0527266
0,0,0.0527451
0,0,0.052784
0,0,0.0528165
0,0,0.0528612
0,0,0.05289
0,0,0.0529266
0,0,0.0529297
0,0,0.0529488
0,0,0.0529636
0,0,0.0529987
0,0,0.0529987
0,0,0.0530107
0,0,0.0530245
0,0,0.0530728
0,0,0.0530828
0,0,0.0531315
0,0,0.0531411
0,0,0.0531462
0,0,0.0531964
0,0,0.0532422
0,0,0.0532431
0,0,0.0532438
0,0,0.0532463
0,0,0.0532598
0,0,0.0533169
0,0,0.0533613
0,0,0.0533774
0,0,0.0533835
0,0,0.0534128
0,0,0.0534293
0,0,0.0534505
0,0,0.0534539
0,0,0.053467
0,0,0.0534689
0,0,0.0534699
0,0,0.0534779
0,0,0.0535116
0,0,0.0535222
0,0,0.0535303
0,0,0.053556
0,0,0.0535694
0,0,0.0535769
0,0,0.053634
0,0,0.0536465
0,0,0.0536488
0,0,0.053649
0,0,0.0536651
0,0,0.0536773
0,0,0.0536941
0,0,0.0537455
0,0,0.0537538
0,0,0.0537595
0,0,0.0537809
0,0,0.0538308
0,0,0.0538677
0,0,0.0538863
0,0,0.0539139
0,0,0.0539427
0,0,0.0539785
0,0,0.0540021
0,0,0.054023
0,0,0.0540247
0,0,0.0540687
0,0,0.054104
0,0,0.0541553
0,0,0.0541736
0,0,0.0541905
0,0,0.0542047
0,0,0.0542484
0,0,0.054254
0,0,0.05427
0,0,0.0542982
0,0,0.054308
0,0,0.0543789
0,0,0.0543977
0,0,0.0544089
0,0,0.0544194
0,0,0.0544204
0,0,0.0544315
0,0,0.0545139
0,0,0.0545272
0,0,0.0545435
0,0,0.0545646
0,0,0.0545785
0,0,0.0546066
0,0,0.0546283
0,0,0.0546504
0,0,0.0546649
0,0,0.0546786
0,0,0.0546789
0,0,0.0546886
0,0,0.0547257
0,0,0.0547272
0,0,0.0547578
0,0,0.0547709
0,0,0.0547839
0,0,0.0547862
0,0,0.0548035
0,0,0.0548343
0,0,0.054886
0,0,0.054925
0,0,0.054955
0,0,0.0549771
0,0,0.0550025
0,0,0.0550239
0,0,0.0550551
0,0,0.0550573
0,0,0.0550835
0,0,0.0551585
0,0,0.0552063
0,0,0.0553076
0,0,0.055334
0,0,0.0553478
0,0,0.0553794
0,0,0.0554013
0,0,0.0554211
0,0,0.0554215
0,0,0.0554264
0,0,0.0554369
0,0,0.0555277
0,0,0.0555308
0,0,0.0555736
0,0,0.0556251
0,0,0.0556856
0,0,0.0556935
0,0,0.0557395
0,0,0.0557446
0,0,0.0557512
0,0,0.0558177
0,0,0.0558989
0,0,0.0559426
0,0,0.0559465
0,0,0.0559688
0,0,0.0560273
0,0,0.0560662
0,0,0.0560727
0,0,0.0560896
0,0,0.0560965
0,0,0.0561004
0,0,0.0561086
0,0,0.0561231
0,0,0.0561555
0,0,0.0561738
0,0,0.056225
0,0,0.0562896
0,0,0.0562996
0,0,0.0563035
0,0,0.0563089
0,0,0.0563317
0,0,0.0563843
0,0,0.056396
0,0,0.0564093
0,0,0.0564257
0,0,0.0564598
0,0,0.0564675
0,0,0.0564837
0,0,0.0565075
0,0,0.0566456
0,0,0.0566526
0,0,0.0567933
0,0,0.0568076
0,0,0.0568195
0,0,0.0568279
0,0,0.0568364
0,0,0.0568684
0,0,0.0569038
0,0,0.0569078
0,0,0.056908
0,0,0.0569156
0,0,0.0569162
0,0,0.0569359
0,0,0.0569554
0,0,0.0569733
0,0,0.0570125
0,0,0.0570775
0,0,0.0571182
0,0,0.0571457
0,0,0.0572319
0,0,0.0572762
0,0,0.0572921
0,0,0.0572928
0,0,0.0573146
0,0,0.0573402
0,0,0.0573883
0,0,0.0573884
0,0,0.0574034
0,0,0.057481
0,0,0.0574904
0,0,0.0575271
0,0,0.0575838
0,0,0.0575937
0,0,0.0576532
0,0,0.057685
0,0,0.0577039
0,0,0.0577396
0,0,0.0577411
0,0,0.0577696
0,0,0.057845
0,0,0.0578498
0,0,0.0578625
0,0,0.0579403
0,0,0.0579993
0,0,0.0580343
0,0,0.058091
0,0,0.0580956
0,0,0.0581415
0,0,0.0581569
0,0,0.0581594
0,0,0.0582328
0,0,0.0582411
0,0,0.0582987
0,0,0.0583451
0,0,0.0583579
0,0,0.058414
0,0,0.0584405
0,0,0.0584531
0,0,0.0585238
0,0,0.058551
0,0,0.0585929
0,0,0.0586117
0,0,0.0586408
0,0,0.0586488
0,0,0.0586543
0,0,0.0586634
0,0,0.0587078
0,0,0.0587248
0,0,0.0587667
0,0,0.0587723
0,0,0.0587776
0,0,0.0588053
0,0,0.0588247
0,0,0.0588317
0,0,0.0588509
0,0,0.0588514
0,0,0.0588938
0,0,0.0589763
0,0,0.0589892
0,0,0.0589907
0,0,0.059009
0,0,0.0590198
0,0,0.0590218
0,0,0.0590486
0,0,0.0590929
0,0,0.0590992
0,0,0.0591276
0,0,0.0591708
0,0,0.0592055
0,0,0.0592573
0,0,0.0592941
0,0,0.0593447
0,0,0.0593861
0,0,0.0594078
0,0,0.0594205
0,0,0.0594391
0,0,0.0594647
0,0,0.0594901
0,0,0.0595767
0,0,0.0596018
0,0,0.0596264
0,0,0.0596789
0,0,0.0596933
0,0,0.0596965
0,0,0.0597444
0,0,0.0597581
0,0,0.0597614
0,0,0.0597726
0,0,0.0598119
0,0,0.0598225
0,0,0.0598277
0,0,0.0598303
0,0,0.0598838
0,0,0.059927
0,0,0.0599377
0,0,0.0599444
0,0,0.0599566
0,0,0.0599676
0,0,0.0599924
0,0,0.0600049
0,0,0.0600092
0,0,0.0600121
0,0,0.060037
0,0,0.0600555
0,0,0.0600772
0,0,0.0601053
0,0,0.0602631
0,0,0.06027
0,0,0.0603112
0,0,0.0603187
0,0,0.060433
0,0,0.0604634
0,0,0.0604929
0,0,0.0605664
0,0,0.0606194
0,0,0.060629
0,0,0.0606455
0,0,0.0606518
0,0,0.0606905
0,0,0.060699
0,0,0.0607454
0,0,0.0607476
0,0,0.0607795
0,0,0.0607912
0,0,0.0608029
0,0,0.0608358
0,0,0.0608419
0,0,0.0609022
0,0,0.0609197
0,0,0.0609307
0,0,0.0609317
0,0,0.0609424
0,0,0.060986
0,0,0.0609884
0,0,0.0609887
0,0,0.0609929
0,0,0.0609934
0,0,0.0609994
0,0,0.061025
0,0,0.0611174
0,0,0.0611233
0,0,0.0611325
0,0,0.0611869
0,0,0.0611979
0,0,0.0612167
0,0,0.0612307
0,0,0.0613444
0,0,0.0613577
0,0,0.0613768
0,0,0.0614455
0,0,0.06147
0,0,0.0614923
0,0,0.0615543
0,0,0.0615935
0,0,0.0615966
0,0,0.0616168
0,0,0.061617
0,0,0.0616469
0,0,0.0616494
0,0,0.0616618
0,0,0.0616792
0,0,0.0616805
0,0,0.0616994
0,0,0.0617031
0,0,0.0617453
0,0,0.0617609
0,0,0.0617749
0,0,0.0617851
0,0,0.0618142
0,0,0.0618781
0,0,0.0619102
0,0,0.0619458
0,0,0.0619511
0,0,0.0619536
0,0,0.0619918
0,0,0.0620213
0,0,0.0620248
0,0,0.0620925
0,0,0.0621149
0,0,0.06213
0,0,0.0621425
0,0,0.0621425
0,0,0.062153
0,0,0.0621664
0,0,0.0622276
0,0,0.0622598
0,0,0.0622903
0,0,0.0623095
0,0,0.0623442
0,0,0.0623452
0,0,0.0623566
0,0,0.0623651
0,0,0.0623935
0,0,0.0624045
0,0,0.0624217
0,0,0.0624402
0,0,0.0624637
0,0,0.0624647
0,0,0.0625075
0,0,0.0625082
0,0,0.0625133
0,0,0.0628097
0,0,0.062874
0,0,0.062901
0,0,0.0629385
0,0,0.0629448
0,0,0.063001
0,0,0.0630056
0,0,0.0630235
0,0,0.0630255
0,0,0.0630384
0,0,0.0630867
0,0,0.063092
0,0,0.0631459
0,0,0.0631514
0,0,0.0631641
0,0,0.0631859
0,0,0.063225
0,0,0.0632377
0,0,0.0632401
0,0,0.063262
0,0,0.0632669
0,0,0.0633021
0,0,0.0633314
0,0,0.0633348
0,0,0.0634101
0,0,0.0634259
0,0,0.0634395
0,0,0.0634691
0,0,0.0634773
0,0,0.063505
0,0,0.0635142
0,0,0.0635224
0,0,0.0635334
0,0,0.0635876
0,0,0.0635881
0,0,0.0635956
0,0,0.0635973
0,0,0.0636075
0,0,0.0636218
0,0,0.0636744
0,0,0.0636789
0,0,0.0637302
0,0,0.0637334
0,0,0.0637426
0,0,0.0637435
0,0,0.0638131
0,0,0.0638292
0,0,0.0639019
0,0,0.0639195
0,0,0.0639425
0,0,0.0639566
0,0,0.0639846
0,0,0.0639968
0,0,0.0640117
0,0,0.0640208
0,0,0.0640538
0,0,0.0640601
0,0,0.0640641
0,0,0.0640877
0,0,0.0641024
0,0,0.0641123
0,0,0.0641282
0,0,0.0641825
0,0,0.0642564
0,0,0.0642793
0,0,0.0642916
0,0,0.0643311
0,0,0.0643563
0,0,0.0643951
0,0,0.0644152
0,0,0.0644217
0,0,0.0644584
0,0,0.0644993
0,0,0.064513
0,0,0.064556
0,0,0.0646338
0,0,0.0646587
0,0,0.0646934
0,0,0.0647649
0,0,0.06479
0,0,0.0647908
0,0,0.0648343
0,0,0.0648839
0,0,0.0648932
0,0,0.0649093
0,0,0.0649182
0,0,0.0649183
0,0,0.0649259
0,0,0.0649494
0,0,0.064969
0,0,0.0649934
0,0,0.0650005
0,0,0.0650312
0,0,0.0650534
0,0,0.0650536
0,0,0.0650696
0,0,0.0651201
0,0,0.0651367
0,0,0.065165
0,0,0.0651776
0,0,0.0651967
0,0,0.0652452
0,0,0.0652787
0,0,0.0652824
0,0,0.0652946
0,0,0.0653115
0,0,0.0654199
0,0,0.0654654
0,0,0.0655506
0,0,0.0656419
0,0,0.0656558
0,0,0.0656761
0,0,0.0657094
0,0,0.0657501
0,0,0.0657961
0,0,0.0658075
0,0,0.06583
0,0,0.0658366
0,0,0.0659102
0,0,0.0659423
0,0,0.0659723
0,0,0.0660253
0,0,0.0660345
0,0,0.0660422
0,0,0.0660708
0,0,0.0661151
0,0,0.0661802
0,0,0.0661822
0,0,0.0662114
0,0,0.0662145
0,0,0.0662326
0,0,0.0662374
0,0,0.0662488
0,0,0.066311
0,0,0.066324
0,0,0.0663276
0,0,0.0663421
0,0,0.0663503
0,0,0.0663591
0,0,0.0663964
0,0,0.0664046
0,0,0.0664253
0,0,0.0664558
0,0,0.0664594
0,0,0.0664596
0,0,0.0664707
0,0,0.0664872
0,0,0.0665228
0,0,0.0665584
0,0,0.0666968
0,0,0.0667158
0,0,0.066735
0,0,0.066779
0,0,0.0668009
0,0,0.0668512
0,0,0.0668523
0,0,0.066854
0,0,0.0668684
0,0,0.066897
0,0,0.0669399
0,0,0.067071
0,0,0.0670816
0,0,0.0670875
0,0,0.0671626
0,0,0.0671756
0,0,0.0672144
0,0,0.0672398
0,0,0.0672452
0,0,0.0672838
0,0,0.0673423
0,0,0.0673729
0,0,0.0673827
0,0,0.067396
0,0,0.0673978
0,0,0.0674139
0,0,0.0674289
0,0,0.0674389
0,0,0.0674895
0,0,0.0674995
0,0,0.0675248
0,0,0.0675311
0,0,0.0675432
0,0,0.0676193
0,0,0.0676459
0,0,0.0677128
0,0,0.0677304
0,0,0.0677441
0,0,0.0677583
0,0,0.0677665
0,0,0.067774
0,0,0.0677937
0,0,0.0678179
0,0,0.0678278
0,0,0.0678642
0,0,0.0678679
0,0,0.0679345
0,0,0.0679458
0,0,0.0679792
0,0,0.0680426
0,0,0.0680772
0,0,0.068104
0,0,0.0681089
0,0,0.06813
0,0,0.0681627
0,0,0.0681719
0,0,0.0682347
0,0,0.0682534
0,0,0.0683022
0,0,0.0683709
0,0,0.0684759
0,0,0.0684993
0,0,0.0685771
0,0,0.0686074
0,0,0.0686256
0,0,0.0686282
0,0,0.0686726
0,0,0.0687104
0,0,0.0687129
0,0,0.068725
0,0,0.0687535
0,0,0.0687802
0,0,0.0687829
0,0,0.0687899
0,0,0.0688371
0,0,0.0688832
0,0,0.0689471
0,0,0.0689518
0,0,0.0689648
0,0,0.0689904
0,0,0.0690286
0,0,0.0690572
0,0,0.0690857
0,0,0.0691164
0,0,0.0691251
0,0,0.0691561
0,0,0.0691967
0,0,0.0692226
0,0,0.0692364
0,0,0.0692388
0,0,0.0692418
0,0,0.0693082
0,0,0.0693323
0,0,0.0694268
0,0,0.0695096
0,0,0.0695096
0,0,0.0695466
0,0,0.0695967
0,0,0.0696178
0,0,0.0696694
0,0,0.0696816
0,0,0.0696898
0,0,0.0696938
0,0,0.0697019
0,0,0.0697148
0,0,0.0697345
0,0,0.0697542
0,0,0.0697913
0,0,0.0698419
0,0,0.0698554
0,0,0.0698955
0,0,0.0699153
0,0,0.0699666
0,0,0.069976
0,0,0.0699898
0,0,0.0700246
0,0,0.0700304
0,0,0.0700658
0,0,0.0701299
0,0,0.070188
0,0,0.0702222
0,0,0.070283
0,0,0.0702995
0,0,0.0703598
0,0,0.0703775
0,0,0.0704993
0,0,0.0705138
0,0,0.0705198
0,0,0.0705262
0,0,0.0705929
0,0,0.0706398
0,0,0.070693
0,0,0.0706955
0,0,0.0707337
0,0,0.0708179
0,0,0.0708577
0,0,0.0708747
0,0,0.0708773
0,0,0.070982
0,0,0.0710181
0,0,0.0710399
0,0,0.071111
0,0,0.0711194
0,0,0.071176
0,0,0.0711796
0,0,0.0712029
0,0,0.0712645
0,0,0.071325
0,0,0.0714076
0,0,0.0715095
0,0,0.0715133
0,0,0.0715579
0,0,0.0715691
0,0,0.0715795
0,0,0.07159
0,0,0.0716413
0,0,0.0716702
0,0,0.0716704
0,0,0.0717277
0,0,0.0717448
0,0,0.0718264
0,0,0.0718521
0,0,0.0718764
0,0,0.0719629
0,0,0.071982
0,0,0.0720121
0,0,0.0720739
0,0,0.0721034
0,0,0.0721076
0,0,0.072129
0,0,0.0721935
0,0,0.0722963
0,0,0.0723145
0,0,0.0723496
0,0,0.072358
0,0,0.0723785
0,0,0.0723837
0,0,0.0724813
0,0,0.0724904
0,0,0.0726181
0,0,0.0726656
0,0,0.07268
0,0,0.0727681
0,0,0.0727715
0,0,0.0727767
0,0,0.0728526
0,0,0.072874
0,0,0.0729081
0,0,0.0729117
0,0,0.0729312
0,0,0.0729565
0,0,0.0729781
0,0,0.0730312
0,0,0.0730805
0,0,0.0731134
0,0,0.0731291
0,0,0.0731644
0,0,0.0732405
0,0,0.0732731
0,0,0.0733424
0,0,0.0733597
0,0,0.0734317
0,0,0.0734386
0,0,0.0734603
0,0,0.073494
0,0,0.0735279
0,0,0.0735966
0,0,0.0735992
0,0,0.0736511
0,0,0.0736721
0,0,0.0736844
0,0,0.0737702
0,0,0.0738014
0,0,0.0738555
0,0,0.0739591
0,0,0.0740371
0,0,0.0740455
0,0,0.0740545
0,0,0.0740759
0,0,0.074146
0,0,0.0741808
0,0,0.0742029
0,0,0.0742816
0,0,0.0742869
0,0,0.0743525
0,0,0.0743755
0,0,0.07439
0,0,0.0744561
0,0,0.0744644
0,0,0.0744826
0,0,0.0745029
0,0,0.0746946
0,0,0.0747283
0,0,0.0748463
0,0,0.0748773
0,0,0.0749589
0,0,0.0750395
0,0,0.075059
0,0,0.0750714
0,0,0.0750748
0,0,0.0750775
0,0,0.0751293
0,0,0.0751618
0,0,0.0752485
0,0,0.0752783
0,0,0.0753241
0,0,0.0753503
0,0,0.0753558
0,0,0.0756963
0,0,0.0757312
0,0,0.0757835
0,0,0.0759764
0,0,0.0759959
0,0,0.0760036
0,0,0.0760353
0,0,0.0760368
0,0,0.0760592
0,0,0.0761141
0,0,0.0761336
0,0,0.0761578
0,0,0.0761629
0,0,0.0762682
0,0,0.0763194
0,0,0.0763615
0,0,0.0764044
0,0,0.0765053
0,0,0.0765774
0,0,0.0765844
0,0,0.0765881
0,0,0.0766154
0,0,0.0766679
0,0,0.0766817
0,0,0.0766819
0,0,0.0767356
0,0,0.0767994
0,0,0.0768116
0,0,0.0768233
0,0,0.0768302
0,0,0.0768773
0,0,0.07688
0,0,0.0769166
0,0,0.0769596
0,0,0.0770541
0,0,0.0771116
0,0,0.0771279
0,0,0.0771357
0,0,0.0771416
0,0,0.0771624
0,0,0.0772095
0,0,0.0773319
0,0,0.0773486
0,0,0.0773897
0,0,0.0776592
0,0,0.0776674
0,0,0.0777494
0,0,0.0777701
0,0,0.0778166
0,0,0.078033
0,0,0.0782073
0,0,0.0783502
0,0,0.0783758
0,0,0.0783814
0,0,0.0784557
0,0,0.0785246
0,0,0.0785436
0,0,0.0785742
0,0,0.0785796
0,0,0.0786949
0,0,0.0787974
0,0,0.0788336
0,0,0.0790591
0,0,0.0791279
0,0,0.0791381
0,0,0.0791516
0,0,0.0792209
0,0,0.0792283
0,0,0.0792453
0,0,0.0792768
0,0,0.0793796
0,0,0.0793879
0,0,0.0794949
0,0,0.0794951
0,0,0.0795106
0,0,0.0796011
0,0,0.0796091
0,0,0.079707
0,0,0.0797376
0,0,0.0798164
0,0,0.0798203
0,0,0.079869
0,0,0.0798918
0,0,0.0799598
0,0,0.0799954
0,0,0.0800383
0,0,0.0800688
0,0,0.0801026
0,0,0.0801378
0,0,0.0802828
0,0,0.0803027
0,0,0.0803307
0,0,0.0803433
0,0,0.08043
0,0,0.0806137
0,0,0.0806686
0,0,0.0806929
0,0,0.080793
0,0,0.0807942
0,0,0.0808169
0,0,0.0808186
0,0,0.0808589
0,0,0.0809379
0,0,0.0810874
0,0,0.0811108
0,0,0.081132
0,0,0.0812114
0,0,0.0812329
0,0,0.0812725
0,0,0.0813291
0,0,0.0814353
0,0,0.0814625
0,0,0.0815145
0,0,0.0815293
0,0,0.0815459
0,0,0.0815476
0,0,0.0815502
0,0,0.0816747
0,0,0.0816761
0,0,0.0817393
0,0,0.0818686
0,0,0.0819351
0,0,0.0819806
0,0,0.0820486
0,0,0.0820746
0,0,0.0822373
0,0,0.0822442
0,0,0.0822585
0,0,0.082282
0,0,0.0822981
0,0,0.0824359
0,0,0.0824986
0,0,0.0825002
0,0,0.0825004
0,0,0.082601
0,0,0.0826482
0,0,0.0826526
0,0,0.0826719
0,0,0.0827723
0,0,0.0828176
0,0,0.0829685
0,0,0.0830894
0,0,0.0832684
0,0,0.0833721
0,0,0.0833776
0,0,0.0834302
0,0,0.0834728
0,0,0.083586
0,0,0.0835867
0,0,0.0836115
0,0,0.0836237
0,0,0.0836483
0,0,0.0836542
0,0,0.0836973
0,0,0.0837101
0,0,0.0837456
0,0,0.0838846
0,0,0.0839564
0,0,0.083983
0,0,0.0840387
0,0,0.0840782
0,0,0.08411
0,0,0.0841277
0,0,0.0841996
0,0,0.0842079
0,0,0.0842755
0,0,0.0842991
0,0,0.0844825
0,0,0.0846585
0,0,0.0846819
0,0,0.0847416
0,0,0.0847909
0,0,0.0849269
0,0,0.0850975
0,0,0.0851937
0,0,0.0854192
0,0,0.0854353
0,0,0.085462
0,0,0.0854701
0,0,0.0855057
0,0,0.0855568
0,0,0.0855777
0,0,0.0857077
0,0,0.085778
0,0,0.085792
0,0,0.0857959
0,0,0.085814
0,0,0.0858945
0,0,0.0859056
0,0,0.0859329
0,0,0.0859927
0,0,0.0861366
0,0,0.08619
0,0,0.0861935
0,0,0.0862143
0,0,0.086348
0,0,0.0863792
0,0,0.0864174
0,0,0.086606
0,0,0.0866178
0,0,0.0866217
0,0,0.0866257
0,0,0.0866798
0,0,0.0867253
0,0,0.0867444
0,0,0.0867721
0,0,0.0868824
0,0,0.0869719
0,0,0.0869953
0,0,0.0870727
0,0,0.087203
0,0,0.0873299
0,0,0.0873544
0,0,0.0873891
0,0,0.0874508
0,0,0.0874812
0,0,0.0875631
0,0,0.0876264
0,0,0.087677
0,0,0.087701
0,0,0.0877036
0,0,0.0878297
0,0,0.0878385
0,0,0.0879024
0,0,0.0879677
0,0,0.0880415
0,0,0.088103
0,0,0.0882419
0,0,0.0883501
0,0,0.0883958
0,0,0.088429
0,0,0.0884739
0,0,0.0885366
0,0,0.0885524
0,0,0.0885652
0,0,0.0887109
0,0,0.0887973
0,0,0.0888082
0,0,0.0888106
0,0,0.088919
0,0,0.0889713
0,0,0.0891496
0,0,0.0891588
0,0,0.089233
0,0,0.0892404
0,0,0.0893875
0,0,0.0895311
0,0,0.0896942
0,0,0.0898319
0,0,0.0898385
0,0,0.0901336
0,0,0.0901438
0,0,0.0901767
0,0,0.0901878
0,0,0.0901928
0,0,0.0902128
0,0,0.0902725
0,0,0.0903312
0,0,0.0903486
0,0,0.0905369
0,0,0.0907023
0,0,0.0907532
0,0,0.0909268
0,0,0.0909931
0,0,0.0910267
0,0,0.0911311
0,0,0.0911385
0,0,0.0912668
0,0,0.0912926
0,0,0.0913584
0,0,0.0913793
0,0,0.0913797
0,0,0.0914365
0,0,0.0915318
0,0,0.0915988
0,0,0.0916023
0,0,0.0917865
0,0,0.0918872
0,0,0.0918901
0,0,0.0918923
0,0,0.0921259
0,0,0.0921962
0,0,0.0923091
0,0,0.0923532
0,0,0.0923827
0,0,0.092491
0,0,0.0925287
0,0,0.0926776
0,0,0.0926938
0,0,0.0926978
0,0,0.0927169
0,0,0.0927942
0,0,0.0929099
0,0,0.093005
0,0,0.0930544
0,0,0.0930736
0,0,0.0931049
0,0,0.0931159
0,0,0.0933373
0,0,0.0933377
0,0,0.093368
0,0,0.0934425
0,0,0.0935303
0,0,0.0935769
0,0,0.09358
0,0,0.0935897
0,0,0.0936403
0,0,0.0937894
0,0,0.0938093
0,0,0.0938106
0,0,0.0938635
0,0,0.0938893
0,0,0.0939209
0,0,0.0940016
0,0,0.0940336
0,0,0.0941171
0,0,0.094222
0,0,0.0943711
0,0,0.0944051
0,0,0.0944626
0,0,0.0945009
0,0,0.0945619
0,0,0.0947336
0,0,0.0948728
0,0,0.0948951
0,0,0.0950138
0,0,0.0950293
0,0,0.0950529
0,0,0.0950765
0,0,0.0951789
0,0,0.0953123
0,0,0.0954878
0,0,0.0955451
0,0,0.0957343
0,0,0.0957925
0,0,0.0958206
0,0,0.095947
0,0,0.0961445
0,0,0.0961825
0,0,0.0962097
0,0,0.0964227
0,0,0.0965211
0,0,0.0965657
0,0,0.0968469
0,0,0.0969319
0,0,0.0971344
0,0,0.0971907
0,0,0.0972508
0,0,0.0972988
0,0,0.0973642
0,0,0.0973661
0,0,0.0974023
0,0,0.0974149
0,0,0.0975225
0,0,0.0975914
0,0,0.0978232
0,0,0.0979101
0,0,0.0982811
0,0,0.0983054
0,0,0.0983383
0,0,0.098351
0,0,0.0984061
0,0,0.0987044
0,0,0.0987177
0,0,0.0987514
0,0,0.0987904
0,0,0.0989498
0,0,0.0991227
0,0,0.0991781
0,0,0.0995233
0,0,0.099564
0,0,0.099593
0,0,0.0995993
0,0,0.0996487
0,0,0.0998736
0,0,0.0999116
0,0,0.100149
0,0,0.100203
0,0,0.100221
0,0,0.100239
0,0,0.100388
0,0,0.10059
0,0,0.100613
0,0,0.100648
0,0,0.10074
0,0,0.100819
0,0,0.100835
0,0,0.100852
0,0,0.100859
0,0,0.101031
0,0,0.101109
0,0,0.101197
0,0,0.101199
0,0,0.101242
0,0,0.101296
0,0,0.101305
0,0,0.101429
0,0,0.101451
0,0,0.101458
0,0,0.101831
0,0,0.101835
0,0,0.102109
0,0,0.10235
0,0,0.10243
0,0,0.102771
0,0,0.102869
0,0,0.102962
0,0,0.103003
0,0,0.103077
0,0,0.10309
0,0,0.10312
0,0,0.10316
0,0,0.103256
0,0,0.10344
0,0,0.103571
0,0,0.103687
0,0,0.103742
0,0,0.103817
0,0,0.103988
0,0,0.10413
0,0,0.104152
0,0,0.104391
0,0,0.104544
0,0,0.104604
0,0,0.104695
0,0,0.104727
0,0,0.104838
0,0,0.104855
0,0,0.10503
0,0,0.105372
0,0,0.105378
0,0,0.105394
0,0,0.105495
0,0,0.105575
0,0,0.105606
0,0,0.105816
0,0,0.105851
0,0,0.106085
0,0,0.106092
0,0,0.106587
0,0,0.106618
0,0,0.106684
0,0,0.106833
0,0,0.106833
0,0,0.107046
0,0,0.10708
0,0,0.107101
0,0,0.107127
0,0,0.107266
0,0,0.107405
0,0,0.107537
0,0,0.107547
0,0,0.107583
0,0,0.107637
0,0,0.107749
0,0,0.108278
0,0,0.108394
0,0,0.108443
0,0,0.108591
0,0,0.108744
0,0,0.108976
0,0,0.109408
0,0,0.109553
0,0,0.109599
0,0,0.109916
0,0,0.110258
0,0,0.110291
0,0,0.110317
0,0,0.110375
0,0,0.110426
0,0,0.110485
0,0,0.110528
0,0,0.11059
0,0,0.11087
0,0,0.110955
0,0,0.110999
0,0,0.111163
0,0,0.111251
0,0,0.111583
0,0,0.111796
0,0,0.111857
0,0,0.112072
0,0,0.11225
0,0,0.112257
0,0,0.112286
0,0,0.112349
0,0,0.11253
0,0,0.112685
0,0,0.112757
0,0,0.112799
0,0,0.113152
0,0,0.113265
0,0,0.113314
0,0,0.113586
0,0,0.113821
0,0,0.114056
0,0,0.114269
0,0,0.114281
0,0,0.114436
0,0,0.114702
0,0,0.114752
0,0,0.114847
0,0,0.114899
0,0,0.114914
0,0,0.115052
0,0,0.115394
0,0,0.115665
0,0,0.115723
0,0,0.115785
0,0,0.11591
0,0,0.116131
0,0,0.116205
0,0,0.116225
0,0,0.116296
0,0,0.116365
0,0,0.116436
0,0,0.116502
0,0,0.116513
0,0,0.11657
0,0,0.11661
0,0,0.116689
0,0,0.116892
0,0,0.117037
0,0,0.117244
0,0,0.11734
0,0,0.117378
0,0,0.117485
0,0,0.117612
0,0,0.117622
0,0,0.117741
0,0,0.117793
0,0,0.117827
0,0,0.117878
0,0,0.11796
0,0,0.118
0,0,0.118167
0,0,0.118191
0,0,0.11824
0,0,0.118449
0,0,0.118516
0,0,0.118548
0,0,0.118561
0,0,0.118777
0,0,0.118885
0,0,0.118928
0,0,0.119144
0,0,0.119173
0,0,0.119571
0,0,0.119666
0,0,0.119803
0,0,0.119976
0,0,0.120092
0,0,0.1202
0,0,0.120338
0,0,0.120415
0,0,0.120517
0,0,0.120622
0,0,0.12063
0,0,0.120633
0,0,0.121082
0,0,0.121205
0,0,0.121244
0,0,0.121749
0,0,0.121772
0,0,0.122262
0,0,0.122419
0,0,0.122438
0,0,0.122591
0,0,0.122656
0,0,0.122757
0,0,0.122953
0,0,0.123218
0,0,0.123452
0,0,0.123705
0,0,0.123719
0,0,0.123874
0,0,0.123916
0,0,0.124022
0,0,0.124034
0,0,0.124315
0,0,0.124536
0,0,0.124631
0,0,0.124704
0,0,0.124717
0,0,0.124737
0,0,0.124877
0,0,0.125277
0,0,0.125278
0,0,0.125283
0,0,0.125284
0,0,0.12529
0,0,0.125316
0,0,0.125798
0,0,0.125881
0,0,0.125905
0,0,0.125923
0,0,0.125965
0,0,0.126062
0,0,0.126068
0,0,0.126265
0,0,0.126374
0,0,0.12638
0,0,0.12652
0,0,0.126571
0,0,0.126769
0,0,0.126829
0,0,0.12683
0,0,0.12683
0,0,0.126995
0,0,0.12707
0,0,0.12715
0,0,0.127235
0,0,0.127284
0,0,0.127483
0,0,0.127553
0,0,0.127613
0,0,0.12769
0,0,0.127965
0,0,0.12797
0,0,0.128011
0,0,0.128107
0,0,0.128249
0,0,0.128269
0,0,0.128316
0,0,0.128353
0,0,0.128425
0,0,0.128665
0,0,0.128701
0,0,0.128744
0,0,0.128902
0,0,0.129086
0,0,0.129097
0,0,0.129456
0,0,0.129758
0,0,0.12992
0,0,0.13009
0,0,0.130813
0,0,0.131012
0,0,0.131118
0,0,0.131214
0,0,0.131349
0,0,0.131567
0,0,0.131645
0,0,0.131872
0,0,0.132111
0,0,0.132118
0,0,0.132442
0,0,0.132641
0,0,0.132698
0,0,0.132757
0,0,0.132762
0,0,0.132768
0,0,0.132904
0,0,0.133207
0,0,0.133267
0,0,0.133444
0,0,0.133553
0,0,0.13358
0,0,0.133795
0,0,0.133824
0,0,0.133891
0,0,0.134185
0,0,0.134502
0,0,0.134594
0,0,0.134741
0,0,0.134899
0,0,0.13506
0,0,0.135182
0,0,0.135396
0,0,0.135887
0,0,0.135954
0,0,0.135986
0,0,0.136013
0,0,0.136026
0,0,0.136042
0,0,0.136042
0,0,0.136468
0,0,0.136489
0,0,0.136533
0,0,0.136884
0,0,0.136955
0,0,0.137001
0,0,0.137329
0,0,0.137564
0,0,0.137588
0,0,0.137613
0,0,0.137811
0,0,0.138795
0,0,0.138861
0,0,0.138935
0,0,0.138944
0,0,0.139257
0,0,0.139308
0,0,0.139355
0,0,0.139402
0,0,0.139561
0,0,0.139794
0,0,0.140073
0,0,0.140262
0,0,0.140642
0,0,0.140774
0,0,0.140967
0,0,0.141004
0,0,0.141053
0,0,0.141289
0,0,0.141372
0,0,0.141649
0,0,0.142132
0,0,0.142543
0,0,0.142885
0,0,0.142971
0,0,0.143002
0,0,0.143137
0,0,0.143206
0,0,0.143222
0,0,0.143378
0,0,0.143492
0,0,0.143757
0,0,0.143809
0,0,0.143897
0,0,0.143949
0,0,0.144342
0,0,0.144512
0,0,0.144554
0,0,0.144697
0,0,0.145166
0,0,0.145244
0,0,0.145327
0,0,0.145361
0,0,0.145386
0,0,0.145833
0,0,0.145922
0,0,0.146023
0,0,0.146084
0,0,0.146343
0,0,0.146398
0,0,0.146678
0,0,0.14687
0,0,0.147022
0,0,0.147051
0,0,0.147055
0,0,0.147115
0,0,0.147248
0,0,0.14736
0,0,0.147485
0,0,0.147661
0,0,0.148145
0,0,0.148641
0,0,0.148863
0,0,0.148865
0,0,0.149018
0,0,0.149109
0,0,0.14952
0,0,0.149766
0,0,0.149896
0,0,0.150239
0,0,0.150411
0,0,0.150586
0,0,0.151443
0,0,0.151512
0,0,0.151763
0,0,0.15179
0,0,0.151881
0,0,0.151965
0,0,0.152313
0,0,0.152317
0,0,0.152386
0,0,0.152435
0,0,0.152551
0,0,0.15256
0,0,0.153123
0,0,0.15332
0,0,0.153658
0,0,0.153783
0,0,0.153817
0,0,0.153959
0,0,0.153964
0,0,0.154047
0,0,0.154254
0,0,0.154276
0,0,0.154615
0,0,0.154686
0,0,0.154938
0,0,0.154969
0,0,0.15542
0,0,0.156372
0,0,0.156421
0,0,0.15645
0,0,0.156718
0,0,0.156997
0,0,0.157117
0,0,0.157577
0,0,0.157884
0,0,0.158093
0,0,0.158481
0,0,0.158958
0,0,0.159097
0,0,0.159278
0,0,0.159395
0,0,0.15944
0,0,0.159539
0,0,0.159972
0,0,0.160249
0,0,0.160309
0,0,0.160595
0,0,0.161038
0,0,0.161054
0,0,0.161086
0,0,0.16111
0,0,0.161458
0,0,0.16153
0,0,0.161683
0,0,0.161937
0,0,0.162433
0,0,0.16256
0,0,0.163001
0,0,0.163186
0,0,0.163717
0,0,0.163878
0,0,0.164042
0,0,0.164384
0,0,0.164496
0,0,0.164561
0,0,0.164806
0,0,0.164923
0,0,0.165162
0,0,0.165283
0,0,0.165557
0,0,0.165678
0,0,0.166296
0,0,0.166425
0,0,0.166457
0,0,0.167146
0,0,0.167152
0,0,0.167576
0,0,0.167676
0,0,0.1677
0,0,0.168679
0,0,0.169402
0,0,0.1696
0,0,0.169672
0,0,0.169696
0,0,0.169849
0,0,0.17009
0,0,0.170362
0,0,0.170732
0,0,0.170946
0,0,0.171029
0,0,0.17107
0,0,0.171136
0,0,0.171146
0,0,0.171478
0,0,0.171561
0,0,0.171568
0,0,0.171705
0,0,0.17172
0,0,0.172313
0,0,0.172325
0,0,0.172382
0,0,0.1728
0,0,0.172848
0,0,0.173004
0,0,0.173467
0,0,0.173714
0,0,0.173923
0,0,0.174068
0,0,0.174176
0,0,0.174661
0,0,0.175078
0,0,0.175263
0,0,0.175672
0,0,0.175903
0,0,0.176228
0,0,0.176317
0,0,0.176372
0,0,0.17657
0,0,0.176828
0,0,0.176898
0,0,0.176955
0,0,0.177375
0,0,0.177416
0,0,0.178302
0,0,0.17887
0,0,0.178978
0,0,0.179167
0,0,0.179176
0,0,0.179308
0,0,0.179406
0,0,0.179579
0,0,0.179784
0,0,0.179799
0,0,0.180343
0,0,0.180411
0,0,0.180788
0,0,0.180911
0,0,0.181074
0,0,0.181335
0,0,0.18156
0,0,0.181761
0,0,0.181849
0,0,0.182095
0,0,0.182248
0,0,0.182425
0,0,0.182447
0,0,0.182707
0,0,0.182848
0,0,0.183081
0,0,0.183225
0,0,0.183314
0,0,0.184177
0,0,0.184757
0,0,0.18484
0,0,0.185258
0,0,0.185446
0,0,0.185599
0,0,0.185793
0,0,0.186858
0,0,0.186913
0,0,0.187046
0,0,0.18715
0,0,0.187706
0,0,0.188138
0,0,0.188328
0,0,0.1884
0,0,0.188462
0,0,0.188778
0,0,0.189002
0,0,0.189012
0,0,0.189225
0,0,0.189397
0,0,0.189734
0,0,0.190039
0,0,0.190057
0,0,0.190141
0,0,0.190487
0,0,0.190706
0,0,0.190765
0,0,0.190825
0,0,0.190845
0,0,0.191675
0,0,0.191812
0,0,0.191985
0,0,0.192746
0,0,0.193243
0,0,0.193658
0,0,0.194357
0,0,0.194391
0,0,0.194391
0,0,0.194846
0,0,0.194879
0,0,0.195574
0,0,0.195635
0,0,0.195771
0,0,0.196195
0,0,0.196669
0,0,0.19711
0,0,0.197803
0,0,0.198229
0,0,0.198503
0,0,0.198623
0,0,0.199194
0,0,0.199277
0,0,0.20011
0,0,0.200806
0,0,0.201474
0,0,0.202104
0,0,0.202325
0,0,0.202568
0,0,0.202924
0,0,0.202958
0,0,0.203182
0,0,0.203259
0,0,0.204455
0,0,0.204962
0,0,0.205176
0,0,0.205185
0,0,0.205507
0,0,0.205638
0,0,0.205925
0,0,0.206726
0,0,0.207167
0,0,0.20746
0,0,0.207666
0,0,0.20775
0,0,0.208964
0,0,0.209426
0,0,0.209669
0,0,0.209753
0,0,0.209896
0,0,0.210226
0,0,0.210363
0,0,0.210472
0,0,0.210478
0,0,0.210532
0,0,0.210588
0,0,0.210885
0,0,0.210971
0,0,0.211061
0,0,0.211143
0,0,0.212651
0,0,0.212966
0,0,0.213028
0,0,0.213103
0,0,0.213347
0,0,0.213681
0,0,0.213717
0,0,0.213865
0,0,0.213915
0,0,0.214325
0,0,0.214577
0,0,0.214956
0,0,0.215148
0,0,0.215223
0,0,0.215402
0,0,0.215736
0,0,0.215862
0,0,0.215932
0,0,0.216029
0,0,0.216269
0,0,0.217868
0,0,0.218164
0,0,0.219013
0,0,0.22006
0,0,0.220313
0,0,0.220566
0,0,0.220866
0,0,0.221475
0,0,0.22212
0,0,0.222382
0,0,0.222897
0,0,0.223398
0,0,0.2246
0,0,0.225193
0,0,0.225407
0,0,0.226169
0,0,0.226183
0,0,0.227201
0,0,0.227485
0,0,0.227724
0,0,0.228138
0,0,0.229752
0,0,0.230467
0,0,0.23131
0,0,0.231833
0,0,0.232376
0,0,0.232597
0,0,0.233138
0,0,0.23386
0,0,0.234662
0,0,0.236005
0,0,0.236544
0,0,0.23684
0,0,0.237271
0,0,0.237682
0,0,0.238494
0,0,0.239107
0,0,0.239132
0,0,0.239877
0,0,0.240053
0,0,0.240121
0,0,0.240853
0,0,0.24148
0,0,0.242779
0,0,0.242898
0,0,0.243112
0,0,0.243381
0,0,0.244079
0,0,0.24424
0,0,0.24432
0,0,0.244857
0,0,0.244916
0,0,0.24532
0,0,0.245413
0,0,0.245487
0,0,0.246143
0,0,0.246457
0,0,0.249256
0,0,0.249722
0,0,0.250201
0,0,0.25112
0,0,0.253583
0,0,0.253833
0,0,0.254153
0,0,0.255485
0,0,0.255907
0,0,0.255928
0,0,0.256064
0,0,0.256279
0,0,0.256532
0,0,0.257156
0,0,0.257568
0,0,0.25793
0,0,0.258021
0,0,0.258121
0,0,0.258376
0,0,0.258431
0,0,0.259034
0,0,0.259207
0,0,0.26
0,0,0.260693
0,0,0.260795
0,0,0.260868
0,0,0.261044
0,0,0.262023
0,0,0.26204
0,0,0.2622
0,0,0.262265
0,0,0.263026
0,0,0.263069
0,0,0.26467
0,0,0.265896
0,0,0.266204
0,0,0.267883
0,0,0.267888
0,0,0.26798
0,0,0.268275
0,0,0.271043
0,0,0.271558
0,0,0.271624
0,0,0.271695
0,0,0.271973
0,0,0.272625
0,0,0.272887
0,0,0.274494
0,0,0.274995
0,0,0.275283
0,0,0.27702
0,0,0.277413
0,0,0.278675
0,0,0.278772
0,0,0.278916
0,0,0.279187
0,0,0.279682
0,0,0.280919
0,0,0.282119
0,0,0.282333
0,0,0.282654
0,0,0.283126
0,0,0.283552
0,0,0.283638
0,0,0.284583
0,0,0.284784
0,0,0.285085
0,0,0.285186
0,0,0.287383
0,0,0.287636
0,0,0.288199
0,0,0.288747
0,0,0.289176
0,0,0.289707
0,0,0.28985
0,0,0.292233
0,0,0.293396
0,0,0.293471
0,0,0.293589
0,0,0.29393
0,0,0.294829
0,0,0.295351
0,0,0.296163
0,0,0.297304
0,0,0.297996
0,0,0.298812
0,0,0.299117
0,0,0.299645
0,0,0.300416
0,0,0.300506
0,0,0.303433
0,0,0.305502
0,0,0.306374
0,0,0.306715
0,0,0.30854
0,0,0.308835
0,0,0.309198
0,0,0.312153
0,0,0.312446
0,0,0.313197
0,0,0.317088
0,0,0.317405
0,0,0.319323
0,0,0.319532
0,0,0.319628
0,0,0.320447
0,0,0.323225
0,0,0.324302
0,0,0.325868
0,0,0.326162
0,0,0.326474
0,0,0.328547
0,0,0.331643
0,0,0.33302
0,0,0.333288
0,0,0.336936
0,0,0.337017
0,0,0.337684
0,0,0.339357
0,0,0.340133
0,0,0.340528
0,0,0.340877
0,0,0.343371
0,0,0.345439
0,0,0.345929
0,0,0.346751
0,0,0.347598
0,0,0.349802
0,0,0.349915
0,0,0.35001
0,0,0.35719
0,0,0.358907
0,0,0.364439
0,0,0.367152
0,0,0.37957
0,0,0.384369
0,0,0.389699
0,0,0.395087
0,0,0.398243
0,0,0.400759
0,0,0.40239
0,0,0.405362
0,0,0.410525
0,0,0.415108
0,0,0.418534
0,0,0.418749
0,0,0.430403
0,0,0.442982
0,0,0.444282
0,0,0.445353
0,0,0.446252
0,0,0.447073
0,0,0.449815
0,0,0.451216
0,0,0.45499
0,0,0.463931
0,0,0.477284
0,0,0.480998
0,0,0.484289
0,0,0.493586
0,0,0.496628
0,0,0.497843
0,0,0.514069
0,0,0.515556
0,0,0.521119
0,0,0.52538
0,0,0.536046
0,0,0.551977
0,0,0.572985
0,0,0.581964
0,0,0.584401
0,0,0.607527
0,0,0.613915
0,0,0.627863
0,0,0.648006
0,0,0.649739
0,0,0.657782
0,0,0.661453
0,0,0.669694
0,0,0.677439
0,0,0.705502
0,0,0.770154
0,0,0.78283
0,0,0.807772
0,0,0.838944
0,0,0.84022
0,0,0.845746
0,0,0.846154
0,0,0.890981
0,0,0.930205
0,0,0.943901
0,0,0.958456
0,0,1.03486
0,0,3
1,1.38525,1.41227
1,1.2168,1.51463
1,1.1415,1.19729
1,1.06174,1.4923
1,1.03533,1.10266
1,1.01527,1.03181
1,0.963882,0.990349
1,0.904093,1.113
1,0.851635,0.986281
1,0.772815,0.849466
1,0.760545,0.76689
1,0.759859,0.781073
1,0.751054,0.817214
1,0.718069,0.742368
1,0.697652,0.701263
1,0.661746,0.735521
1,0.653701,0.688757
1,0.646793,0.648006
1,0.642514,0.643018
1,0.621664,0.629124
1,0.616249,0.688221
1,0.612791,0.718984
1,0.58703,0.62856
1,0.582895,0.867768
1,0.580722,0.59829
1,0.570131,0.596756
1,0.564354,0.572823
1,0.557985,0.931643
1,0.552522,0.714246
1,0.543,0.622982
1,0.53922,0.661345
1,0.52713,0.758345
1,0.520354,0.572823
1,0.516618,0.790698
1,0.513437,0.865228
1,0.506613,0.509429
1,0.505259,0.524935
1,0.501028,0.582752
1,0.490724,0.497459
1,0.476008,0.727874
1,0.475794,0.476328
1,0.467905,0.504205
1,0.464657,0.475951
1,0.462983,0.481041
1,0.457004,0.534395
1,0.454495,0.476861
1,0.452843,0.568517
1,0.449881,0.538226
1,0.447917,0.488998
1,0.444246,0.45117
1,0.444092,0.482057
1,0.444044,0.578681
1,0.443559,0.539417
1,0.439742,0.448625
1,0.438681,0.445386
1,0.437992,0.445925
1,0.437675,0.446103
1,0.43514,0.468292
1,0.414198,0.544385
1,0.402488,0.419989
1,0.400708,0.557831
1,0.399626,0.471269
1,0.398046,0.416841
1,0.397471,0.595154
1,0.394697,0.416846
1,0.393832,0.439729
1,0.392695,0.438064
1,0.38955,0.559966
1,0.389528,0.42507
1,0.388822,0.399311
1,0.387889,0.531848
1,0.38775,0.423192
1,0.384721,0.44572
1,0.383747,0.441655
1,0.381532,0.395793
1,0.381452,0.429524
1,0.378337,0.403302
1,0.372259,0.380897
1,0.370735,0.37986
1,0.369621,0.463822
1,0.367975,0.582896
1,0.366625,0.370772
1,0.363497,0.452526
1,0.360644,0.388769
1,0.360257,0.364779
1,0.359915,0.440836
1,0.359879,0.366176
1,0.358419,0.407145
1,0.356466,0.460856
1,0.35506,0.360256
1,0.352708,0.364554
1,0.352033,0.52025
1,0.351344,0.361275
1,0.350062,0.397156
1,0.349083,0.357706
1,0.348927,0.362072
1,0.342397,0.427836
1,0.341882,0.362072
1,0.340903,0.730833
1,0.340526,0.347037
1,0.337782,0.343832
1,0.3361,0.336696
1,0.334635,0.386142
1,0.334604,0.384985
1,0.331562,0.367101
1,0.331543,0.382719
1,0.331313,0.388186
1,0.329525,0.401437
1,0.329184,0.348164
1,0.329054,0.408402
1,0.327678,0.347002
1,0.326557,0.357223
1,0.324688,0.343879
1,0.323415,0.325806
1,0.322309,0.438022
1,0.320481,0.361584
1,0.31745,0.323089
1,0.314782,0.367746
1,0.314679,0.385692
1,0.313479,0.334107
1,0.312823,0.314411
1,0.310476,0.344115
1,0.30943,0.323901
1,0.307359,0.348081
1,0.305561,0.415756
1,0.305124,0.376103
1,0.30411,0.402921
1,0.303159,0.390124
1,0.303108,0.319732
1,0.302512,0.359121
1,0.300793,0.301998
1,0.300601,0.331237
1,0.299629,0.305963
1,0.298955,0.370338
1,0.298031,0.325223
1,0.297901,0.305085
1,0.297478,0.321063
1,0.297425,0.308023
1,0.297183,0.449476
1,0.296742,0.351599
1,0.295895,0.434237
1,0.295877,0.352964
1,0.295469,0.302547
1,0.291055,0.327512
1,0.290901,0.365162
1,0.290809,0.478616
1,0.289984,0.333486
1,0.289954,0.361081
1,0.28787,0.314956
1,0.287463,0.348812
1,0.287167,0.311387
1,0.287096,0.28876
1,0.28508,0.419674
1,0.284501,0.286048
1,0.283542,0.292534
1,0.283513,0.326963
1,0.279491,0.321502
1,0.279439,0.284961
1,0.277356,0.279218
1,0.276653,0.342761
1,0.275578,0.319092
1,0.275231,0.328381
1,0.274416,0.460571
1,0.273196,0.352165
1,0.269929,0.281085
1,0.265717,0.403768
1,0.265613,0.28613
1,0.265395,0.269368
1,0.265237,0.292711
1,0.265227,0.32431
1,0.265184,0.334107
1,0.264076,0.266715
1,0.262339,0.360684
1,0.260245,0.398682
1,0.256657,0.266344
1,0.254361,0.2693
1,0.253035,0.318553
1,0.252495,0.260748
1,0.25155,0.29643
1,0.251095,0.259755
1,0.250577,0.281256
1,0.248545,0.347642
1,0.248328,0.276137
1,0.248061,0.252751
1,0.246418,0.401091
1,0.246278,0.266618
1,0.245594,0.260098
1,0.245409,0.246388
1,0.244762,0.289008
1,0.244369,0.256657
1,0.243945,0.249238
1,0.24348,0.28743
1,0.24341,0.26779
1,0.242784,0.283342
1,0.242438,0.254
1,0.242407,0.250622
1,0.242058,0.344372
1,0.242049,0.323042
1,0.241895,0.24604
1,0.240399,0.283135
1,0.23979,0.25735
1,0.238866,0.307497
1,0.238037,0.281272
1,0.238034,0.2443
1,0.237762,0.285035
1,0.236531,0.282823
1,0.236394,0.306331
1,0.235457,0.332633
1,0.235445,0.30951
1,0.235291,0.293858
1,0.232959,0.246874
1,0.232904,0.240407
1,0.23189,0.273462
1,0.231133,0.235471
1,0.229436,0.280445
1,0.22925,0.259755
1,0.229229,0.235609
1,0.227971,0.254136
1,0.226869,0.364789
1,0.226136,0.265374
1,0.225751,0.311918
1,0.225612,0.251935
1,0.225486,0.229354
1,0.224527,0.254827
1,0.223813,0.236533
1,0.223537,0.252279
1,0.223339,0.239224
1,0.22273,0.248115
1,0.222423,0.265344
1,0.222234,0.258792
1,0.221866,0.320541
1,0.220203,0.249168
1,0.220174,0.228748
1,0.219833,0.257275
1,0.219455,0.237052
1,0.219315,0.279489
1,0.218506,0.227608
1,0.217904,0.242802
1,0.216803,0.290623
1,0.216308,0.250661
1,0.215173,0.232542
1,0.215048,0.221194
1,0.214047,0.237979
1,0.213439,0.21535
1,0.213251,0.261404
1,0.212828,0.261373
1,0.212216,0.244291
1,0.212215,0.259427
1,0.212028,0.213964
1,0.211515,0.23565
1,0.209088,0.22123
1,0.208514,0.242258
1,0.208426,0.212315
1,0.207894,0.236656
1,0.207023,0.333638
1,0.206495,0.213305
1,0.20302,0.318054
1,0.20287,0.218909
1,0.202068,0.270352
1,0.201829,0.31475
1,0.201705,0.201761
1,0.201052,0.203883
1,0.200627,0.202301
1,0.2002,0.258671
1,0.19974,0.29101
1,0.199484,0.210521
1,0.197766,0.205216
1,0.19732,0.227955
1,0.197205,0.21016
1,0.197015,0.239343
1,0.196933,0.263134
1,0.19649,0.205891
1,0.196378,0.2603
1,0.196346,0.204024
1,0.196254,0.220431
1,0.19591,0.199695
1,0.195751,0.197409
1,0.195486,0.242477
1,0.195406,0.199073
1,0.195151,0.31064
1,0.194013,0.20551
1,0.194001,0.205788
1,0.19364,0.242289
1,0.193578,0.217038
1,0.192602,0.21951
1,0.192533,0.233611
1,0.192388,0.197787
1,0.191979,0.212804
1,0.191504,0.193716
1,0.190781,0.196912
1,0.190207,0.223196
1,0.190143,0.301078
1,0.189422,0.203433
1,0.189176,0.254761
1,0.18897,0.195386
1,0.18772,0.256984
1,0.187262,0.195487
1,0.187178,0.194621
1,0.186939,0.211787
1,0.185854,0.310322
1,0.185204,0.248071
1,0.18454,0.185124
1,0.184515,0.213433
1,0.183506,0.198151
1,0.183404,0.195826
1,0.183277,0.188627
1,0.182848,0.205588
1,0.182739,0.217209
1,0.181758,0.198392
1,0.181551,0.18451
1,0.181353,0.192957
1,0.180615,0.189507
1,0.180348,0.193945
1,0.179682,0.217256
1,0.17935,0.187587
1,0.179199,0.212813
1,0.178705,0.213419
1,0.178643,0.181866
1,0.177907,0.250662
1,0.17729,0.246381
1,0.177003,0.21792
1,0.176683,0.176736
1,0.175599,0.193315
1,0.175449,0.209696
1,0.175111,0.210843
1,0.174158,0.214042
1,0.173858,0.216677
1,0.173839,0.181432
1,0.173181,0.173293
1,0.173038,0.174224
1,0.17269,0.188881
1,0.172446,0.186885
1,0.172376,0.173353
1,0.171736,0.23051
1,0.170969,0.171862
1,0.170579,0.192474
1,0.170428,0.190564
1,0.170328,0.222952
1,0.170209,0.179601
1,0.169541,0.176269
1,0.169214,0.221628
1,0.168035,0.206817
1,0.167713,0.180632
1,0.167623,0.176031
1,0.167593,0.198221
1,0.167292,0.223571
1,0.167049,0.250198
1,0.166877,0.193377
1,0.166774,0.170633
1,0.166685,0.196516
1,0.166643,0.168814
1,0.165878,0.172232
1,0.16504,0.18002
1,0.164874,0.244526
1,0.164867,0.214549
1,0.164199,0.210462
1,0.16369,0.181107
1,0.163598,0.170286
1,0.162939,0.167762
1,0.162912,0.169554
1,0.162278,0.165294
1,0.161484,0.169479
1,0.161277,0.189497
1,0.16116,0.168969
1,0.160971,0.176612
1,0.160621,0.170688
1,0.160382,0.179155
1,0.160137,0.162722
1,0.160024,0.213871
1,0.160003,0.19784
1,0.159744,0.216339
1,0.159253,0.241566
1,0.159194,0.20216
1,0.158985,0.204903
1,0.158852,0.181731
1,0.158415,0.160496
1,0.158148,0.183802
1,0.15795,0.171434
1,0.157579,0.173803
1,0.157231,0.178607
1,0.157228,0.172673
1,0.157198,0.167136
1,0.156373,0.170058
1,0.156348,0.188627
1,0.156153,0.169958
1,0.156149,0.163253
1,0.155915,0.177867
1,0.15576,0.170309
1,0.155478,0.164721
1,0.155131,0.187846
1,0.155001,0.187079
1,0.154292,0.159319
1,0.153153,0.154801
1,0.152836,0.221981
1,0.152539,0.153924
1,0.15249,0.154519
1,0.152399,0.186619
1,0.152342,0.17177
1,0.15228,0.152431
1,0.151533,0.203851
1,0.151328,0.152394
1,0.150819,0.15236
1,0.150628,0.152221
1,0.150605,0.175342
1,0.150005,0.196344
1,0.148958,0.177462
1,0.14869,0.162465
1,0.148112,0.175219
1,0.147997,0.166495
1,0.147857,0.178718
1,0.147838,0.158301
1,0.147708,0.176733
1,0.147239,0.176893
1,0.14699,0.150192
1,0.146495,0.152965
1,0.145633,0.187362
1,0.145548,0.154358
1,0.144855,0.1815
1,0.144121,0.263652
1,0.144095,0.164261
1,0.144055,0.151623
1,0.143823,0.175835
1,0.143324,0.159319
1,0.143133,0.146024
1,0.143058,0.143737
1,0.143004,0.148845
1,0.142917,0.158046
1,0.142818,0.149984
1,0.14221,0.184406
1,0.142083,0.143534
1,0.142037,0.165094
1,0.141836,0.253738
1,0.141826,0.142591
1,0.141817,0.153658
1,0.141811,0.174419
1,0.141465,0.172125
1,0.141134,0.195323
1,0.141009,0.172803
1,0.140923,0.146525
1,0.140471,0.178353
1,0.140347,0.143676
1,0.13986,0.146583
1,0.139779,0.18478
1,0.139453,0.144498
1,0.139257,0.15289
1,0.138727,0.174991
1,0.138726,0.155723
1,0.138434,0.144062
1,0.138385,0.138783
1,0.138381,0.148842
1,0.138338,0.167661
1,0.138244,0.160292
1,0.138199,0.143041
1,0.138031,0.159679
1,0.137993,0.143894
1,0.13789,0.142992
1,0.137795,0.156158
1,0.137737,0.144845
1,0.137598,0.13842
1,0.137394,0.139886
1,0.137111,0.158969
1,0.136956,0.136992
1,0.136831,0.188722
1,0.1364,0.140213
1,0.13617,0.150166
1,0.136077,0.151716
1,0.135994,0.145625
1,0.135861,0.163668
1,0.13542,0.174242
1,0.135082,0.136775
1,0.134998,0.148995
1,0.134225,0.13997
1,0.133968,0.143216
1,0.133964,0.17688
1,0.133596,0.169638
1,0.133083,0.151675
1,0.133006,0.134067
1,0.132989,0.139494
1,0.132688,0.136138
1,0.132356,0.144728
1,0.131885,0.145596
1,0.131845,0.188069
1,0.131456,0.152051
1,0.130312,0.154939
1,0.130287,0.173912
1,0.129636,0.134272
1,0.129599,0.141819
1,0.129489,0.142536
1,0.129412,0.146124
1,0.129285,0.137832
1,0.129083,0.13073
1,0.128792,0.136703
1,0.128689,0.132102
1,0.128227,0.134168
1,0.127877,0.136892
1,0.127543,0.140422
1,0.127072,0.127296
1,0.126996,0.137633
1,0.126922,0.14273
1,0.126493,0.12989
1,0.126317,0.13968
1,0.125833,0.150044
1,0.125831,0.127372
1,0.125367,0.125467
1,0.12534,0.159357
1,0.125023,0.183516
1,0.124917,0.140926
1,0.124434,0.139662
1,0.124352,0.13532
1,0.12414,0.127542
1,0.124046,0.125865
1,0.123993,0.15365
1,0.123688,0.124648
1,0.123388,0.13244
1,0.123387,0.135697
1,0.123362,0.124781
1,0.12281,0.132161
1,0.1225,0.13388
1,0.122487,0.169834
1,0.122341,0.12945
1,0.122327,0.127427
1,0.122271,0.138356
1,0.122182,0.130134
1,0.122098,0.122319
1,0.122014,0.137473
1,0.121849,0.127103
1,0.121633,0.142877
1,0.121408,0.123298
1,0.121136,0.149283
1,0.12096,0.140246
1,0.120918,0.126247
1,0.120734,0.125952
1,0.120217,0.140938
1,0.119673,0.155788
1,0.119667,0.179973
1,0.119632,0.197615
1,0.119592,0.120782
1,0.119387,0.133257
1,0.11924,0.122363
1,0.119142,0.131126
1,0.11828,0.15746
1,0.118255,0.1487
1,0.118076,0.143799
1,0.117978,0.12385
1,0.117887,0.123998
1,0.117681,0.138054
1,0.117616,0.124629
1,0.117613,0.121887
1,0.117372,0.128426
1,0.117367,0.121469
1,0.117199,0.135659
1,0.11717,0.140999
1,0.117023,0.129706
1,0.116671,0.141071
1,0.116639,0.153742
1,0.116459,0.126341
1,0.116225,0.116585
1,0.115498,0.117283
1,0.11532,0.136166
1,0.11531,0.149784
1,0.115304,0.129541
1,0.115229,0.129588
1,0.115128,0.125511
1,0.11512,0.14506
1,0.115103,0.144186
1,0.11505,0.125627
1,0.114678,0.123552
1,0.114349,0.117857
1,0.114158,0.151356
1,0.114118,0.123044
1,0.114048,0.115965
1,0.113931,0.115422
1,0.113667,0.145715
1,0.113192,0.114265
1,0.113101,0.113837
1,0.113072,0.13596
1,0.113012,0.126089
1,0.112904,0.120079
1,0.112899,0.121306
1,0.112892,0.119671
1,0.112797,0.120879
1,0.112632,0.136479
1,0.11226,0.141922
1,0.112176,0.118437
1,0.112137,0.119207
1,0.112134,0.133241
1,0.111932,0.116395
1,0.111718,0.12776
1,0.111632,0.11372
1,0.111508,0.12427
1,0.111436,0.1191
1,0.111246,0.126609
1,0.111222,0.119184
1,0.111207,0.135703
1,0.111173,0.112445
1,0.110972,0.158299
1,0.110902,0.136056
1,0.110688,0.119402
1,0.110609,0.112475
1,0.110323,0.113653
1,0.110288,0.131899
1,0.110254,0.120263
1,0.110217,0.117889
1,0.110194,0.124992
1,0.110191,0.127012
1,0.110143,0.114738
1,0.110107,0.122775
1,0.109963,0.116502
1,0.109891,0.110432
1,0.109725,0.1154
1,0.109692,0.113787
1,0.109683,0.12022
1,0.109512,0.119408
1,0.109469,0.11124
1,0.109334,0.11265
1,0.109312,0.112741
1,0.10915,0.141252
1,0.108827,0.148447
1,0.108683,0.144401
1,0.108673,0.12002
1,0.108612,0.121065
1,0.108469,0.115764
1,0.108148,0.120467
1,0.108019,0.108855
1,0.107999,0.108088
1,0.107983,0.113136
1,0.107928,0.134054
1,0.107853,0.114265
1,0.107638,0.129356
1,0.107308,0.145687
1,0.10729,0.111409
1,0.106847,0.108078
1,0.106722,0.138096
1,0.106719,0.128736
1,0.106475,0.112934
1,0.106428,0.107163
1,0.106396,0.110609
1,0.106379,0.106978
1,0.106349,0.114521
1,0.105991,0.110406
1,0.105909,0.149547
1,0.105848,0.10829
1,0.105775,0.177706
1,0.105708,0.105915
1,0.105534,0.107593
1,0.105464,0.118357
1,0.105457,0.136875
1,0.105374,0.121815
1,0.105276,0.114156
1,0.105194,0.108874
1,0.105061,0.113892
1,0.104997,0.134491
1,0.104913,0.105965
1,0.104871,0.106965
1,0.104814,0.110546
1,0.104789,0.12473
1,0.104705,0.126383
1,0.104655,0.116241
1,0.104635,0.106082
1,0.10455,0.121621
1,0.104516,0.112739
1,0.104476,0.111797
1,0.104427,0.118519
1,0.104417,0.126181
1,0.104332,0.108565
1,0.104026,0.121268
1,0.104017,0.116341
1,0.103922,0.109105
1,0.10384,0.116916
1,0.103737,0.121379
1,0.103658,0.120839
1,0.103559,0.139051
1,0.103538,0.109986
1,0.103276,0.108369
1,0.103216,0.106082
1,0.10275,0.151941
1,0.102652,0.11351
1,0.102556,0.107454
1,0.102535,0.110007
1,0.102493,0.104495
1,0.102129,0.144935
1,0.102006,0.102877
1,0.101911,0.125538
1,0.101683,0.124722
1,0.101632,0.108074
1,0.101215,0.108257
1,0.101207,0.117792
1,0.101207,0.121357
1,0.100982,0.10886
1,0.100854,0.108325
1,0.100853,0.110613
1,0.100806,0.133896
1,0.100734,0.101134
1,0.10072,0.112512
1,0.100698,0.124087
1,0.100359,0.104468
1,0.100308,0.100642
1,0.100227,0.10581
1,0.100136,0.133294
1,0.10005,0.121256
1,0.100045,0.113867
1,0.100045,0.104038
1,0.0999785,0.117959
1,0.0998913,0.104507
1,0.0998349,0.116499
1,0.0997986,0.102382
1,0.0997983,0.128569
1,0.0997515,0.108891
1,0.0996834,0.136783
1,0.0995217,0.112033
1,0.0993737,0.133819
1,0.099358,0.14629
1,0.0992036,0.106009
1,0.0990631,0.113494
1,0.0990545,0.106991
1,0.0990367,0.105341
1,0.0990031,0.100788
1,0.0987811,0.102303
1,0.098779,0.122855
1,0.0987295,0.0995175
1,0.0987293,0.12304
1,0.0986383,0.118061
1,0.0985571,0.105166
1,0.0985318,0.104717
1,0.0985122,0.100636
1,0.0984338,0.109252
1,0.098313,0.106991
1,0.0982519,0.107604
1,0.0980593,0.0988039
1,0.098035,0.109081
1,0.0979816,0.105089
1,0.0979765,0.108307
1,0.0979554,0.101936
1,0.09794,0.103017
1,0.0979045,0.129356
1,0.0978786,0.100059
1,0.0978708,0.102514
1,0.0977458,0.108166
1,0.0976569,0.0978093
1,0.097601,0.115856
1,0.0975646,0.11283
1,0.0973326,0.110618
1,0.0972726,0.134514
1,0.0972159,0.112772
1,0.0971265,0.0982076
1,0.0969271,0.113456
1,0.0969198,0.0970478
1,0.0969176,0.101298
1,0.0968281,0.117562
1,0.0967098,0.114167
1,0.0966238,0.116204
1,0.0964759,0.113037
1,0.0963811,0.101724
1,0.0963691,0.126813
1,0.0962945,0.104092
1,0.0961658,0.107184
1,0.0960428,0.10028
1,0.0960029,0.103776
1,0.0959669,0.106768
1,0.0959171,0.0999756
1,0.0958921,0.0978666
1,0.0957122,0.105074
1,0.095657,0.126661
1,0.0955894,0.129063
1,0.0953681,0.106692
1,0.0952461,0.132101
1,0.0951577,0.131239
1,0.095076,0.118607
1,0.0950731,0.106614
1,0.0948447,0.096889
1,0.0948435,0.124121
1,0.0948212,0.0956713
1,0.0947516,0.117578
1,0.0946391,0.104643
1,0.094606,0.131208
1,0.0944572,0.114417
1,0.0944288,0.104638
1,0.0943559,0.116614
1,0.0942659,0.117035
1,0.0940454,0.0994005
1,0.093952,0.109536
1,0.0938505,0.137375
1,0.0938407,0.0956776
1,0.0938178,0.100323
1,0.093789,0.135198
1,0.0937476,0.134227
1,0.0936718,0.107495
1,0.0934706,0.136056
1,0.0934364,0.123715
1,0.0932748,0.0959528
1,0.0932119,0.106159
1,0.0931802,0.123079
1,0.0930981,0.0933431
1,0.0930198,0.0947381
1,0.0930026,0.101059
1,0.0929286,0.0977039
1,0.0928902,0.093352
1,0.0928252,0.137628
1,0.0927463,0.0993894
1,0.0927021,0.109329
1,0.0926512,0.0952331
1,0.0926209,0.0942537
1,0.0926005,0.0935837
1,0.0925275,0.0928612
1,0.0924548,0.105058
1,0.0923885,0.0992486
1,0.0923685,0.172184
1,0.0923486,0.0934613
1,0.0922835,0.100364
1,0.0922733,0.153031
1,0.092178,0.112266
1,0.092118,0.125374
1,0.0919115,0.0939537
1,0.0918581,0.114934
1,0.0916192,0.0943564
1,0.0916068,0.103178
1,0.0915351,0.111333
1,0.0914949,0.0986199
1,0.091491,0.0938075
1,0.0914782,0.124923
1,0.0914399,0.109
1,0.091386,0.0944789
1,0.0912786,0.113124
1,0.0910535,0.120598
1,0.0909647,0.0936706
1,0.0908852,0.0969765
1,0.0908815,0.109281
1,0.0908168,0.103602
1,0.0908106,0.134899
1,0.0908094,0.096129
1,0.0906664,0.137541
1,0.0906563,0.0959297
1,0.0906404,0.0986907
1,0.0906053,0.0981002
1,0.0905934,0.0980865
1,0.0905719,0.10273
1,0.0905503,0.0962974
1,0.0905401,0.0940457
1,0.090496,0.135202
1,0.0904594,0.117263
1,0.090413,0.101278
1,0.0903866,0.0998476
1,0.0903841,0.103794
1,0.0902406,0.0914305
1,0.0901387,0.123981
1,0.0900072,0.118345
1,0.0899676,0.0905369
1,0.0899213,0.104419
1,0.0899092,0.0970647
1,0.0897364,0.0959731
1,0.0895657,0.102755
1,0.0895412,0.0984989
1,0.089487,0.0902524
1,0.0894347,0.0975231
1,0.0892728,0.090878
1,0.0892266,0.0990976
1,0.0892072,0.0996457
1,0.0891704,0.0996296
1,0.0891363,0.103369
1,0.0891047,0.0995369
1,0.0889508,0.100278
1,0.0889087,0.0970297
1,0.0888524,0.0927731
1,0.0888086,0.0901939
1,0.0887607,0.0887764
1,0.0887239,0.105987
1,0.088703,0.143212
1,0.0886356,0.115856
1,0.0885541,0.0900379
1,0.0884683,0.0951755
1,0.0884531,0.10614
1,0.088425,0.11587
1,0.08841,0.0926131
1,0.0883259,0.112448
1,0.0882994,0.0976084
1,0.0882315,0.0928446
1,0.0882159,0.152422
1,0.0881802,0.0884116
1,0.0881288,0.0997553
1,0.0880513,0.137777
1,0.0879691,0.0922975
1,0.0879163,0.0904367
1,0.0876762,0.0898501
1,0.0876634,0.0929405
1,0.087627,0.0922369
1,0.0875844,0.120263
1,0.0875383,0.0970623
1,0.0874351,0.110488
1,0.0873647,0.0888426
1,0.0873508,0.13772
1,0.0871327,0.0908294
1,0.0871259,0.0899405
1,0.0871008,0.0950987
1,0.0869413,0.0922047
1,0.0868688,0.106446
1,0.0867672,0.097484
1,0.0867518,0.101244
1,0.0866332,0.0974777
1,0.0865965,0.0976485
1,0.0865258,0.0907588
1,0.0862748,0.0939241
1,0.0862327,0.121877
1,0.0862148,0.10018
1,0.086208,0.0912144
1,0.0859969,0.0930123
1,0.0859753,0.0991983
1,0.0859685,0.0939287
1,0.0859281,0.0860721
1,0.0858551,0.104137
1,0.0856569,0.120922
1,0.0854913,0.113304
1,0.0854104,0.10534
1,0.0854067,0.106723
1,0.0854055,0.101884
1,0.0853695,0.107469
1,0.0852005,0.125522
1,0.0851948,0.104363
1,0.0851888,0.0866391
1,0.0851664,0.0952558
1,0.0851409,0.127458
1,0.0851139,0.0854226
1,0.0850331,0.093825
1,0.0849735,0.115877
1,0.0849304,0.0959038
1,0.0848804,0.0890684
1,0.0848658,0.106596
1,0.0847653,0.109094
1,0.0846795,0.120993
1,0.0846701,0.0975084
1,0.084654,0.101148
1,0.0845961,0.10294
1,0.0845896,0.0986801
1,0.0845399,0.0987338
1,0.0844716,0.0936789
1,0.0844247,0.110966
1,0.084362,0.0853956
1,0.0843203,0.0875216
1,0.0842866,0.0899522
1,0.0841283,0.114756
1,0.0839534,0.0864028
1,0.0839355,0.0991092
1,0.0839092,0.0864031
1,0.0839082,0.0922731
1,0.0834762,0.102357
1,0.0833696,0.104439
1,0.0832736,0.0964725
1,0.0832084,0.095136
1,0.0831913,0.120598
1,0.083189,0.145537
1,0.0831012,0.0839028
1,0.0830177,0.0936149
1,0.0829894,0.0875182
1,0.0829394,0.0852433
1,0.0827031,0.0902351
1,0.0826919,0.0992528
1,0.0826287,0.0889835
1,0.0825142,0.0921709
1,0.0824028,0.119267
1,0.0823233,0.111589
1,0.082299,0.106738
1,0.0822595,0.082544
1,0.0821922,0.0866824
1,0.0820656,0.0864565
1,0.0820508,0.101546
1,0.0820192,0.102641
1,0.081989,0.0879615
1,0.0819809,0.0905736
1,0.0819661,0.112681
1,0.08189,0.127334
1,0.0818652,0.0933522
1,0.081861,0.0962687
1,0.0817902,0.0883895
1,0.0817753,0.0829482
1,0.0817552,0.0864727
1,0.0817015,0.0932667
1,0.0817005,0.0941948
1,0.081658,0.094802
1,0.0815709,0.096687
1,0.0815062,0.0849233
1,0.0814331,0.0816994
1,0.0813814,0.0934462
1,0.0813736,0.0821893
1,0.0813229,0.0880865
1,0.0812999,0.094469
1,0.0812825,0.10536
1,0.0811173,0.0983018
1,0.0810727,0.0988125
1,0.0810145,0.085901
1,0.0809849,0.0858095
1,0.0809272,0.0884093
1,0.0809117,0.0916817
1,0.0807631,0.101049
1,0.0806229,0.082108
1,0.0805044,0.0897776
1,0.0803954,0.0902564
1,0.0803598,0.0813802
1,0.0803461,0.099744
1,0.080303,0.0903279
1,0.0802317,0.0910423
1,0.080231,0.0846436
1,0.0802204,0.0908017
1,0.0802157,0.133458
1,0.0801911,0.0890091
1,0.0801681,0.110145
1,0.0800921,0.114558
1,0.0800918,0.103214
1,0.0800361,0.0814647
1,0.0800271,0.0809361
1,0.0799467,0.0841499
1,0.079918,0.122592
1,0.0799139,0.0896858
1,0.07978,0.125021
1,0.0797782,0.0854114
1,0.0796683,0.102357
1,0.0796299,0.103824
1,0.079627,0.105375
1,0.0796179,0.0982149
1,0.0795953,0.0849768
1,0.0795409,0.0805684
1,0.0793225,0.0814187
1,0.0792558,0.0825452
1,0.0792506,0.0960952
1,0.0791933,0.0795268
1,0.079189,0.0877422
1,0.0791757,0.109427
1,0.0791592,0.0968768
1,0.0791418,0.0810237
1,0.0791087,0.0832562
1,0.0790441,0.123773
1,0.0790334,0.0824626
1,0.0788612,0.0801772
1,0.0787865,0.0855519
1,0.0787851,0.0873261
1,0.0786607,0.0835939
1,0.0786603,0.0833507
1,0.0786166,0.0879043
1,0.0785614,0.0895327
1,0.0785592,0.0820518
1,0.0785341,0.0816275
1,0.0785118,0.108248
1,0.0784561,0.0942964
1,0.0784196,0.107935
1,0.0783946,0.109821
1,0.0783641,0.0876
1,0.0782056,0.079345
1,0.0781326,0.100144
1,0.0781229,0.0796197
1,0.0780954,0.0809189
1,0.0780922,0.0898044
1,0.0780834,0.0894317
1,0.0780356,0.0850474
1,0.0780178,0.0874469
1,0.0780127,0.0896992
1,0.0779965,0.0942537
1,0.0779831,0.104847
1,0.077982,0.0793387
1,0.0779295,0.100098
1,0.0779242,0.0801152
1,0.0779119,0.0857525
1,0.0778967,0.11592
1,0.0778046,0.0974372
1,0.0777517,0.0854627
1,0.0777474,0.0953084
1,0.0777327,0.0881779
1,0.0777213,0.0988753
1,0.0776839,0.0800709
1,0.0776788,0.0877562
1,0.0774368,0.0858473
1,0.0773954,0.100284
1,0.0772064,0.0786976
1,0.0771857,0.0859464
1,0.0770299,0.0998878
1,0.0770152,0.0860692
1,0.0770006,0.0877728
1,0.0769996,0.123891
1,0.0769973,0.0849698
1,0.0769727,0.0977039
1,0.0769664,0.0893345
1,0.0769446,0.10852
1,0.0767532,0.0823301
1,0.0766471,0.0853992
1,0.0765665,0.121714
1,0.0765218,0.103801
1,0.0765021,0.0807915
1,0.076451,0.0955682
1,0.0763969,0.0776294
1,0.0763865,0.0862794
1,0.076234,0.0766618
1,0.0762029,0.0874573
1,0.0760674,0.0843406
1,0.0760605,0.0972066
1,0.0759397,0.103428
1,0.0758387,0.105363
1,0.0758098,0.107422
1,0.0757945,0.0800543
1,0.0757896,0.0878498
1,0.0757087,0.112143
1,0.0756176,0.0806379
1,0.0756118,0.0873374
1,0.0756008,0.0864643
1,0.0755899,0.0884023
1,0.0755381,0.0847144
1,0.0755112,0.0824572
1,0.0754731,0.101287
1,0.0754598,0.077418
1,0.0754387,0.0761601
1,0.0753573,0.0783395
1,0.0753007,0.12038
1,0.0751381,0.0793145
1,0.075067,0.111549
1,0.0750502,0.0777726
1,0.0749326,0.104095
1,0.0747766,0.0991314
1,0.0747707,0.0788908
1,0.0747079,0.0954761
1,0.0747076,0.0846399
1,0.0745497,0.0817937
1,0.0745178,0.0780477
1,0.0745008,0.0844064
1,0.0744862,0.0859823
1,0.074376,0.0891528
1,0.074354,0.0783439
1,0.0743528,0.0923097
1,0.074332,0.0763222
1,0.0743192,0.0776796
1,0.0741801,0.0834832
1,0.0741534,0.114468
1,0.0741187,0.0849458
1,0.0739621,0.0796001
1,0.0739271,0.126138
1,0.0738686,0.0795487
1,0.0738569,0.0979433
1,0.0738503,0.078556
1,0.0738368,0.0994685
1,0.0737617,0.0812358
1,0.0736913,0.0785359
1,0.0736681,0.0876137
1,0.0735796,0.0837482
1,0.0735,0.0779823
1,0.0734494,0.122923
1,0.0734244,0.0767727
1,0.073424,0.0914242
1,0.0734151,0.0772132
1,0.0733801,0.0768757
1,0.0732393,0.0883135
1,0.0732194,0.0958931
1,0.0731769,0.0769882
1,0.0730267,0.0750835
1,0.0730254,0.0751085
1,0.0730141,0.0797272
1,0.0729458,0.0770808
1,0.0728804,0.0871223
1,0.0728608,0.0827809
1,0.0727907,0.0902139
1,0.0726819,0.076924
1,0.072657,0.0770054
1,0.0726244,0.0731245
1,0.0726168,0.0788013
1,0.072514,0.118443
1,0.0724073,0.0733739
1,0.0724065,0.0820494
1,0.0723909,0.077894
1,0.0723893,0.0806039
1,0.0722771,0.0873128
1,0.0722571,0.0756919
1,0.072246,0.082173
1,0.0722417,0.0906325
1,0.0722135,0.085629
1,0.0721133,0.0845696
1,0.0721078,0.085576
1,0.0721039,0.0727206
1,0.0720803,0.0982723
1,0.0720521,0.0748425
1,0.0720496,0.0726866
1,0.0719994,0.0777612
1,0.0719895,0.0959456
1,0.0719865,0.0733023
1,0.0719201,0.0724206
1,0.0718933,0.0800732
1,0.0718642,0.0837495
1,0.0718461,0.0723501
1,0.0718395,0.0799702
1,0.0717911,0.0782209
1,0.0717825,0.0855187
1,0.0717696,0.0878401
1,0.0716066,0.0880865
1,0.0716003,0.0835548
1,0.0715952,0.0986712
1,0.0714482,0.0772841
1,0.0714292,0.092206
1,0.0713601,0.0730016
1,0.0713382,0.0744213
1,0.071131,0.0732115
1,0.07109,0.0839373
1,0.0710656,0.0811247
1,0.0710521,0.0720747
1,0.0710158,0.0869682
1,0.0710133,0.0729113
1,0.0708947,0.087367
1,0.0708919,0.074727
1,0.0707721,0.0832351
1,0.0706911,0.0768629
1,0.0706286,0.0754895
1,0.0705962,0.0778565
1,0.070513,0.0745219
1,0.0705044,0.0800439
1,0.0705009,0.0805142
1,0.0703864,0.0777913
1,0.0703373,0.111102
1,0.0703288,0.0866533
1,0.0703252,0.0709587
1,0.0702472,0.0798857
1,0.0702222,0.0784429
1,0.0701984,0.0789416
1,0.0701239,0.0714799
1,0.0700792,0.0711645
1,0.070055,0.0709271
1,0.0700249,0.0719838
1,0.0699226,0.0779995
1,0.0698983,0.0751502
1,0.0698865,0.0703261
1,0.0698467,0.0763591
1,0.069792,0.0928094
1,0.0697815,0.113904
1,0.0697558,0.0697998
1,0.0697206,0.073641
1,0.0697169,0.098578
1,0.069701,0.0898806
1,0.0696943,0.0724929
1,0.069644,0.0966574
1,0.0696341,0.0796083
1,0.0696194,0.0893734
1,0.0696012,0.0746262
1,0.0695971,0.0742579
1,0.0695897,0.0793435
1,0.0695017,0.0836812
1,0.0694836,0.0740926
1,0.069435,0.074353
1,0.0693407,0.072418
1,0.0693294,0.0732287
1,0.0692744,0.0832351
1,0.0692544,0.0916753
1,0.069201,0.0893385
1,0.0691449,0.0891202
1,0.0690554,0.0731211
1,0.068901,0.0900213
1,0.068838,0.0750905
1,0.0687165,0.0740796
1,0.0687071,0.0904256
1,0.0686926,0.0795105
1,0.0686895,0.0862017
1,0.0685997,0.0923616
1,0.0685884,0.0789041
1,0.0684781,0.0758372
1,0.0684466,0.0881101
1,0.0684353,0.0724348
1,0.0684221,0.093763
1,0.0684043,0.0823204
1,0.0683716,0.0700345
1,0.0683701,0.0756765
1,0.0682572,0.0715088
1,0.0682485,0.0808884
1,0.0681992,0.0690547
1,0.0681586,0.068948
1,0.0681151,0.074621
1,0.0680512,0.0793808
1,0.0680319,0.110695
1,0.0679859,0.0716129
1,0.0679006,0.0760701
1,0.0678301,0.0695182
1,0.0677653,0.0793764
1,0.0677489,0.0996567
1,0.0676946,0.0747657
1,0.0676577,0.0687007
1,0.0676553,0.101952
1,0.0676453,0.0799731
1,0.06764,0.0720055
1,0.0676381,0.0876234
1,0.0675876,0.088534
1,0.0675106,0.0739883
1,0.0674,0.0755405
1,0.0673799,0.0841491
1,0.0673747,0.0763333
1,0.0673719,0.0780508
1,0.0673387,0.0700268
1,0.0672941,0.0766212
1,0.0672186,0.0746274
1,0.067138,0.0679382
1,0.0671319,0.0854885
1,0.0669745,0.0851699
1,0.0669118,0.0713411
1,0.0668362,0.0762165
1,0.0667731,0.0675339
1,0.066744,0.0684305
1,0.0667134,0.089388
1,0.0666635,0.0668042
1,0.0666463,0.0796562
1,0.0665898,0.0671945
1,0.0665369,0.0820976
1,0.0665288,0.0997101
1,0.0663479,0.0811311
1,0.0663325,0.101348
1,0.06629,0.0681202
1,0.0661306,0.0672003
1,0.0660984,0.067674
1,0.0660626,0.0792583
1,0.065882,0.0686032
1,0.0658714,0.0834513
1,0.0658005,0.0677187
1,0.0657964,0.0719014
1,0.0656909,0.0665441
1,0.0656901,0.078131
1,0.065645,0.0728039
1,0.0656006,0.0746871
1,0.0655757,0.0707905
1,0.0655661,0.104019
1,0.0655587,0.0724929
1,0.0655474,0.06907
1,0.0655156,0.0666789
1,0.0655062,0.0771454
1,0.0655046,0.0735798
1,0.0654872,0.0750476
1,0.0654152,0.0911111
1,0.0653524,0.0706081
1,0.0652928,0.0789489
1,0.0652868,0.0761164
1,0.0652173,0.0946007
1,0.0652154,0.0733787
1,0.0651614,0.086276
1,0.0650958,0.0670929
1,0.0650082,0.0670927
1,0.0649628,0.0674024
1,0.0647614,0.0728178
1,0.064725,0.0766718
1,0.0646326,0.067079
1,0.0646232,0.064828
1,0.0645989,0.0819836
1,0.0645899,0.0659228
1,0.0644974,0.069668
1,0.0644589,0.0715437
1,0.0643273,0.0676494
1,0.0642656,0.0716288
1,0.0642165,0.0752204
1,0.0641689,0.0728775
1,0.0641504,0.0834766
1,0.0641313,0.0739989
1,0.064044,0.0768548
1,0.0640142,0.0759458
1,0.0640141,0.0962847
1,0.0638753,0.0761677
1,0.0637665,0.0814485
1,0.0637067,0.104236
1,0.0636717,0.0998292
1,0.0635447,0.0847994
1,0.0635184,0.068916
1,0.0635094,0.0651171
1,0.0635039,0.0684751
1,0.0634017,0.0791585
1,0.0634007,0.0713516
1,0.0633989,0.0787002
1,0.063227,0.0736497
1,0.0631935,0.07943
1,0.0631571,0.0927707
1,0.0631299,0.094211
1,0.0631002,0.0728273
1,0.0629707,0.0777372
1,0.0629189,0.0667964
1,0.0629188,0.06953
1,0.0628666,0.0784
1,0.062842,0.0664145
1,0.0628415,0.0884403
1,0.0627602,0.0681342
1,0.0627295,0.0681502
1,0.0626511,0.0781181
1,0.0626453,0.0912662
1,0.0626407,0.064386
1,0.0626149,0.0643645
1,0.062601,0.111659
1,0.0625825,0.0748786
1,0.0625731,0.0686264
1,0.0625194,0.0803117
1,0.0624069,0.063284
1,0.0624015,0.0635019
1,0.0623983,0.0628844
1,0.0623803,0.0876953
1,0.0623261,0.0654738
1,0.0623222,0.0656412
1,0.0621812,0.0907584
1,0.0621154,0.0827259
1,0.0619785,0.0660496
1,0.061965,0.0723934
1,0.061754,0.0624219
1,0.0617318,0.0689578
1,0.0616528,0.0650191
1,0.0616284,0.0780477
1,0.0616246,0.0656853
1,0.0616245,0.0740747
1,0.0616151,0.0630168
1,0.0615712,0.0712111
1,0.0615032,0.0976138
1,0.061419,0.0653716
1,0.061356,0.0881683
1,0.0613555,0.0648783
1,0.0612618,0.0847207
1,0.061148,0.0615024
1,0.0610566,0.0626084
1,0.0610538,0.0711585
1,0.061032,0.0685904
1,0.0610094,0.0763845
1,0.0607905,0.0831532
1,0.0607565,0.0635192
1,0.0606855,0.0623329
1,0.0606815,0.0669134
1,0.0606685,0.0932208
1,0.0606673,0.064175
1,0.0605216,0.0848269
1,0.0605121,0.0645415
1,0.0604195,0.0653707
1,0.0603884,0.10611
1,0.0603851,0.0683485
1,0.0603709,0.0621409
1,0.0603105,0.0711014
1,0.0602751,0.0612493
1,0.0601948,0.0885884
1,0.0600471,0.0623522
1,0.0599809,0.0720791
1,0.0597288,0.0700324
1,0.059693,0.0681485
1,0.0594824,0.0711292
1,0.0594778,0.0621719
1,0.0594589,0.072108
1,0.0594371,0.0654586
1,0.0593873,0.0756785
1,0.0593524,0.0797271
1,0.05934,0.0647324
1,0.05919,0.0675062
1,0.0591885,0.0697207
1,0.0591662,0.0778262
1,0.0591215,0.0626419
1,0.0591022,0.061685
1,0.0590826,0.0693832
1,0.0590278,0.0625438
1,0.0590094,0.0736745
1,0.0589214,0.063982
1,0.0588833,0.0594518
1,0.0588293,0.0948639
1,0.058817,0.0634764
1,0.0587599,0.102006
1,0.0586013,0.0851585
1,0.058579,0.0679795
1,0.0585352,0.0610957
1,0.0584541,0.0592794
1,0.0583458,0.0617934
1,0.0582545,0.0609617
1,0.0582256,0.0673467
1,0.0581515,0.0686844
1,0.0581128,0.0636884
1,0.0580257,0.0892965
1,0.057989,0.0626294
1,0.0579327,0.0598044
1,0.0578918,0.0595753
1,0.0577249,0.0821179
1,0.0577086,0.0719726
1,0.0576429,0.0631878
1,0.0576175,0.0654586
1,0.0575338,0.0658724
1,0.0575217,0.0802954
1,0.0575041,0.0833449
1,0.0574516,0.0984937
1,0.0573518,0.0805013
1,0.0572338,0.0612754
1,0.0572327,0.0604251
1,0.0572228,0.0713709
1,0.0572133,0.0721434
1,0.0572088,0.0631346
1,0.0571791,0.059111
1,0.0571283,0.0632759
1,0.0570969,0.0774624
1,0.0569922,0.0777505
1,0.0569475,0.0576134
1,0.0568959,0.0708242
1,0.0568639,0.0882991
1,0.0568478,0.0839018
1,0.0568238,0.0751327
1,0.0568169,0.0576914
1,0.0567926,0.0823018
1,0.0564994,0.0614701
1,0.0564859,0.0674121
1,0.0564456,0.0694738
1,0.0564368,0.0644801
1,0.0562553,0.0623796
1,0.0561709,0.087375
1,0.0561455,0.0606047
1,0.0561171,0.0684965
1,0.0561106,0.058621
1,0.0560836,0.089802
1,0.0560408,0.057199
1,0.0557689,0.0819317
1,0.055735,0.0953917
1,0.0556962,0.0590237
1,0.0556864,0.0936302
1,0.0556839,0.0641026
1,0.0556019,0.0676132
1,0.0555818,0.0638454
1,0.0554863,0.0603271
1,0.0554624,0.0694873
1,0.0553582,0.0558324
1,0.0552694,0.0645215
1,0.055102,0.0771694
1,0.0550764,0.0570996
1,0.0550288,0.0876463
1,0.0549292,0.0667045
1,0.0549124,0.0680348
1,0.0548937,0.0733102
1,0.0548501,0.0605259
1,0.0548071,0.0878677
1,0.0548037,0.0929533
1,0.0547803,0.062478
1,0.0547042,0.0612575
1,0.054685,0.0664554
1,0.0546451,0.0549591
1,0.0546445,0.0635801
1,0.0546089,0.0575158
1,0.0545953,0.071954
1,0.0544901,0.0585626
1,0.0542646,0.0830114
1,0.0541467,0.0543232
1,0.0541189,0.054466
1,0.0540959,0.054744
1,0.0540056,0.055681
1,0.0539488,0.0795111
1,0.0538448,0.0688896
1,0.0537366,0.100879
1,0.0537061,0.0538899
1,0.0536931,0.0591745
1,0.0535857,0.0545301
1,0.0535823,0.0782335
1,0.0535818,0.0562281
1,0.0533071,0.072266
1,0.0532635,0.0617591
1,0.0532383,0.0538067
1,0.0531645,0.0607464
1,0.0531567,0.0638971
1,0.0530602,0.0558301
1,0.052923,0.0660738
1,0.0528273,0.0543204
1,0.0528067,0.0755992
1,0.0526074,0.0543641
1,0.0526037,0.0572207
1,0.0525914,0.0639173
1,0.052541,0.0793839
1,0.0524676,0.0843279
1,0.0524294,0.0549168
1,0.0524203,0.0686628
1,0.0522337,0.0548144
1,0.052201,0.0660454
1,0.0521093,0.0722078
1,0.051999,0.0585942
1,0.0519906,0.074012
1,0.0519688,0.0765057
1,0.051931,0.0597579
1,0.0519012,0.0613677
1,0.0518997,0.0541781
1,0.0518471,0.0714682
1,0.051821,0.0685866
1,0.0518024,0.0704682
1,0.051727,0.0519454
1,0.0516343,0.0704756
1,0.0516006,0.0624025
1,0.0515392,0.0554168
1,0.051424,0.0547861
1,0.0513077,0.0615676
1,0.051254,0.0680273
1,0.05117,0.0613153
1,0.051046,0.0583737
1,0.0510398,0.0673103
1,0.0510242,0.0559441
1,0.0510001,0.0532086
1,0.0509821,0.0681466
1,0.0509598,0.0530046
1,0.0509257,0.0591633
1,0.0509248,0.0608139
1,0.0509126,0.071157
1,0.0506241,0.0508301
1,0.0506049,0.0515042
1,0.0504146,0.0521278
1,0.0504079,0.0522902
1,0.0503491,0.065738
1,0.0503333,0.0540369
1,0.0503037,0.0504859
1,0.0502065,0.0634324
1,0.0501128,0.0610264
1,0.0499572,0.0507742
1,0.0499422,0.0610061
1,0.0499172,0.0507679
1,0.0498591,0.0574499
1,0.0498479,0.0529029
1,0.0498435,0.07084
1,0.0498396,0.0652888
1,0.0497415,0.0580048
1,0.0497031,0.0599481
1,0.0496805,0.049861
1,0.0496449,0.0535091
1,0.0496264,0.0933891
1,0.0495698,0.077582
1,0.0494401,0.0667106
1,0.0493701,0.0589157
1,0.0492411,0.049275
1,0.0492313,0.0493061
1,0.049191,0.0508643
1,0.048914,0.0582653
1,0.0487869,0.0563834
1,0.0486908,0.0489588
1,0.0485917,0.0646789
1,0.048506,0.0552655
1,0.0482035,0.0507679
1,0.0481851,0.0498548
1,0.048122,0.0999254
1,0.0480805,0.0656704
1,0.0480718,0.0490322
1,0.0479195,0.0544069
1,0.0478732,0.0597868
1,0.0477354,0.0565821
1,0.0477226,0.0485803
1,0.0477155,0.0555307
1,0.047629,0.0620765
1,0.047536,0.0488867
1,0.0474498,0.0676102
1,0.0473701,0.0646833
1,0.0472452,0.0514278
1,0.0471318,0.0474309
1,0.0470938,0.0614203
1,0.0470387,0.0560931
1,0.0470121,0.0682645
1,0.0468312,0.0482055
1,0.0467355,0.0673767
1,0.0467211,0.04995
1,0.0466808,0.0536723
1,0.0465997,0.0671734
1,0.0464813,0.0572281
1,0.0464696,0.0507761
1,0.0464265,0.0531902
1,0.0463337,0.0560309
1,0.0463195,0.0562564
1,0.0463055,0.0501273
1,0.0461651,0.0528306
1,0.045818,0.0587219
1,0.0457444,0.0526492
1,0.0457269,0.058705
1,0.0457039,0.0507139
1,0.04564,0.0542527
1,0.0456384,0.0489971
1,0.0455858,0.0493701
1,0.0453451,0.05274
1,0.0453215,0.0535825
1,0.0453109,0.0663151
1,0.0452434,0.0669557
1,0.0452258,0.0495312
1,0.045211,0.0550721
1,0.0450143,0.049515
1,0.0449381,0.0569874
1,0.0448118,0.0589812
1,0.0446343,0.0519901
1,0.0445821,0.0552878
1,0.0445712,0.0522241
1,0.0445601,0.0457042
1,0.0444953,0.0554255
1,0.0444272,0.058433
1,0.0443924,0.0513704
1,0.0442987,0.0463574
1,0.0442235,0.0582676
1,0.0441405,0.0470614
1,0.0441111,0.0463009
1,0.0437975,0.0506966
1,0.0435461,0.0444007
1,0.0434793,0.0550014
1,0.043459,0.0635606
1,0.0432605,0.0449257
1,0.0431075,0.0560477
1,0.0430891,0.0435888
1,0.0427808,0.0449004
1,0.0424817,0.0431518
1,0.0423363,0.0586448
1,0.0423021,0.0466159
1,0.0422173,0.0429814
1,0.0421279,0.0536377
1,0.0420735,0.0442354
1,0.0417404,0.0481753
1,0.0414824,0.0464829
1,0.041391,0.0520384
1,0.0410241,0.041528
1,0.0409891,0.0539694
1,0.0406512,0.0589706
1,0.0405751,0.0598358
1,0.0402461,0.0503487
1,0.0400645,0.0420131
1,0.0400026,0.0460405
1,0.0398694,0.0428248
1,0.039584,0.046878
1,0.0394929,0.0446544
1,0.0394911,0.0457228
1,0.0386805,0.0470101
1,0.0386669,0.0424261
1,0.0383101,0.0420131
1,0.038271,0.0572686
1,0.0382572,0.0407882
1,0.0381173,0.0422744
1,0.0376352,0.0376512
1,0.0373801,0.0472808
1,0.036877,0.0416331
1,0.0360863,0.0395738
1,0.0360045,0.0380753
1,0.035366,0.0416985
1,0.0348268,0.0407416
1,0.0348171,0.0362373
1,0.0343794,0.0398556
1,0.0339004,0.0398679
1,0.033869,0.036168
1,0.03271,0.0331017
1,0.0312056,0.031814
1,0.0299401,0.0316927
1,0.02956,0.0305033
1,0.0292574,0.0354943
1,0.0272292,0.0314109
1,0.0271321,0.0285881
1,0.0269329,0.0272804
2,0.929213,0.96514
2,0.920618,0.922009
2,0.900519,0.909223
2,0.842625,0.847509
2,0.760901,0.763869
2,0.735878,0.769407
2,0.724961,0.746872
2,0.590259,0.591266
2,0.558622,0.574809
2,0.545312,0.587228
2,0.523982,0.562003
2,0.514681,0.533238
2,0.507763,0.577952
2,0.49717,0.506005
2,0.489863,0.530084
2,0.472636,0.492975
2,0.456626,0.458701
2,0.428447,0.448156
2,0.424241,0.463987
2,0.420018,0.42033
2,0.403952,0.423315
2,0.37837,0.382344
2,0.373437,0.396115
2,0.357927,0.369591
2,0.352283,0.357037
2,0.334143,0.338842
2,0.33057,0.331503
2,0.318788,0.358689
2,0.315761,0.337227
2,0.31337,0.333284
2,0.311415,0.347671
2,0.311203,0.318216
2,0.304941,0.309127
2,0.303465,0.323042
2,0.303451,0.324132
2,0.298286,0.328139
2,0.295866,0.297453
2,0.295033,0.296007
2,0.291926,0.315876
2,0.291429,0.294515
2,0.290336,0.300529
2,0.286254,0.295175
2,0.286234,0.315761
2,0.273877,0.303902
2,0.26924,0.279598
2,0.268755,0.27711
2,0.266871,0.271257
2,0.266009,0.271338
2,0.264152,0.304364
2,0.263877,0.273918
2,0.263662,0.264765
2,0.259996,0.278348
2,0.244215,0.247989
2,0.238078,0.256065
2,0.231745,0.247333
2,0.230908,0.274834
2,0.229642,0.230608
2,0.229237,0.230371
2,0.226784,0.227356
2,0.225899,0.230997
2,0.224568,0.227493
2,0.220912,0.225692
2,0.218471,0.25101
2,0.214107,0.219191
2,0.214047,0.28432
2,0.212806,0.22423
2,0.207946,0.208866
2,0.205351,0.210587
2,0.199847,0.20025
2,0.199358,0.220918
2,0.199113,0.204449
2,0.197807,0.205613
2,0.197405,0.20382
2,0.1935,0.194332
2,0.19135,0.205494
2,0.190844,0.206793
2,0.189906,0.213348
2,0.188907,0.189901
2,0.187283,0.197836
2,0.184569,0.197615
2,0.184062,0.218857
2,0.1802,0.181936
2,0.180054,0.184036
2,0.180025,0.181669
2,0.179955,0.186105
2,0.179887,0.198246
2,0.179443,0.194872
2,0.179443,0.180931
2,0.178086,0.185269
2,0.177202,0.188315
2,0.176773,0.179326
2,0.176035,0.186066
2,0.175315,0.180675
2,0.175219,0.181801
2,0.175102,0.183818
2,0.174612,0.180864
2,0.173816,0.176165
2,0.172983,0.178544
2,0.17222,0.173669
2,0.170293,0.177342
2,0.168941,0.175314
2,0.168701,0.177739
2,0.168659,0.178012
2,0.168619,0.174518
2,0.167978,0.176103
2,0.167249,0.191009
2,0.166922,0.172902
2,0.166159,0.191174
2,0.16612,0.167889
2,0.165318,0.167498
2,0.164322,0.170812
2,0.16365,0.165108
2,0.163636,0.187553
2,0.163392,0.185826
2,0.1629,0.181265
2,0.160681,0.163142
2,0.159483,0.182912
2,0.158895,0.167777
2,0.157676,0.167516
2,0.157557,0.164071
2,0.156168,0.170004
2,0.156048,0.156906
2,0.155989,0.157298
2,0.154,0.154185
2,0.153319,0.15531
2,0.153031,0.154197
2,0.151725,0.153924
2,0.151462,0.181947
2,0.150827,0.151772
2,0.149318,0.163884
2,0.149318,0.162274
2,0.149206,0.171311
2,0.148592,0.160382
2,0.147994,0.162058
2,0.147961,0.150351
2,0.146848,0.149289
2,0.145969,0.160577
2,0.145642,0.145989
2,0.145358,0.159192
2,0.145059,0.155631
2,0.145031,0.157386
2,0.144199,0.156253
2,0.14418,0.15253
2,0.144074,0.149177
2,0.143718,0.146096
2,0.142749,0.156815
2,0.142608,0.15451
2,0.142175,0.148483
2,0.141485,0.143702
2,0.141412,0.142113
2,0.138874,0.141913
2,0.138558,0.1395
2,0.138345,0.150874
2,0.138299,0.147633
2,0.13786,0.140835
2,0.137557,0.141203
2,0.137557,0.15799
2,0.137487,0.141063
2,0.13638,0.147608
2,0.135697,0.135978
2,0.135263,0.139275
2,0.135121,0.154686
2,0.134892,0.135448
2,0.134514,0.160762
2,0.134289,0.138039
2,0.133276,0.157704
2,0.133164,0.13798
2,0.132307,0.139708
2,0.132297,0.147552
2,0.131515,0.137955
2,0.131405,0.157763
2,0.130678,0.138654
2,0.130557,0.134937
2,0.129883,0.138449
2,0.129635,0.138715
2,0.12949,0.135853
2,0.129101,0.134072
2,0.128966,0.134629
2,0.128221,0.130279
2,0.127894,0.13016
2,0.127571,0.132945
2,0.127334,0.129901
2,0.126588,0.134644
2,0.126422,0.136772
2,0.126189,0.132484
2,0.126097,0.135516
2,0.125655,0.140695
2,0.125604,0.13293
2,0.125075,0.133892
2,0.125065,0.126807
2,0.12462,0.134321
2,0.124515,0.125904
2,0.124347,0.153005
2,0.124005,0.12648
2,0.123498,0.127416
2,0.123205,0.125886
2,0.122933,0.144583
2,0.122731,0.125924
2,0.122311,0.126654
2,0.121722,0.129387
2,0.121198,0.138044
2,0.121101,0.137803
2,0.120564,0.121445
2,0.120234,0.148127
2,0.119664,0.13198
2,0.119606,0.122998
2,0.119459,0.125579
2,0.119422,0.143512
2,0.119368,0.125227
2,0.119123,0.125039
2,0.118154,0.119046
2,0.118092,0.121843
2,0.11804,0.121403
2,0.11743,0.11925
2,0.117392,0.118484
2,0.116478,0.123329
2,0.116262,0.117665
2,0.115961,0.121117
2,0.115559,0.121437
2,0.115108,0.119423
2,0.115058,0.117598
2,0.114928,0.123758
2,0.114405,0.119219
2,0.113879,0.121707
2,0.113626,0.117285
2,0.113473,0.125939
2,0.113382,0.135938
2,0.113284,0.132305
2,0.113132,0.117143
2,0.112364,0.113546
2,0.11222,0.116383
2,0.111982,0.113467
2,0.110814,0.12737
2,0.110406,0.130752
2,0.110176,0.115091
2,0.109709,0.113837
2,0.1095,0.123851
2,0.109262,0.111123
2,0.109028,0.111588
2,0.108545,0.109885
2,0.108371,0.108463
2,0.108368,0.110317
2,0.108124,0.114039
2,0.107618,0.121462
2,0.107472,0.11011
2,0.107352,0.128286
2,0.106907,0.113121
2,0.106418,0.109723
2,0.106373,0.107597
2,0.106309,0.113334
2,0.106288,0.121023
2,0.106134,0.111267
2,0.106134,0.106709
2,0.105936,0.116091
2,0.105703,0.114352
2,0.105509,0.114947
2,0.105399,0.110651
2,0.10536,0.118337
2,0.10528,0.129446
2,0.104907,0.130609
2,0.104659,0.106356
2,0.104635,0.105059
2,0.103877,0.10538
2,0.103457,0.106582
2,0.102717,0.10428
2,0.102717,0.104241
2,0.102267,0.102279
2,0.102141,0.109614
2,0.101985,0.106616
2,0.101345,0.106677
2,0.101315,0.107119
2,0.101297,0.122765
2,0.101046,0.105176
2,0.100917,0.101107
2,0.100613,0.102358
2,0.10052,0.106432
2,0.100452,0.10265
2,0.0999827,0.10167
2,0.0999733,0.107954
2,0.0996964,0.106172
2,0.0993942,0.100905
2,0.0990561,0.111167
2,0.0987385,0.113829
2,0.0986581,0.115226
2,0.0984791,0.102151
2,0.0983884,0.0984716
2,0.0977994,0.100263
2,0.0958836,0.103101
2,0.0954411,0.102891
2,0.095371,0.0960067
2,0.0949653,0.100452
2,0.0940405,0.0957121
2,0.0940028,0.0966465
2,0.0939897,0.0998327
2,0.0939325,0.101114
2,0.0937309,0.0975305
2,0.0937114,0.0965751
2,0.0930453,0.0993802
2,0.0926517,0.095656
2,0.0922653,0.094082
2,0.0915281,0.0933095
2,0.0913452,0.100186
2,0.0912641,0.0928084
2,0.0910614,0.0984748
2,0.0906018,0.0937992
2,0.0896674,0.0899884
2,0.0891935,0.0908312
2,0.0888799,0.108572
2,0.0883385,0.0908798
2,0.0876246,0.0933662
2,0.0872639,0.0882965
2,0.0870044,0.102765
2,0.0868487,0.0922702
2,0.0867479,0.088653
2,0.0864835,0.0889513
2,0.0862163,0.0871254
2,0.0861458,0.0865634
2,0.0857431,0.0888071
2,0.0856898,0.0969073
2,0.0852156,0.0906809
2,0.0851984,0.0864683
2,0.0839771,0.0894445
2,0.0838501,0.086767
2,0.0835061,0.091636
2,0.0831275,0.0834398
2,0.0826518,0.0828729
2,0.0824803,0.0846535
2,0.0821982,0.0841445
2,0.0819988,0.0834372
2,0.0815451,0.0869809
2,0.0811987,0.0862178
2,0.0811796,0.0875914
2,0.0809561,0.081614
2,0.0809189,0.088903
2,0.080856,0.0832104
2,0.079979,0.0880291
2,0.0781168,0.0858802
2,0.0777705,0.079538
2,0.0759494,0.0801483
2,0.0749722,0.0823299
2,0.0749179,0.0755531
2,0.0744316,0.0830543
2,0.0742494,0.0755631
2,0.073276,0.0786049
2,0.0732668,0.0743179
2,0.0718958,0.0740457
2,0.0706903,0.076815
2,0.0704283,0.077114
2,0.0698613,0.0725752
2,0.0698586,0.0735419
2,0.0696907,0.0711331
2,0.0692996,0.0729739
2,0.068664,0.0727725
2,0.0681345,0.0714402
2,0.0670803,0.0694135
2,0.0669981,0.0673447
2,0.0669366,0.07233
2,0.0658179,0.0666035
2,0.0654069,0.0661057
2,0.0651948,0.0652347
2,0.0650629,0.0673631
2,0.0647103,0.0674425
2,0.0646805,0.0698304
2,0.0645215,0.0645807
2,0.0644843,0.0656182
2,0.0628247,0.0684362
2,0.0626447,0.0649926
2,0.0602119,0.0625227
2,0.0539759,0.0547463
