point cloud with 1535 points in dimension 3
0,0,0.00325131
0,0,0.00413522
0,0,0.00529686
0,0,0.00693848
0,0,0.00777589
0,0,0.00891425
0,0,0.0102028
0,0,0.0102246
0,0,0.0104845
0,0,0.0108327
0,0,0.0113461
0,0,0.0115255
0,0,0.0116846
0,0,0.0118298
0,0,0.0119789
0,0,0.0123035
0,0,0.0123458
0,0,0.0123875
0,0,0.0126038
0,0,0.0126104
0,0,0.0126993
0,0,0.0129038
0,0,0.0132717
0,0,0.0133398
0,0,0.0137911
0,0,0.0141906
0,0,0.0142355
0,0,0.0147156
0,0,0.0147949
0,0,0.0152341
0,0,0.015374
0,0,0.0156546
0,0,0.0159184
0,0,0.0160432
0,0,0.0161131
0,0,0.0166464
0,0,0.0168883
0,0,0.017171
0,0,0.0176602
0,0,0.0179731
0,0,0.0180543
0,0,0.0182037
0,0,0.018356
0,0,0.0184105
0,0,0.0185784
0,0,0.0185865
0,0,0.0189338
0,0,0.0190245
0,0,0.019463
0,0,0.0197233
0,0,0.0197877
0,0,0.019943
0,0,0.0201992
0,0,0.0202078
0,0,0.0206226
0,0,0.0208667
0,0,0.0212381
0,0,0.0214065
0,0,0.0214647
0,0,0.0215959
0,0,0.0216597
0,0,0.021895
0,0,0.0219084
0,0,0.0220107
0,0,0.0220967
0,0,0.0223044
0,0,0.0223454
0,0,0.022525
0,0,0.0228158
0,0,0.0230047
0,0,0.0230187
0,0,0.0236414
0,0,0.023723
0,0,0.0237621
0,0,0.0238917
0,0,0.024063
0,0,0.0240688
0,0,0.0240705
0,0,0.0242703
0,0,0.0249221
0,0,0.0250206
0,0,0.0252608
0,0,0.0253724
0,0,0.0254318
0,0,0.0254933
0,0,0.0257363
0,0,0.0258141
0,0,0.0259129
0,0,0.0259177
0,0,0.0259207
0,0,0.0261604
0,0,0.0262156
0,0,0.0265076
0,0,0.0265202
0,0,0.0265668
0,0,0.0266103
0,0,0.0266963
0,0,0.0267002
0,0,0.0267916
0,0,0.0268733
0,0,0.0272447
0,0,0.0273919
0,0,0.0274328
0,0,0.0275828
0,0,0.0277364
0,0,0.0280651
0,0,0.0282414
0,0,0.0282877
0,0,0.0284191
0,0,0.0285306
0,0,0.0285795
0,0,0.0286113
0,0,0.0286699
0,0,0.0286758
0,0,0.0291665
0,0,0.0292434
0,0,0.029317
0,0,0.0293532
0,0,0.0295402
0,0,0.0295562
0,0,0.0301362
0,0,0.0302385
0,0,0.0302714
0,0,0.0303669
0,0,0.0304812
0,0,0.0305162
0,0,0.030554
0,0,0.0310242
0,0,0.0310605
0,0,0.0313134
0,0,0.0313719
0,0,0.0313848
0,0,0.0315423
0,0,0.0315689
0,0,0.0316149
0,0,0.0316327
0,0,0.0316336
0,0,0.0317093
0,0,0.0317574
0,0,0.0317976
0,0,0.0319083
0,0,0.0319381
0,0,0.0319474
0,0,0.0319722
0,0,0.0319972
0,0,0.0320428
0,0,0.0321363
0,0,0.0321414
0,0,0.0321774
0,0,0.032216
0,0,0.0322544
0,0,0.0324252
0,0,0.032454
0,0,0.0324617
0,0,0.0324622
0,0,0.0324841
0,0,0.0324917
0,0,0.032681
0,0,0.0327154
0,0,0.0327171
0,0,0.0328608
0,0,0.0330236
0,0,0.0330529
0,0,0.0332433
0,0,0.0333054
0,0,0.0335947
0,0,0.0336257
0,0,0.033662
0,0,0.0337253
0,0,0.0337395
0,0,0.0339815
0,0,0.0340462
0,0,0.0342264
0,0,0.0343475
0,0,0.034475
0,0,0.0344795
0,0,0.0344886
0,0,0.0345481
0,0,0.0345635
0,0,0.0347024
0,0,0.0347292
0,0,0.0347352
0,0,0.034887
0,0,0.0349118
0,0,0.0350259
0,0,0.0350441
0,0,0.0350496
0,0,0.0350586
0,0,0.0350981
0,0,0.0352236
0,0,0.0352439
0,0,0.0352452
0,0,0.0353855
0,0,0.0355226
0,0,0.0356146
0,0,0.0356456
0,0,0.0357714
0,0,0.035866
0,0,0.0360111
0,0,0.036065
0,0,0.0360797
0,0,0.0361333
0,0,0.0362494
0,0,0.0362703
0,0,0.0364885
0,0,0.0366529
0,0,0.0366672
0,0,0.0367441
0,0,0.0369713
0,0,0.0369763
0,0,0.0369815
0,0,0.0370234
0,0,0.0370833
0,0,0.0371025
0,0,0.0371378
0,0,0.037306
0,0,0.0373123
0,0,0.0373203
0,0,0.037406
0,0,0.0376322
0,0,0.0376552
0,0,0.0377405
0,0,0.0379284
0,0,0.0381317
0,0,0.0383556
0,0,0.0384208
0,0,0.0384947
0,0,0.0386
0,0,0.0386004
0,0,0.0386446
0,0,0.0387381
0,0,0.0387386
0,0,0.0388371
0,0,0.0389867
0,0,0.0390017
0,0,0.0390314
0,0,0.0392294
0,0,0.0392772
0,0,0.0392912
0,0,0.0393524
0,0,0.0395839
0,0,0.0395906
0,0,0.0396007
0,0,0.0397052
0,0,0.039898
0,0,0.0399831
0,0,0.0400008
0,0,0.0402068
0,0,0.0403907
0,0,0.0404928
0,0,0.0404975
0,0,0.040729
0,0,0.0410343
0,0,0.0410825
0,0,0.041178
0,0,0.0415355
0,0,0.0416061
0,0,0.0416114
0,0,0.0417022
0,0,0.0417492
0,0,0.0419927
0,0,0.0420059
0,0,0.0420199
0,0,0.0420244
0,0,0.0420312
0,0,0.0422746
0,0,0.0423328
0,0,0.0423898
0,0,0.0427918
0,0,0.042818
0,0,0.0428786
0,0,0.0429673
0,0,0.043029
0,0,0.043105
0,0,0.043469
0,0,0.0435494
0,0,0.0435649
0,0,0.0435973
0,0,0.0436241
0,0,0.0436283
0,0,0.0436733
0,0,0.0437817
0,0,0.0438424
0,0,0.0441561
0,0,0.0441591
0,0,0.0442053
0,0,0.0442149
0,0,0.0442465
0,0,0.0444671
0,0,0.0445412
0,0,0.0446495
0,0,0.0447694
0,0,0.0448901
0,0,0.0451189
0,0,0.0451523
0,0,0.0452511
0,0,0.0452999
0,0,0.0453445
0,0,0.0454825
0,0,0.0456565
0,0,0.0456601
0,0,0.0458092
0,0,0.045825
0,0,0.0458323
0,0,0.0458989
0,0,0.0459268
0,0,0.0459803
0,0,0.0460557
0,0,0.0460695
0,0,0.0461555
0,0,0.0462151
0,0,0.0462857
0,0,0.0464956
0,0,0.0465508
0,0,0.0468465
0,0,0.04703
0,0,0.0471289
0,0,0.0472075
0,0,0.0475741
0,0,0.0477608
0,0,0.0478539
0,0,0.0478692
0,0,0.048101
0,0,0.0484568
0,0,0.0485006
0,0,0.0485114
0,0,0.0487329
0,0,0.048773
0,0,0.0488308
0,0,0.0491039
0,0,0.0491357
0,0,0.049312
0,0,0.0496033
0,0,0.0496491
0,0,0.0497242
0,0,0.0497432
0,0,0.0497765
0,0,0.0498878
0,0,0.050005
0,0,0.0501441
0,0,0.0502028
0,0,0.0505197
0,0,0.0506132
0,0,0.050681
0,0,0.0507772
0,0,0.0509803
0,0,0.051139
0,0,0.0511842
0,0,0.0512077
0,0,0.051841
0,0,0.051933
0,0,0.0520906
0,0,0.0521014
0,0,0.0523922
0,0,0.0525079
0,0,0.0525848
0,0,0.0525854
0,0,0.0525983
0,0,0.0526647
0,0,0.0527437
0,0,0.0527656
0,0,0.0528247
0,0,0.0528411
0,0,0.0529757
0,0,0.0530772
0,0,0.0532131
0,0,0.0532725
0,0,0.0532903
0,0,0.0533334
0,0,0.0533573
0,0,0.0534692
0,0,0.0535721
0,0,0.0536049
0,0,0.0536722
0,0,0.0536767
0,0,0.0537187
0,0,0.0538364
0,0,0.0538685
0,0,0.0540269
0,0,0.0542831
0,0,0.0543599
0,0,0.05443
0,0,0.0544344
0,0,0.0544511
0,0,0.0546384
0,0,0.0546626
0,0,0.0551373
0,0,0.0552097
0,0,0.0552755
0,0,0.055443
0,0,0.0554857
0,0,0.0556276
0,0,0.0557553
0,0,0.0557655
0,0,0.0560686
0,0,0.0561685
0,0,0.0561906
0,0,0.0562502
0,0,0.0562504
0,0,0.0562612
0,0,0.0563161
0,0,0.0563191
0,0,0.0565225
0,0,0.0565808
0,0,0.0565909
0,0,0.0566275
0,0,0.0567595
0,0,0.0567705
0,0,0.0568159
0,0,0.0569867
0,0,0.057301
0,0,0.0574022
0,0,0.0574223
0,0,0.057544
0,0,0.0575549
0,0,0.057573
0,0,0.0576525
0,0,0.0582189
0,0,0.0582669
0,0,0.0583285
0,0,0.0583372
0,0,0.0585068
0,0,0.0585456
0,0,0.0585629
0,0,0.0586389
0,0,0.0587208
0,0,0.058769
0,0,0.058842
0,0,0.0588573
0,0,0.058858
0,0,0.0588764
0,0,0.0589903
0,0,0.0594694
0,0,0.0594717
0,0,0.0595368
0,0,0.0595765
0,0,0.0597433
0,0,0.0597776
0,0,0.0597872
0,0,0.0598114
0,0,0.0598846
0,0,0.0599417
0,0,0.0601883
0,0,0.0602062
0,0,0.0604796
0,0,0.0605065
0,0,0.0605245
0,0,0.0605533
0,0,0.0605994
0,0,0.0606412
0,0,0.0607632
0,0,0.0608033
0,0,0.06087
0,0,0.060877
0,0,0.0612047
0,0,0.0614118
0,0,0.0616342
0,0,0.0616671
0,0,0.0617613
0,0,0.0620606
0,0,0.0620784
0,0,0.0621096
0,0,0.0621771
0,0,0.0626707
0,0,0.0627355
0,0,0.0627649
0,0,0.0628062
0,0,0.0629079
0,0,0.0634348
0,0,0.0635457
0,0,0.0635784
0,0,0.0638738
0,0,0.0639519
0,0,0.0639704
0,0,0.0639932
0,0,0.0641835
0,0,0.0642485
0,0,0.0643773
0,0,0.0644198
0,0,0.0644211
0,0,0.0645587
0,0,0.0647477
0,0,0.064892
0,0,0.0650023
0,0,0.0652901
0,0,0.0656188
0,0,0.0656611
0,0,0.0656658
0,0,0.0656876
0,0,0.0662016
0,0,0.0664091
0,0,0.0664669
0,0,0.0666402
0,0,0.0667113
0,0,0.0667414
0,0,0.0671267
0,0,0.0671383
0,0,0.0671968
0,0,0.0672646
0,0,0.0676462
0,0,0.0677269
0,0,0.0679459
0,0,0.0680488
0,0,0.0680805
0,0,0.0681064
0,0,0.0683137
0,0,0.0683928
0,0,0.0684643
0,0,0.0686027
0,0,0.0686318
0,0,0.0686564
0,0,0.0688502
0,0,0.0688758
0,0,0.0690113
0,0,0.0690627
0,0,0.0691479
0,0,0.0692447
0,0,0.0692667
0,0,0.0692925
0,0,0.0694093
0,0,0.0695904
0,0,0.069716
0,0,0.0697606
0,0,0.0698522
0,0,0.0700216
0,0,0.0700678
0,0,0.0701374
0,0,0.0701576
0,0,0.0701576
0,0,0.0703938
0,0,0.0704008
0,0,0.0704103
0,0,0.0705662
0,0,0.071171
0,0,0.071296
0,0,0.0715321
0,0,0.0715358
0,0,0.0715718
0,0,0.0715756
0,0,0.0717011
0,0,0.0717505
0,0,0.0719276
0,0,0.072001
0,0,0.0720113
0,0,0.0720855
0,0,0.0720953
0,0,0.0720995
0,0,0.0721265
0,0,0.0722477
0,0,0.0724845
0,0,0.0725978
0,0,0.0726787
0,0,0.0727642
0,0,0.0728545
0,0,0.0731434
0,0,0.0732327
0,0,0.0735746
0,0,0.0736232
0,0,0.0736393
0,0,0.0737013
0,0,0.0737046
0,0,0.0742572
0,0,0.0744522
0,0,0.0745423
0,0,0.0746556
0,0,0.0747262
0,0,0.0749512
0,0,0.0750165
0,0,0.0750499
0,0,0.0750812
0,0,0.0751209
0,0,0.0751209
0,0,0.0751742
0,0,0.0755136
0,0,0.0759558
0,0,0.0760099
0,0,0.0761303
0,0,0.0763968
0,0,0.0764253
0,0,0.0765227
0,0,0.0766178
0,0,0.0767943
0,0,0.0768536
0,0,0.0768558
0,0,0.0768585
0,0,0.0769016
0,0,0.077056
0,0,0.0772822
0,0,0.0773633
0,0,0.0774064
0,0,0.0775718
0,0,0.0775812
0,0,0.0776047
0,0,0.0778063
0,0,0.0778139
0,0,0.0778788
0,0,0.0779003
0,0,0.0779716
0,0,0.0780636
0,0,0.0780873
0,0,0.0782323
0,0,0.0783253
0,0,0.0785171
0,0,0.0785194
0,0,0.0786313
0,0,0.0787155
0,0,0.0790122
0,0,0.0796506
0,0,0.0796592
0,0,0.079845
0,0,0.0802123
0,0,0.0803112
0,0,0.0803357
0,0,0.0803511
0,0,0.0804631
0,0,0.0805345
0,0,0.0805349
0,0,0.0808088
0,0,0.0808558
0,0,0.0808659
0,0,0.0809929
0,0,0.0810821
0,0,0.0812295
0,0,0.081543
0,0,0.0815855
0,0,0.0815922
0,0,0.0818754
0,0,0.0819259
0,0,0.0821538
0,0,0.0821632
0,0,0.0823608
0,0,0.0824273
0,0,0.0824442
0,0,0.0824856
0,0,0.0826457
0,0,0.0830444
0,0,0.0830736
0,0,0.0833194
0,0,0.0833314
0,0,0.0834207
0,0,0.0834732
0,0,0.0838475
0,0,0.0838843
0,0,0.0839652
0,0,0.084033
0,0,0.0840923
0,0,0.0841335
0,0,0.08425
0,0,0.0843627
0,0,0.0844928
0,0,0.0845608
0,0,0.0845709
0,0,0.0847055
0,0,0.0847258
0,0,0.0848794
0,0,0.084928
0,0,0.0852023
0,0,0.0853398
0,0,0.0854482
0,0,0.0854996
0,0,0.0859969
0,0,0.0860031
0,0,0.0860588
0,0,0.0861323
0,0,0.0864616
0,0,0.0867831
0,0,0.0868646
0,0,0.0869098
0,0,0.08708
0,0,0.0871309
0,0,0.0871381
0,0,0.087152
0,0,0.0872363
0,0,0.0875627
0,0,0.0877948
0,0,0.0878236
0,0,0.0880308
0,0,0.0880757
0,0,0.0885999
0,0,0.0886359
0,0,0.0886905
0,0,0.088704
0,0,0.0887356
0,0,0.0887549
0,0,0.0888226
0,0,0.0890393
0,0,0.0890835
0,0,0.0891782
0,0,0.0891938
0,0,0.0892549
0,0,0.0894905
0,0,0.0894988
0,0,0.0895618
0,0,0.0897168
0,0,0.0898263
0,0,0.089869
0,0,0.0900482
0,0,0.0902438
0,0,0.0902648
0,0,0.090357
0,0,0.0905916
0,0,0.0906005
0,0,0.0906112
0,0,0.0907035
0,0,0.0907136
0,0,0.0908383
0,0,0.0912442
0,0,0.0912811
0,0,0.091298
0,0,0.0913483
0,0,0.0913744
0,0,0.0913789
0,0,0.0914472
0,0,0.0916488
0,0,0.0917609
0,0,0.091906
0,0,0.0919195
0,0,0.0920622
0,0,0.0921603
0,0,0.0922091
0,0,0.0924885
0,0,0.0925272
0,0,0.0925499
0,0,0.0926787
0,0,0.0926881
0,0,0.0927765
0,0,0.0927809
0,0,0.0930775
0,0,0.0931374
0,0,0.0931741
0,0,0.093204
0,0,0.0935201
0,0,0.0936668
0,0,0.0937022
0,0,0.0937494
0,0,0.093891
0,0,0.0939313
0,0,0.0940105
0,0,0.0941337
0,0,0.0941674
0,0,0.0942686
0,0,0.0948164
0,0,0.0949866
0,0,0.0950216
0,0,0.0951234
0,0,0.0952136
0,0,0.0952587
0,0,0.0953343
0,0,0.0956157
0,0,0.0958105
0,0,0.0958249
0,0,0.0961609
0,0,0.0964983
0,0,0.0968164
0,0,0.0969712
0,0,0.0972841
0,0,0.0973164
0,0,0.0973497
0,0,0.0974247
0,0,0.0975366
0,0,0.0976757
0,0,0.0977479
0,0,0.0978708
0,0,0.0980136
0,0,0.0980211
0,0,0.098058
0,0,0.0980734
0,0,0.0981078
0,0,0.0986516
0,0,0.0988687
0,0,0.0988994
0,0,0.0990281
0,0,0.0996281
0,0,0.0996331
0,0,0.0996424
0,0,0.0998211
0,0,0.0999864
0,0,0.100038
0,0,0.100136
0,0,0.100157
0,0,0.100363
0,0,0.100566
0,0,0.100659
0,0,0.100663
0,0,0.100681
0,0,0.100777
0,0,0.100872
0,0,0.101585
0,0,0.101617
0,0,0.101812
0,0,0.102372
0,0,0.10266
0,0,0.102673
0,0,0.102883
0,0,0.103321
0,0,0.103343
0,0,0.103521
0,0,0.103707
0,0,0.104075
0,0,0.104222
0,0,0.104237
0,0,0.104479
0,0,0.104893
0,0,0.104912
0,0,0.105124
0,0,0.105151
0,0,0.105682
0,0,0.105684
0,0,0.105807
0,0,0.106117
0,0,0.106236
0,0,0.106362
0,0,0.106368
0,0,0.106637
0,0,0.106744
0,0,0.107656
0,0,0.107661
0,0,0.107693
0,0,0.107725
0,0,0.107853
0,0,0.107915
0,0,0.108019
0,0,0.108047
0,0,0.108296
0,0,0.10849
0,0,0.108544
0,0,0.108594
0,0,0.108667
0,0,0.108803
0,0,0.108912
0,0,0.109119
0,0,0.109141
0,0,0.109253
0,0,0.109317
0,0,0.109579
0,0,0.109732
0,0,0.109743
0,0,0.109927
0,0,0.11
0,0,0.110048
0,0,0.110241
0,0,0.110248
0,0,0.110306
0,0,0.110378
0,0,0.110532
0,0,0.110553
0,0,0.110563
0,0,0.110833
0,0,0.111097
0,0,0.111369
0,0,0.111421
0,0,0.111474
0,0,0.11172
0,0,0.111733
0,0,0.111923
0,0,0.112013
0,0,0.112035
0,0,0.112476
0,0,0.112765
0,0,0.113418
0,0,0.113668
0,0,0.113682
0,0,0.113687
0,0,0.113743
0,0,0.11387
0,0,0.114012
0,0,0.114125
0,0,0.11437
0,0,0.114374
0,0,0.114375
0,0,0.114644
0,0,0.114658
0,0,0.115143
0,0,0.115336
0,0,0.115573
0,0,0.115642
0,0,0.115655
0,0,0.11576
0,0,0.116122
0,0,0.116211
0,0,0.11635
0,0,0.116796
0,0,0.117197
0,0,0.117227
0,0,0.117354
0,0,0.117761
0,0,0.117893
0,0,0.118123
0,0,0.118344
0,0,0.118411
0,0,0.118424
0,0,0.118505
0,0,0.118527
0,0,0.118597
0,0,0.118725
0,0,0.118975
0,0,0.119185
0,0,0.119505
0,0,0.119556
0,0,0.119629
0,0,0.119696
0,0,0.119703
0,0,0.119732
0,0,0.119885
0,0,0.120167
0,0,0.120321
0,0,0.120361
0,0,0.120392
0,0,0.120555
0,0,0.120555
0,0,0.12136
0,0,0.121386
0,0,0.121411
0,0,0.121443
0,0,0.121492
0,0,0.121669
0,0,0.12177
0,0,0.121842
0,0,0.122041
0,0,0.122127
0,0,0.122219
0,0,0.122685
0,0,0.122707
0,0,0.122774
0,0,0.123056
0,0,0.123234
0,0,0.123311
0,0,0.123385
0,0,0.124034
0,0,0.124288
0,0,0.124484
0,0,0.124549
0,0,0.12456
0,0,0.124562
0,0,0.124572
0,0,0.124604
0,0,0.124742
0,0,0.125118
0,0,0.125457
0,0,0.125463
0,0,0.125759
0,0,0.125761
0,0,0.12581
0,0,0.125944
0,0,0.126166
0,0,0.126342
0,0,0.126342
0,0,0.126644
0,0,0.126651
0,0,0.126983
0,0,0.127211
0,0,0.127319
0,0,0.127319
0,0,0.127532
0,0,0.127657
0,0,0.127679
0,0,0.127755
0,0,0.127808
0,0,0.127977
0,0,0.128128
0,0,0.128257
0,0,0.128515
0,0,0.128556
0,0,0.128605
0,0,0.128692
0,0,0.12889
0,0,0.129009
0,0,0.129145
0,0,0.129266
0,0,0.130053
0,0,0.130084
0,0,0.130199
0,0,0.130522
0,0,0.131162
0,0,0.131359
0,0,0.131602
0,0,0.131643
0,0,0.132066
0,0,0.132139
0,0,0.13241
0,0,0.132465
0,0,0.132847
0,0,0.132946
0,0,0.133159
0,0,0.133177
0,0,0.133371
0,0,0.133422
0,0,0.133554
0,0,0.133691
0,0,0.1337
0,0,0.134071
0,0,0.134234
0,0,0.134446
0,0,0.134455
0,0,0.1346
0,0,0.134664
0,0,0.134784
0,0,0.134811
0,0,0.134866
0,0,0.134922
0,0,0.135
0,0,0.135059
0,0,0.135069
0,0,0.135362
0,0,0.135626
0,0,0.136071
0,0,0.136165
0,0,0.136412
0,0,0.136647
0,0,0.13693
0,0,0.137143
0,0,0.137517
0,0,0.137783
0,0,0.137846
0,0,0.137921
0,0,0.138147
0,0,0.138348
0,0,0.138567
0,0,0.138648
0,0,0.138787
0,0,0.139099
0,0,0.139102
0,0,0.139714
0,0,0.140207
0,0,0.140249
0,0,0.140773
0,0,0.140974
0,0,0.141188
0,0,0.141289
0,0,0.141432
0,0,0.141745
0,0,0.142093
0,0,0.142161
0,0,0.142166
0,0,0.142209
0,0,0.142278
0,0,0.142294
0,0,0.142852
0,0,0.142863
0,0,0.142922
0,0,0.143374
0,0,0.14364
0,0,0.143759
0,0,0.144024
0,0,0.14408
0,0,0.144677
0,0,0.14473
0,0,0.145174
0,0,0.145376
0,0,0.145672
0,0,0.145916
0,0,0.146022
0,0,0.146229
0,0,0.146299
0,0,0.146568
0,0,0.146587
0,0,0.146681
0,0,0.146844
0,0,0.14695
0,0,0.147107
0,0,0.147423
0,0,0.14757
0,0,0.147648
0,0,0.147696
0,0,0.1477
0,0,0.147825
0,0,0.147894
0,0,0.147985
0,0,0.147995
0,0,0.148975
0,0,0.149211
0,0,0.150086
0,0,0.150223
0,0,0.150348
0,0,0.150411
0,0,0.150846
0,0,0.1509
0,0,0.150985
0,0,0.151205
0,0,0.152008
0,0,0.152065
0,0,0.152381
0,0,0.152651
0,0,0.152671
0,0,0.153103
0,0,0.153198
0,0,0.153438
0,0,0.153804
0,0,0.154059
0,0,0.154139
0,0,0.154253
0,0,0.154351
0,0,0.154506
0,0,0.155141
0,0,0.155176
0,0,0.155245
0,0,0.155383
0,0,0.155964
0,0,0.156178
0,0,0.156318
0,0,0.15635
0,0,0.156899
0,0,0.157016
0,0,0.157022
0,0,0.157037
0,0,0.157498
0,0,0.157577
0,0,0.157747
0,0,0.157886
0,0,0.158618
0,0,0.15879
0,0,0.159063
0,0,0.159265
0,0,0.160037
0,0,0.160095
0,0,0.160194
0,0,0.160205
0,0,0.160281
0,0,0.160733
0,0,0.160874
0,0,0.161577
0,0,0.16201
0,0,0.162219
0,0,0.162284
0,0,0.162359
0,0,0.162505
0,0,0.163126
0,0,0.163272
0,0,0.163317
0,0,0.163703
0,0,0.163936
0,0,0.164195
0,0,0.164362
0,0,0.164486
0,0,0.164697
0,0,0.164944
0,0,0.165097
0,0,0.165143
0,0,0.165162
0,0,0.165384
0,0,0.166287
0,0,0.166538
0,0,0.166682
0,0,0.166797
0,0,0.16689
0,0,0.166914
0,0,0.16697
0,0,0.167121
0,0,0.167126
0,0,0.167258
0,0,0.16747
0,0,0.167852
0,0,0.168372
0,0,0.168416
0,0,0.168623
0,0,0.169236
0,0,0.169474
0,0,0.169646
0,0,0.170253
0,0,0.170472
0,0,0.170622
0,0,0.171114
0,0,0.171331
0,0,0.172495
0,0,0.172755
0,0,0.173419
0,0,0.173622
0,0,0.173713
0,0,0.173939
0,0,0.174262
0,0,0.174265
0,0,0.17428
0,0,0.174739
0,0,0.17512
0,0,0.175229
0,0,0.175622
0,0,0.176446
0,0,0.176871
0,0,0.176912
0,0,0.177035
0,0,0.177177
0,0,0.177383
0,0,0.177399
0,0,0.178064
0,0,0.178531
0,0,0.178688
0,0,0.17874
0,0,0.179388
0,0,0.179633
0,0,0.179814
0,0,0.180119
0,0,0.180388
0,0,0.180647
0,0,0.181659
0,0,0.182104
0,0,0.183
0,0,0.183029
0,0,0.183513
0,0,0.184075
0,0,0.184688
0,0,0.184838
0,0,0.185329
0,0,0.18538
0,0,0.185903
0,0,0.186378
0,0,0.186383
0,0,0.186412
0,0,0.186898
0,0,0.186912
0,0,0.187207
0,0,0.18754
0,0,0.187956
0,0,0.188113
0,0,0.188129
0,0,0.188407
0,0,0.18846
0,0,0.188509
0,0,0.18865
0,0,0.189211
0,0,0.189584
0,0,0.189618
0,0,0.189711
0,0,0.19068
0,0,0.191202
0,0,0.191531
0,0,0.192078
0,0,0.192275
0,0,0.193433
0,0,0.194011
0,0,0.194344
0,0,0.194449
0,0,0.194869
0,0,0.196504
0,0,0.197617
0,0,0.197626
0,0,0.198464
0,0,0.198818
0,0,0.198906
0,0,0.199897
0,0,0.200332
0,0,0.200418
0,0,0.200593
0,0,0.200747
0,0,0.201873
0,0,0.202316
0,0,0.202398
0,0,0.2024
0,0,0.202479
0,0,0.203176
0,0,0.203479
0,0,0.203505
0,0,0.20399
0,0,0.205384
0,0,0.206195
0,0,0.206382
0,0,0.206658
0,0,0.206847
0,0,0.209423
0,0,0.209812
0,0,0.210271
0,0,0.210537
0,0,0.21097
0,0,0.211115
0,0,0.211518
0,0,0.21247
0,0,0.212616
0,0,0.213235
0,0,0.213804
0,0,0.214264
0,0,0.214782
0,0,0.215086
0,0,0.21528
0,0,0.215595
0,0,0.216005
0,0,0.216486
0,0,0.216635
0,0,0.216754
0,0,0.216878
0,0,0.217576
0,0,0.219501
0,0,0.220913
0,0,0.221219
0,0,0.221417
0,0,0.221709
0,0,0.221736
0,0,0.221817
0,0,0.223032
0,0,0.224648
0,0,0.224728
0,0,0.224953
0,0,0.225629
0,0,0.225731
0,0,0.226923
0,0,0.227503
0,0,0.22753
0,0,0.22795
0,0,0.227992
0,0,0.228101
0,0,0.228363
0,0,0.228402
0,0,0.228565
0,0,0.230488
0,0,0.231389
0,0,0.231427
0,0,0.231718
0,0,0.232514
0,0,0.232914
0,0,0.233114
0,0,0.234333
0,0,0.23512
0,0,0.235194
0,0,0.235227
0,0,0.236199
0,0,0.236602
0,0,0.236647
0,0,0.237559
0,0,0.23783
0,0,0.239598
0,0,0.240173
0,0,0.240548
0,0,0.240879
0,0,0.242928
0,0,0.24406
0,0,0.244577
0,0,0.244748
0,0,0.244831
0,0,0.245041
0,0,0.245725
0,0,0.245894
0,0,0.245984
0,0,0.246389
0,0,0.247415
0,0,0.248566
0,0,0.249053
0,0,0.249707
0,0,0.250549
0,0,0.250942
0,0,0.252227
0,0,0.252486
0,0,0.253479
0,0,0.255675
0,0,0.255786
0,0,0.255967
0,0,0.255992
0,0,0.256022
0,0,0.257192
0,0,0.257509
0,0,0.258099
0,0,0.258965
0,0,0.259188
0,0,0.259871
0,0,0.260899
0,0,0.262071
0,0,0.264191
0,0,0.26525
0,0,0.265367
0,0,0.265631
0,0,0.265996
0,0,0.266521
0,0,0.267705
0,0,0.267932
0,0,0.270686
0,0,0.272393
0,0,0.27276
0,0,0.273342
0,0,0.273512
0,0,0.273575
0,0,0.277203
0,0,0.279351
0,0,0.279394
0,0,0.280398
0,0,0.280811
0,0,0.283053
0,0,0.283438
0,0,0.283444
0,0,0.28425
0,0,0.284322
0,0,0.285033
0,0,0.28562
0,0,0.286055
0,0,0.286749
0,0,0.287062
0,0,0.288232
0,0,0.290021
0,0,0.290179
0,0,0.291281
0,0,0.291504
0,0,0.291912
0,0,0.292275
0,0,0.292606
0,0,0.293665
0,0,0.293847
0,0,0.294259
0,0,0.294678
0,0,0.294755
0,0,0.294886
0,0,0.295051
0,0,0.295198
0,0,0.295766
0,0,0.297778
0,0,0.298369
0,0,0.299321
0,0,0.300596
0,0,0.300875
0,0,0.301973
0,0,0.305059
0,0,0.305302
0,0,0.306466
0,0,0.306961
0,0,0.309827
0,0,0.311986
0,0,0.312976
0,0,0.313035
0,0,0.314836
0,0,0.316918
0,0,0.322096
0,0,0.324626
0,0,0.32553
0,0,0.328188
0,0,0.330943
0,0,0.331969
0,0,0.331985
0,0,0.332049
0,0,0.3337
0,0,0.335303
0,0,0.336448
0,0,0.33742
0,0,0.33955
0,0,0.341977
0,0,0.345298
0,0,0.345459
0,0,0.346243
0,0,0.349142
0,0,0.352032
0,0,0.353394
0,0,0.354662
0,0,0.354915
0,0,0.355566
0,0,0.356971
0,0,0.357508
0,0,0.357608
0,0,0.357649
0,0,0.359331
0,0,0.360954
0,0,0.361004
0,0,0.362171
0,0,0.364163
0,0,0.364173
0,0,0.364782
0,0,0.365034
0,0,0.36885
0,0,0.373039
0,0,0.374895
0,0,0.375514
0,0,0.384535
0,0,0.393426
0,0,0.396494
0,0,0.397125
0,0,0.399051
0,0,0.402576
0,0,0.402683
0,0,0.403401
0,0,0.405287
0,0,0.406616
0,0,0.407916
0,0,0.40868
0,0,0.409795
0,0,0.4107
0,0,0.410957
0,0,0.412221
0,0,0.41662
0,0,0.417489
0,0,0.418708
0,0,0.419278
0,0,0.42101
0,0,0.421982
0,0,0.425922
0,0,0.426297
0,0,0.426473
0,0,0.428974
0,0,0.429253
0,0,0.439828
0,0,0.440799
0,0,0.441544
0,0,0.447527
0,0,0.453604
0,0,0.462495
0,0,0.466765
0,0,0.472628
0,0,0.479317
0,0,0.480339
0,0,0.480919
0,0,0.486172
0,0,0.494174
0,0,0.501469
0,0,0.50264
0,0,0.506565
0,0,0.508547
0,0,0.508988
0,0,0.511799
0,0,0.514365
0,0,0.519178
0,0,0.519633
0,0,0.522897
0,0,0.524704
0,0,0.53939
0,0,0.546982
0,0,0.550607
0,0,0.550626
0,0,0.55614
0,0,0.558184
0,0,0.578481
0,0,0.59821
0,0,0.610553
0,0,0.612109
0,0,0.620242
0,0,0.6357
0,0,0.638918
0,0,0.640549
0,0,0.672382
0,0,0.674664
0,0,0.699083
0,0,0.709249
0,0,0.724969
0,0,0.750078
0,0,0.766967
0,0,0.781974
0,0,0.789169
0,0,0.85646
0,0,0.880476
0,0,0.91938
0,0,0.926297
0,0,1.03211
0,0,1.0961
0,0,3
1,1.63395,1.70956
1,1.55928,1.59956
1,1.54832,1.55033
1,1.19375,1.31315
1,1.11166,1.37609
1,1.06467,1.075
1,1.03735,1.42693
1,0.999004,1.08756
1,0.942616,0.9925
1,0.93245,1.01697
1,0.901679,0.923953
1,0.892828,0.942252
1,0.876874,0.945995
1,0.875924,1.20381
1,0.864375,1.21369
1,0.814062,1.0749
1,0.811182,1.09916
1,0.806247,0.924237
1,0.793855,0.799906
1,0.793659,0.94335
1,0.78956,0.906206
1,0.788501,1.06269
1,0.786277,0.806661
1,0.786247,1.15011
1,0.784923,0.879616
1,0.777231,0.942252
1,0.759532,0.775658
1,0.730814,0.806821
1,0.730365,1.17725
1,0.7039,0.794447
1,0.696442,0.739686
1,0.690503,0.699835
1,0.680185,0.691694
1,0.678403,0.711089
1,0.655694,0.814182
1,0.654249,0.765559
1,0.646168,0.653965
1,0.631371,0.739146
1,0.609474,0.857978
1,0.608808,0.763387
1,0.598046,0.611116
1,0.588591,0.619312
1,0.586503,0.62774
1,0.581863,0.675011
1,0.563658,0.576642
1,0.563124,0.643772
1,0.56254,0.867858
1,0.555808,0.58545
1,0.545134,0.57234
1,0.536959,0.607069
1,0.536943,0.575304
1,0.520864,0.605203
1,0.510979,0.515464
1,0.49819,0.694069
1,0.491063,0.626034
1,0.483049,0.509087
1,0.474086,0.679744
1,0.473309,0.586073
1,0.471321,0.489204
1,0.470117,0.519273
1,0.469677,0.493284
1,0.469609,0.551266
1,0.464944,0.489547
1,0.45871,0.466271
1,0.451442,0.743594
1,0.444008,0.488184
1,0.438726,0.442599
1,0.434997,0.444407
1,0.432809,0.453139
1,0.432208,0.43752
1,0.431607,0.509008
1,0.431452,0.44673
1,0.424807,0.426896
1,0.421234,0.424818
1,0.416103,0.42299
1,0.40871,0.582702
1,0.407799,0.467081
1,0.407759,0.409028
1,0.405075,0.437776
1,0.402723,0.410636
1,0.396642,0.586714
1,0.379424,0.606374
1,0.37887,0.413974
1,0.376901,0.552658
1,0.374645,0.392622
1,0.372409,0.428857
1,0.37067,0.392543
1,0.370205,0.375104
1,0.36728,0.427567
1,0.367165,0.368406
1,0.366369,0.418172
1,0.365916,0.376839
1,0.365258,0.390771
1,0.364199,0.3864
1,0.362188,0.451894
1,0.362179,0.365931
1,0.362166,0.373723
1,0.360624,0.399601
1,0.359836,0.383924
1,0.355702,0.362744
1,0.35561,0.356041
1,0.352371,0.389816
1,0.35207,0.452325
1,0.351836,0.475452
1,0.351793,0.353652
1,0.348615,0.354801
1,0.346688,0.384826
1,0.346378,0.446417
1,0.345231,0.38059
1,0.340937,0.411057
1,0.340929,0.383282
1,0.339562,0.378624
1,0.338829,0.495177
1,0.337576,0.458554
1,0.336609,0.536692
1,0.334839,0.374923
1,0.334675,0.359225
1,0.33455,0.401183
1,0.330114,0.546776
1,0.330113,0.345722
1,0.329337,0.333776
1,0.323565,0.447042
1,0.323495,0.328291
1,0.320609,0.379721
1,0.319623,0.325136
1,0.3193,0.328445
1,0.318935,0.33113
1,0.314476,0.475532
1,0.311949,0.318753
1,0.311791,0.314302
1,0.30577,0.350946
1,0.304493,0.317971
1,0.303496,0.32107
1,0.301381,0.419703
1,0.298505,0.658573
1,0.297869,0.316623
1,0.29746,0.501149
1,0.295328,0.479351
1,0.293387,0.351796
1,0.291945,0.300333
1,0.291189,0.330215
1,0.290636,0.363449
1,0.288852,0.300479
1,0.286366,0.327093
1,0.286136,0.339716
1,0.286026,0.308113
1,0.285447,0.576358
1,0.284641,0.321463
1,0.284087,0.304628
1,0.283273,0.295884
1,0.282802,0.310952
1,0.282719,0.284195
1,0.282593,0.290505
1,0.282296,0.30944
1,0.280823,0.28702
1,0.279715,0.374883
1,0.279284,0.293259
1,0.276824,0.401762
1,0.276184,0.277629
1,0.276126,0.301326
1,0.272448,0.315203
1,0.27194,0.282949
1,0.270734,0.294212
1,0.268983,0.313565
1,0.267932,0.411989
1,0.267313,0.274289
1,0.266119,0.272377
1,0.265309,0.33055
1,0.262033,0.269498
1,0.26152,0.271303
1,0.261506,0.344065
1,0.261015,0.33815
1,0.260041,0.294354
1,0.258405,0.279852
1,0.257773,0.350607
1,0.255352,0.364599
1,0.25453,0.259627
1,0.254314,0.299362
1,0.254029,0.255434
1,0.253169,0.272823
1,0.25241,0.305923
1,0.251854,0.25245
1,0.250714,0.301771
1,0.250071,0.277629
1,0.249819,0.317151
1,0.248676,0.268607
1,0.246966,0.252667
1,0.246964,0.272457
1,0.245805,0.304325
1,0.245246,0.263537
1,0.245011,0.246111
1,0.244899,0.316907
1,0.24464,0.248801
1,0.244191,0.28637
1,0.244049,0.257273
1,0.242866,0.243329
1,0.242402,0.245372
1,0.241965,0.26288
1,0.240834,0.245303
1,0.240678,0.250755
1,0.23959,0.25211
1,0.239245,0.256235
1,0.239021,0.240406
1,0.23842,0.240925
1,0.238091,0.240638
1,0.236465,0.292417
1,0.236192,0.303741
1,0.235868,0.245463
1,0.235852,0.242977
1,0.235781,0.288067
1,0.235599,0.272758
1,0.235523,0.243128
1,0.23437,0.265777
1,0.233914,0.24222
1,0.232619,0.264578
1,0.232247,0.232887
1,0.229681,0.251309
1,0.227128,0.23195
1,0.226238,0.230513
1,0.225985,0.229153
1,0.225891,0.235873
1,0.225261,0.306867
1,0.224928,0.235873
1,0.224422,0.258071
1,0.22425,0.253294
1,0.22385,0.31694
1,0.2233,0.292093
1,0.22322,0.331311
1,0.222878,0.28573
1,0.222361,0.251822
1,0.221602,0.239159
1,0.221481,0.319014
1,0.220902,0.286055
1,0.219945,0.239664
1,0.216115,0.220681
1,0.215721,0.234712
1,0.215055,0.241552
1,0.212753,0.222663
1,0.212208,0.213715
1,0.211011,0.274355
1,0.210803,0.237137
1,0.210638,0.238987
1,0.21062,0.241246
1,0.210398,0.222365
1,0.21012,0.216164
1,0.210056,0.218582
1,0.209586,0.250787
1,0.20948,0.262889
1,0.20942,0.232168
1,0.208991,0.218878
1,0.208972,0.228782
1,0.208067,0.254613
1,0.206813,0.241809
1,0.206142,0.242158
1,0.205198,0.262068
1,0.203527,0.210802
1,0.203391,0.237184
1,0.203202,0.223728
1,0.202714,0.215594
1,0.20249,0.219691
1,0.202113,0.312832
1,0.200978,0.210691
1,0.198816,0.218909
1,0.198707,0.262144
1,0.198568,0.239523
1,0.198282,0.210962
1,0.195591,0.279068
1,0.195525,0.258861
1,0.194819,0.195306
1,0.194258,0.199512
1,0.192804,0.196744
1,0.191822,0.218104
1,0.190007,0.192069
1,0.189678,0.224053
1,0.189671,0.196415
1,0.189602,0.278955
1,0.189369,0.194333
1,0.188024,0.216439
1,0.187423,0.210983
1,0.186898,0.202022
1,0.186586,0.188148
1,0.186297,0.213463
1,0.186159,0.211037
1,0.18568,0.192069
1,0.185037,0.237137
1,0.184853,0.268681
1,0.184689,0.201016
1,0.183163,0.194068
1,0.182381,0.208466
1,0.182309,0.284433
1,0.182143,0.188535
1,0.180461,0.241932
1,0.180447,0.19774
1,0.179074,0.186192
1,0.178245,0.187302
1,0.177532,0.183716
1,0.176736,0.221485
1,0.176196,0.200484
1,0.176015,0.259311
1,0.17434,0.272462
1,0.174124,0.198248
1,0.173813,0.178782
1,0.173014,0.187388
1,0.172235,0.17687
1,0.171325,0.235183
1,0.170469,0.174822
1,0.170366,0.178686
1,0.169639,0.175681
1,0.169251,0.184929
1,0.168257,0.184792
1,0.167462,0.185947
1,0.166909,0.178788
1,0.165966,0.171419
1,0.165509,0.195498
1,0.16524,0.172089
1,0.16425,0.169432
1,0.163341,0.165541
1,0.162584,0.164455
1,0.162181,0.163289
1,0.161301,0.178759
1,0.159716,0.161813
1,0.159399,0.164183
1,0.158893,0.166773
1,0.158392,0.194159
1,0.157431,0.162167
1,0.156947,0.15866
1,0.1558,0.199349
1,0.155622,0.172844
1,0.155327,0.168324
1,0.155089,0.160879
1,0.154115,0.185977
1,0.153633,0.153652
1,0.153381,0.190579
1,0.152671,0.171747
1,0.152269,0.178395
1,0.15107,0.153304
1,0.151021,0.154828
1,0.149696,0.226983
1,0.148031,0.174856
1,0.147616,0.149785
1,0.146707,0.157741
1,0.143364,0.147873
1,0.143238,0.166711
1,0.143207,0.147326
1,0.141651,0.142748
1,0.141353,0.151666
1,0.14074,0.155222
1,0.140615,0.157585
1,0.140282,0.144496
1,0.14017,0.16847
1,0.140035,0.140246
1,0.13983,0.158874
1,0.139506,0.16897
1,0.138551,0.157113
1,0.138194,0.140946
1,0.137372,0.142417
1,0.137355,0.161862
1,0.136881,0.145814
1,0.136733,0.140013
1,0.136132,0.224053
1,0.135768,0.150037
1,0.135191,0.140752
1,0.132483,0.163081
1,0.132365,0.165653
1,0.129346,0.146947
1,0.128138,0.146793
1,0.126744,0.146451
1,0.126695,0.137717
1,0.126441,0.160417
1,0.126392,0.131207
1,0.126218,0.164097
1,0.126015,0.157615
1,0.124764,0.164726
1,0.12429,0.157592
1,0.124109,0.126331
1,0.123367,0.135305
1,0.122913,0.14999
1,0.121945,0.134332
1,0.121672,0.123279
1,0.121498,0.150037
1,0.120752,0.138452
1,0.118579,0.121689
1,0.118469,0.12684
1,0.118148,0.142123
1,0.118009,0.14208
1,0.117635,0.188738
1,0.116484,0.120158
1,0.116421,0.186241
1,0.116165,0.144518
1,0.116038,0.116127
1,0.115774,0.135694
1,0.114666,0.12793
1,0.114577,0.116488
1,0.114464,0.131182
1,0.114196,0.124249
1,0.114039,0.128267
1,0.112989,0.113866
1,0.112299,0.157971
1,0.112014,0.125171
1,0.111246,0.115596
1,0.110941,0.136104
1,0.110668,0.122278
1,0.11062,0.11525
1,0.110335,0.112925
1,0.109948,0.124357
1,0.109719,0.132947
1,0.10946,0.112649
1,0.106672,0.115312
1,0.10667,0.114499
1,0.105852,0.113017
1,0.105481,0.135443
1,0.105356,0.111249
1,0.104867,0.12813
1,0.103933,0.117959
1,0.103281,0.159116
1,0.102999,0.107097
1,0.102991,0.104176
1,0.102525,0.105817
1,0.101734,0.115981
1,0.101269,0.104355
1,0.101055,0.11985
1,0.10093,0.144951
1,0.100333,0.11391
1,0.0996957,0.10483
1,0.0989891,0.111783
1,0.0979106,0.104492
1,0.0958013,0.136679
1,0.0955737,0.109737
1,0.0952901,0.117142
1,0.0951641,0.113087
1,0.0951346,0.129745
1,0.0951312,0.0985767
1,0.0949368,0.0951109
1,0.0947851,0.109781
1,0.0934373,0.112906
1,0.0933457,0.094488
1,0.0927901,0.107302
1,0.0926404,0.0967315
1,0.0912713,0.11623
1,0.0905146,0.0938682
1,0.0899165,0.118409
1,0.08843,0.0891893
1,0.0876155,0.0943469
1,0.0866682,0.103167
1,0.0861636,0.0984322
1,0.0851674,0.100116
1,0.0847639,0.0883359
1,0.0842824,0.13199
1,0.08408,0.0878231
1,0.083888,0.0865314
1,0.0826996,0.123716
1,0.0818589,0.0832976
1,0.0815768,0.0840311
1,0.081358,0.0854682
1,0.0811222,0.11259
1,0.0798572,0.0878231
1,0.0789107,0.0995342
1,0.0785626,0.0888911
1,0.0776457,0.0994536
1,0.0762765,0.0824876
1,0.0761304,0.0834045
1,0.0733313,0.0865254
1,0.0727648,0.0906223
1,0.0725728,0.078233
1,0.0716064,0.0749496
1,0.0708511,0.11715
1,0.07076,0.0761481
1,0.070695,0.0829603
1,0.0706369,0.100609
1,0.0700676,0.0779146
1,0.0699324,0.0916435
1,0.0693986,0.077845
1,0.069289,0.0938556
1,0.0675334,0.0712642
1,0.0666878,0.0745823
1,0.0663373,0.0709115
1,0.0661633,0.0730984
1,0.0658251,0.0742049
1,0.0641774,0.0667497
1,0.064002,0.0697042
1,0.0625578,0.0652192
1,0.0617869,0.0684683
1,0.061062,0.0627602
1,0.0610586,0.0660542
1,0.0607194,0.0619158
1,0.0603227,0.0763212
1,0.0585464,0.0625214
1,0.0585295,0.0585918
1,0.0582524,0.0639474
1,0.0569459,0.0569484
1,0.0565305,0.0694742
1,0.0561815,0.0738679
1,0.0558596,0.0600924
1,0.0552305,0.0620128
1,0.055182,0.0596407
1,0.0543502,0.0639838
1,0.0534735,0.0557268
1,0.0530443,0.0531715
1,0.0488951,0.0583792
1,0.0482569,0.0529661
1,0.0478052,0.0482182
1,0.0448506,0.047685
1,0.0444725,0.0476408
1,0.0442458,0.0661114
1,0.0439936,0.0535232
1,0.0429083,0.045991
1,0.0421281,0.0528709
1,0.0409711,0.0456982
1,0.0358591,0.035904
2,1.52069,1.57918
2,1.3312,1.34201
2,1.31268,1.42222
2,1.20259,1.29408
2,0.892111,0.992262
2,0.66845,0.68692
2,0.642371,0.661133
2,0.63747,0.717051
2,0.607223,0.616857
2,0.597791,0.601392
2,0.592399,0.617603
2,0.580463,0.616373
2,0.562894,0.574239
2,0.562509,0.583988
2,0.558625,0.570544
2,0.501734,0.510151
2,0.500648,0.561016
2,0.470435,0.474064
2,0.450168,0.470932
2,0.437309,0.48934
2,0.424776,0.438321
2,0.411775,0.437364
2,0.410848,0.412754
2,0.410196,0.418716
2,0.395658,0.407339
2,0.381395,0.381848
2,0.369932,0.384897
2,0.357219,0.37209
2,0.348443,0.353073
2,0.341919,0.349307
2,0.341095,0.350348
2,0.33193,0.366505
2,0.324694,0.32621
2,0.324299,0.351114
2,0.321463,0.347382
2,0.320384,0.346355
2,0.310621,0.324586
2,0.310621,0.31439
2,0.310073,0.310681
2,0.302711,0.304562
2,0.295402,0.320358
2,0.292582,0.294105
2,0.292506,0.300624
2,0.291926,0.302645
2,0.282412,0.307722
2,0.277114,0.285214
2,0.274812,0.281618
2,0.274673,0.276854
2,0.268742,0.269019
2,0.267075,0.271909
2,0.262604,0.277
2,0.254672,0.279612
2,0.254672,0.254791
2,0.224709,0.232287
2,0.205285,0.20754
2,0.200036,0.224311
2,0.196658,0.201673
2,0.186993,0.189644
2,0.186241,0.194661
2,0.174601,0.178471
2,0.172062,0.174071
2,0.168555,0.181096
2,0.151588,0.151981
2,0.141339,0.142718
2,0.140222,0.164385
2,0.133646,0.137069
2,0.125352,0.132455
2,0.123869,0.130185
2,0.1163,0.119955
2,0.115267,0.124256
2,0.111257,0.111527
2,0.106129,0.118267
2,0.103859,0.106223
2,0.0927947,0.0931778
2,0.0819185,0.0855182
2,0.0575982,0.0636629
