point cloud with 2301 points in dimension 3
0,0,0.0027501
0,0,0.00376395
0,0,0.00420707
0,0,0.00504508
0,0,0.00528327
0,0,0.00539961
0,0,0.00546524
0,0,0.00602705
0,0,0.00606257
0,0,0.00611618
0,0,0.00619036
0,0,0.00646916
0,0,0.00682324
0,0,0.00766576
0,0,0.00810495
0,0,0.0082067
0,0,0.00841007
0,0,0.00934612
0,0,0.00947288
0,0,0.00951105
0,0,0.0097073
0,0,0.0102395
0,0,0.0103862
0,0,0.0107045
0,0,0.0107183
0,0,0.0107948
0,0,0.0107953
0,0,0.0111358
0,0,0.0116131
0,0,0.0116849
0,0,0.0118932
0,0,0.0119928
0,0,0.012151
0,0,0.0123139
0,0,0.0123519
0,0,0.0124872
0,0,0.012801
0,0,0.0128488
0,0,0.0128822
0,0,0.0131181
0,0,0.0132964
0,0,0.0133571
0,0,0.0138105
0,0,0.013921
0,0,0.014266
0,0,0.0144012
0,0,0.0144673
0,0,0.0145845
0,0,0.01459
0,0,0.0147901
0,0,0.0149015
0,0,0.0149108
0,0,0.0149294
0,0,0.0152244
0,0,0.0154743
0,0,0.0154882
0,0,0.0155319
0,0,0.0156153
0,0,0.0158608
0,0,0.0160658
0,0,0.0160782
0,0,0.0161223
0,0,0.0161263
0,0,0.0161317
0,0,0.0161509
0,0,0.0163908
0,0,0.0164852
0,0,0.0165293
0,0,0.0165408
0,0,0.016588
0,0,0.0166597
0,0,0.0166707
0,0,0.0169543
0,0,0.0169739
0,0,0.0170292
0,0,0.0170684
0,0,0.0171441
0,0,0.0171471
0,0,0.0172137
0,0,0.0176008
0,0,0.0177291
0,0,0.0178364
0,0,0.0179572
0,0,0.0179628
0,0,0.0179775
0,0,0.0179851
0,0,0.0182359
0,0,0.0183922
0,0,0.0186903
0,0,0.0188841
0,0,0.0189333
0,0,0.019181
0,0,0.0193017
0,0,0.0193283
0,0,0.0194747
0,0,0.0195441
0,0,0.0196348
0,0,0.01971
0,0,0.0198361
0,0,0.0199446
0,0,0.019987
0,0,0.0200341
0,0,0.0200693
0,0,0.0201575
0,0,0.0202566
0,0,0.0202956
0,0,0.0204254
0,0,0.0204315
0,0,0.0204366
0,0,0.0204923
0,0,0.0205435
0,0,0.0206153
0,0,0.0209159
0,0,0.0209172
0,0,0.0210526
0,0,0.0211628
0,0,0.0213571
0,0,0.0213873
0,0,0.0214454
0,0,0.0215392
0,0,0.0215487
0,0,0.0215706
0,0,0.0216199
0,0,0.0216933
0,0,0.0217207
0,0,0.0218593
0,0,0.0219461
0,0,0.0219509
0,0,0.0220425
0,0,0.0220862
0,0,0.0221579
0,0,0.0222059
0,0,0.0222084
0,0,0.022303
0,0,0.022355
0,0,0.0224532
0,0,0.0224873
0,0,0.0224977
0,0,0.0225703
0,0,0.0225956
0,0,0.0225994
0,0,0.0227055
0,0,0.0228158
0,0,0.0228262
0,0,0.0229462
0,0,0.0229567
0,0,0.0232109
0,0,0.0232489
0,0,0.0233187
0,0,0.0234636
0,0,0.0236402
0,0,0.0236483
0,0,0.0236748
0,0,0.0237312
0,0,0.0239838
0,0,0.0239922
0,0,0.0241513
0,0,0.0243198
0,0,0.0243741
0,0,0.0244625
0,0,0.0247148
0,0,0.0247629
0,0,0.0248456
0,0,0.0248547
0,0,0.0248734
0,0,0.0249822
0,0,0.0250303
0,0,0.0252249
0,0,0.0252286
0,0,0.0252518
0,0,0.0253002
0,0,0.0253101
0,0,0.025345
0,0,0.0253649
0,0,0.0253717
0,0,0.0255289
0,0,0.025572
0,0,0.0259456
0,0,0.0260492
0,0,0.0260599
0,0,0.0260735
0,0,0.0263558
0,0,0.026442
0,0,0.0264856
0,0,0.026576
0,0,0.0267037
0,0,0.0267685
0,0,0.0268264
0,0,0.0268485
0,0,0.0269466
0,0,0.0269724
0,0,0.0272329
0,0,0.0273558
0,0,0.0274053
0,0,0.0274122
0,0,0.0275985
0,0,0.027624
0,0,0.0276591
0,0,0.0276615
0,0,0.0276653
0,0,0.0277761
0,0,0.0278798
0,0,0.0278991
0,0,0.0279927
0,0,0.02806
0,0,0.0280895
0,0,0.0282942
0,0,0.0283225
0,0,0.0283901
0,0,0.02843
0,0,0.0285171
0,0,0.0285576
0,0,0.0285676
0,0,0.0285695
0,0,0.0285983
0,0,0.0287781
0,0,0.0287809
0,0,0.0288286
0,0,0.0290143
0,0,0.0290594
0,0,0.0290739
0,0,0.0291626
0,0,0.0291876
0,0,0.0293259
0,0,0.029358
0,0,0.0293923
0,0,0.0294628
0,0,0.0295664
0,0,0.0297073
0,0,0.0297834
0,0,0.0297907
0,0,0.0297994
0,0,0.0297997
0,0,0.0298096
0,0,0.0298636
0,0,0.0298826
0,0,0.0298885
0,0,0.0299605
0,0,0.0299698
0,0,0.030248
0,0,0.0302635
0,0,0.0303228
0,0,0.0303266
0,0,0.0306096
0,0,0.0306105
0,0,0.0307682
0,0,0.030835
0,0,0.0308867
0,0,0.0308952
0,0,0.0309699
0,0,0.0310444
0,0,0.0310899
0,0,0.0310925
0,0,0.0311125
0,0,0.0311416
0,0,0.0313568
0,0,0.0315402
0,0,0.0316513
0,0,0.0316806
0,0,0.0316816
0,0,0.0317368
0,0,0.0317523
0,0,0.0317933
0,0,0.0318843
0,0,0.0319101
0,0,0.0319181
0,0,0.032001
0,0,0.0322524
0,0,0.032285
0,0,0.0323031
0,0,0.0323423
0,0,0.0323735
0,0,0.0323752
0,0,0.0323938
0,0,0.0323991
0,0,0.032472
0,0,0.0326261
0,0,0.0326687
0,0,0.0326759
0,0,0.0327042
0,0,0.0327069
0,0,0.0327206
0,0,0.0327801
0,0,0.0328421
0,0,0.0328906
0,0,0.0328916
0,0,0.0328975
0,0,0.0329539
0,0,0.033048
0,0,0.0331035
0,0,0.0331079
0,0,0.0332236
0,0,0.0332564
0,0,0.0333112
0,0,0.0333349
0,0,0.0333763
0,0,0.0336377
0,0,0.0338494
0,0,0.0338945
0,0,0.033901
0,0,0.0339112
0,0,0.0340101
0,0,0.0340261
0,0,0.034094
0,0,0.0341836
0,0,0.0342021
0,0,0.0342424
0,0,0.0343745
0,0,0.0343933
0,0,0.0344532
0,0,0.0344857
0,0,0.0345768
0,0,0.0347636
0,0,0.0347968
0,0,0.0348785
0,0,0.0350054
0,0,0.0350524
0,0,0.0352037
0,0,0.0352276
0,0,0.0352378
0,0,0.0352677
0,0,0.0352711
0,0,0.0352983
0,0,0.0353516
0,0,0.0353556
0,0,0.0353869
0,0,0.0354239
0,0,0.0355026
0,0,0.0355068
0,0,0.0355727
0,0,0.0355816
0,0,0.0356625
0,0,0.0357194
0,0,0.0358292
0,0,0.0358346
0,0,0.0358522
0,0,0.0358599
0,0,0.0360155
0,0,0.0360283
0,0,0.0360619
0,0,0.0360668
0,0,0.0361616
0,0,0.0361733
0,0,0.0362389
0,0,0.036288
0,0,0.0363275
0,0,0.036352
0,0,0.0363605
0,0,0.0365639
0,0,0.0365688
0,0,0.0366107
0,0,0.0367309
0,0,0.0367698
0,0,0.0367724
0,0,0.0367845
0,0,0.0368229
0,0,0.0368766
0,0,0.0368982
0,0,0.0369906
0,0,0.0370743
0,0,0.0371091
0,0,0.0371199
0,0,0.0371303
0,0,0.0372993
0,0,0.0373681
0,0,0.0376075
0,0,0.0376637
0,0,0.0377094
0,0,0.0377868
0,0,0.0378591
0,0,0.03787
0,0,0.0379666
0,0,0.0379935
0,0,0.0379971
0,0,0.0380436
0,0,0.0381533
0,0,0.0383611
0,0,0.0384028
0,0,0.0384695
0,0,0.0384969
0,0,0.0385212
0,0,0.0386109
0,0,0.0386988
0,0,0.0387563
0,0,0.0387575
0,0,0.0387965
0,0,0.0388093
0,0,0.0389087
0,0,0.0389597
0,0,0.0390425
0,0,0.039104
0,0,0.0391155
0,0,0.0391366
0,0,0.03917
0,0,0.0394993
0,0,0.0395573
0,0,0.0396061
0,0,0.0396608
0,0,0.0399735
0,0,0.0399821
0,0,0.0401129
0,0,0.0401545
0,0,0.0402204
0,0,0.0402441
0,0,0.0403617
0,0,0.0404359
0,0,0.0405262
0,0,0.0405369
0,0,0.0405703
0,0,0.0405714
0,0,0.0407667
0,0,0.040939
0,0,0.0413029
0,0,0.041335
0,0,0.0414668
0,0,0.0414674
0,0,0.0414785
0,0,0.0414915
0,0,0.0415119
0,0,0.0415209
0,0,0.0415376
0,0,0.0415674
0,0,0.0416669
0,0,0.041732
0,0,0.0418341
0,0,0.0418521
0,0,0.0418536
0,0,0.0419131
0,0,0.0419263
0,0,0.0419386
0,0,0.0420048
0,0,0.0420259
0,0,0.0420343
0,0,0.0420418
0,0,0.0420559
0,0,0.0420765
0,0,0.0421814
0,0,0.0422904
0,0,0.0423568
0,0,0.0423742
0,0,0.0424183
0,0,0.0425652
0,0,0.0425972
0,0,0.0426032
0,0,0.0426767
0,0,0.042715
0,0,0.0429083
0,0,0.0429678
0,0,0.0430875
0,0,0.0430883
0,0,0.0430983
0,0,0.0431838
0,0,0.043185
0,0,0.0432736
0,0,0.0433045
0,0,0.0433212
0,0,0.0433832
0,0,0.0433973
0,0,0.0433979
0,0,0.0433981
0,0,0.0434088
0,0,0.0434111
0,0,0.0434433
0,0,0.0434772
0,0,0.0435406
0,0,0.043638
0,0,0.0436526
0,0,0.0436728
0,0,0.0436761
0,0,0.0437168
0,0,0.0437941
0,0,0.0438052
0,0,0.043874
0,0,0.0438768
0,0,0.0440833
0,0,0.0441376
0,0,0.0441758
0,0,0.0442036
0,0,0.0442606
0,0,0.0442792
0,0,0.044338
0,0,0.0443654
0,0,0.0443756
0,0,0.04439
0,0,0.0443936
0,0,0.0444125
0,0,0.0444905
0,0,0.0445133
0,0,0.0445233
0,0,0.0445359
0,0,0.0445586
0,0,0.0445707
0,0,0.0446181
0,0,0.0446261
0,0,0.0447616
0,0,0.0447685
0,0,0.0447969
0,0,0.0448482
0,0,0.0450523
0,0,0.0451245
0,0,0.0451328
0,0,0.0451574
0,0,0.0451731
0,0,0.0452013
0,0,0.0453165
0,0,0.0453421
0,0,0.0453426
0,0,0.0453617
0,0,0.0453933
0,0,0.0454729
0,0,0.0455625
0,0,0.0455953
0,0,0.0456012
0,0,0.0456606
0,0,0.0457362
0,0,0.0457696
0,0,0.0457779
0,0,0.0459624
0,0,0.0460632
0,0,0.0460898
0,0,0.0461483
0,0,0.0463174
0,0,0.0463557
0,0,0.0463916
0,0,0.0464209
0,0,0.0464909
0,0,0.0465496
0,0,0.046558
0,0,0.0466034
0,0,0.0466824
0,0,0.0467109
0,0,0.0467192
0,0,0.0467263
0,0,0.0467463
0,0,0.0467687
0,0,0.0467706
0,0,0.047004
0,0,0.047027
0,0,0.047027
0,0,0.0470848
0,0,0.0471676
0,0,0.0474246
0,0,0.0474255
0,0,0.047456
0,0,0.0476716
0,0,0.047746
0,0,0.0477704
0,0,0.0479775
0,0,0.0481415
0,0,0.0481925
0,0,0.0483567
0,0,0.0483883
0,0,0.0484593
0,0,0.0484722
0,0,0.0485194
0,0,0.0485975
0,0,0.0486603
0,0,0.0486629
0,0,0.0486789
0,0,0.0488109
0,0,0.0488886
0,0,0.0488939
0,0,0.048958
0,0,0.0489592
0,0,0.0489846
0,0,0.0490686
0,0,0.0490708
0,0,0.0492769
0,0,0.0495606
0,0,0.0495784
0,0,0.0497098
0,0,0.0497833
0,0,0.0498515
0,0,0.0498657
0,0,0.0498734
0,0,0.0499055
0,0,0.0501879
0,0,0.0503032
0,0,0.0503386
0,0,0.050357
0,0,0.050369
0,0,0.0503885
0,0,0.0504359
0,0,0.0505166
0,0,0.0505407
0,0,0.0507641
0,0,0.0507786
0,0,0.0509352
0,0,0.0510341
0,0,0.0511495
0,0,0.0513563
0,0,0.051374
0,0,0.0513877
0,0,0.051396
0,0,0.0514054
0,0,0.0514354
0,0,0.0514871
0,0,0.0515748
0,0,0.0516004
0,0,0.0516051
0,0,0.0516306
0,0,0.0516797
0,0,0.0516856
0,0,0.0516944
0,0,0.0517255
0,0,0.0517618
0,0,0.0517914
0,0,0.0518543
0,0,0.0519536
0,0,0.0519925
0,0,0.0520302
0,0,0.0520569
0,0,0.0520777
0,0,0.0520964
0,0,0.0521393
0,0,0.05217
0,0,0.052252
0,0,0.0522996
0,0,0.0523259
0,0,0.0523276
0,0,0.0523679
0,0,0.0524506
0,0,0.0525129
0,0,0.052688
0,0,0.0526971
0,0,0.0527705
0,0,0.0527829
0,0,0.0528345
0,0,0.052875
0,0,0.0530018
0,0,0.0531353
0,0,0.0531765
0,0,0.0532093
0,0,0.0533351
0,0,0.0534769
0,0,0.0535695
0,0,0.05357
0,0,0.0535906
0,0,0.0536186
0,0,0.0536635
0,0,0.0536932
0,0,0.0538098
0,0,0.0539451
0,0,0.0540229
0,0,0.0540453
0,0,0.0541613
0,0,0.0541886
0,0,0.0542417
0,0,0.0543141
0,0,0.0543147
0,0,0.0543178
0,0,0.0544099
0,0,0.0544769
0,0,0.0545285
0,0,0.0545617
0,0,0.0546677
0,0,0.0547964
0,0,0.0547981
0,0,0.0548535
0,0,0.0549569
0,0,0.055005
0,0,0.0550662
0,0,0.0550932
0,0,0.0551505
0,0,0.055186
0,0,0.0553131
0,0,0.0554636
0,0,0.0554908
0,0,0.0554964
0,0,0.0555082
0,0,0.0555875
0,0,0.0556103
0,0,0.0557231
0,0,0.0558374
0,0,0.0559179
0,0,0.0559932
0,0,0.0560539
0,0,0.056081
0,0,0.0561093
0,0,0.0561172
0,0,0.056215
0,0,0.0562516
0,0,0.0562766
0,0,0.0563176
0,0,0.0563263
0,0,0.0563681
0,0,0.0564541
0,0,0.0565996
0,0,0.0566127
0,0,0.0566726
0,0,0.0567078
0,0,0.0568183
0,0,0.0568398
0,0,0.0569105
0,0,0.0569153
0,0,0.0569784
0,0,0.057049
0,0,0.0570617
0,0,0.0574411
0,0,0.0575063
0,0,0.0575252
0,0,0.057567
0,0,0.0576652
0,0,0.057668
0,0,0.0577167
0,0,0.0577403
0,0,0.0577941
0,0,0.0578064
0,0,0.0578702
0,0,0.057978
0,0,0.0582221
0,0,0.0582881
0,0,0.0584168
0,0,0.0584186
0,0,0.0585972
0,0,0.0586637
0,0,0.0587579
0,0,0.0589426
0,0,0.0590372
0,0,0.0591805
0,0,0.0591895
0,0,0.0592607
0,0,0.0594646
0,0,0.0595072
0,0,0.0595207
0,0,0.0595511
0,0,0.0595585
0,0,0.0595707
0,0,0.0595796
0,0,0.0597226
0,0,0.0597486
0,0,0.0597504
0,0,0.0598036
0,0,0.0598735
0,0,0.0599459
0,0,0.0599822
0,0,0.0599952
0,0,0.0601467
0,0,0.0601687
0,0,0.0602606
0,0,0.0602928
0,0,0.0603053
0,0,0.0603343
0,0,0.0603385
0,0,0.0605553
0,0,0.0606579
0,0,0.0607501
0,0,0.0608454
0,0,0.0608467
0,0,0.0609207
0,0,0.0609339
0,0,0.0610606
0,0,0.0611109
0,0,0.0611495
0,0,0.061173
0,0,0.0612369
0,0,0.0612415
0,0,0.0613544
0,0,0.0613668
0,0,0.0614294
0,0,0.0614409
0,0,0.0616538
0,0,0.0617384
0,0,0.0617943
0,0,0.0618001
0,0,0.0618106
0,0,0.0619583
0,0,0.0619703
0,0,0.0619752
0,0,0.0620185
0,0,0.0620199
0,0,0.0620823
0,0,0.0621049
0,0,0.0622051
0,0,0.0622572
0,0,0.0623637
0,0,0.0625368
0,0,0.0625802
0,0,0.0627308
0,0,0.0627676
0,0,0.0627936
0,0,0.0629959
0,0,0.0630664
0,0,0.0630819
0,0,0.0631543
0,0,0.0631855
0,0,0.0632456
0,0,0.0632572
0,0,0.0634037
0,0,0.0634082
0,0,0.0634219
0,0,0.0635122
0,0,0.063578
0,0,0.0636941
0,0,0.0637759
0,0,0.0637934
0,0,0.0640036
0,0,0.0640347
0,0,0.0640417
0,0,0.0641327
0,0,0.0642584
0,0,0.0644164
0,0,0.0644208
0,0,0.0646957
0,0,0.0647492
0,0,0.0647638
0,0,0.064787
0,0,0.0648433
0,0,0.0649033
0,0,0.0649848
0,0,0.0651715
0,0,0.0652519
0,0,0.0652554
0,0,0.0654581
0,0,0.0654658
0,0,0.0654816
0,0,0.0654835
0,0,0.0655014
0,0,0.0655857
0,0,0.0656433
0,0,0.0656936
0,0,0.0657612
0,0,0.0657812
0,0,0.0658625
0,0,0.0659243
0,0,0.0660961
0,0,0.0660972
0,0,0.066245
0,0,0.0663996
0,0,0.0664033
0,0,0.0664737
0,0,0.0666717
0,0,0.0666834
0,0,0.0666892
0,0,0.0667627
0,0,0.0668299
0,0,0.0668699
0,0,0.0668925
0,0,0.0669682
0,0,0.0669687
0,0,0.0669811
0,0,0.0670729
0,0,0.0671119
0,0,0.0671453
0,0,0.0671857
0,0,0.0672035
0,0,0.0672176
0,0,0.0673054
0,0,0.0674418
0,0,0.0674473
0,0,0.0678113
0,0,0.0678292
0,0,0.0679064
0,0,0.0679692
0,0,0.0679844
0,0,0.0680398
0,0,0.0681143
0,0,0.0681518
0,0,0.0681609
0,0,0.0681743
0,0,0.0681803
0,0,0.0681849
0,0,0.0683649
0,0,0.0685118
0,0,0.0685196
0,0,0.0685241
0,0,0.0685677
0,0,0.0686302
0,0,0.0686488
0,0,0.0686663
0,0,0.0687135
0,0,0.0688428
0,0,0.0689389
0,0,0.0689624
0,0,0.0689692
0,0,0.0690061
0,0,0.0690114
0,0,0.0690402
0,0,0.0691797
0,0,0.0691909
0,0,0.0692234
0,0,0.0693896
0,0,0.0694937
0,0,0.0694993
0,0,0.0695405
0,0,0.0696648
0,0,0.0697089
0,0,0.0698311
0,0,0.0699546
0,0,0.0700047
0,0,0.0700098
0,0,0.0700566
0,0,0.0700995
0,0,0.0701049
0,0,0.0701902
0,0,0.0702906
0,0,0.0703631
0,0,0.0705664
0,0,0.0707044
0,0,0.0708014
0,0,0.0709529
0,0,0.0709717
0,0,0.0710029
0,0,0.0710716
0,0,0.0711712
0,0,0.071225
0,0,0.0713829
0,0,0.0715237
0,0,0.0715526
0,0,0.0715686
0,0,0.0716387
0,0,0.0717052
0,0,0.0717268
0,0,0.0717735
0,0,0.0720548
0,0,0.0720934
0,0,0.0721018
0,0,0.0721671
0,0,0.0721738
0,0,0.0722657
0,0,0.0722962
0,0,0.0724477
0,0,0.0724841
0,0,0.072531
0,0,0.0728755
0,0,0.0730774
0,0,0.0731068
0,0,0.0731663
0,0,0.0731913
0,0,0.0731932
0,0,0.0734587
0,0,0.0734907
0,0,0.0734932
0,0,0.0735097
0,0,0.073518
0,0,0.0735425
0,0,0.0735448
0,0,0.0736451
0,0,0.0738223
0,0,0.073834
0,0,0.0738377
0,0,0.0738558
0,0,0.0739283
0,0,0.0739842
0,0,0.0740311
0,0,0.0740533
0,0,0.0741465
0,0,0.0741772
0,0,0.0742644
0,0,0.074315
0,0,0.0743835
0,0,0.0744864
0,0,0.0745469
0,0,0.074583
0,0,0.0748407
0,0,0.0749357
0,0,0.0749464
0,0,0.0749717
0,0,0.0751531
0,0,0.0751825
0,0,0.0753073
0,0,0.0753649
0,0,0.0753959
0,0,0.0755296
0,0,0.0757424
0,0,0.0758435
0,0,0.0758517
0,0,0.0758694
0,0,0.0758997
0,0,0.0760114
0,0,0.0763473
0,0,0.0764107
0,0,0.0764351
0,0,0.0767672
0,0,0.0768413
0,0,0.0768488
0,0,0.0768696
0,0,0.0768996
0,0,0.0769168
0,0,0.0770086
0,0,0.0771272
0,0,0.077139
0,0,0.077155
0,0,0.0772217
0,0,0.0772228
0,0,0.0773395
0,0,0.0773579
0,0,0.0773648
0,0,0.0774765
0,0,0.0775089
0,0,0.0775205
0,0,0.0776407
0,0,0.0776769
0,0,0.0777703
0,0,0.0779625
0,0,0.0779713
0,0,0.0782161
0,0,0.0782612
0,0,0.0782659
0,0,0.078279
0,0,0.0783212
0,0,0.0783397
0,0,0.0784258
0,0,0.0785216
0,0,0.0786275
0,0,0.078636
0,0,0.0788174
0,0,0.0788955
0,0,0.07892
0,0,0.0789613
0,0,0.0791403
0,0,0.0792409
0,0,0.0793077
0,0,0.0793401
0,0,0.0793486
0,0,0.0795026
0,0,0.0796631
0,0,0.0796944
0,0,0.0797094
0,0,0.0797156
0,0,0.0797184
0,0,0.0797755
0,0,0.0798177
0,0,0.0798598
0,0,0.0799452
0,0,0.0800075
0,0,0.0800086
0,0,0.0800673
0,0,0.0800769
0,0,0.0800791
0,0,0.0801279
0,0,0.0802125
0,0,0.0804346
0,0,0.0804692
0,0,0.0804746
0,0,0.0805899
0,0,0.0806074
0,0,0.0806618
0,0,0.0809342
0,0,0.0809358
0,0,0.0810036
0,0,0.0810114
0,0,0.0810452
0,0,0.0812726
0,0,0.0813975
0,0,0.0814066
0,0,0.0814483
0,0,0.0815003
0,0,0.0815042
0,0,0.0817156
0,0,0.0819386
0,0,0.0819585
0,0,0.0824024
0,0,0.0824104
0,0,0.082492
0,0,0.0825427
0,0,0.0825751
0,0,0.0826386
0,0,0.0826837
0,0,0.0827053
0,0,0.0827581
0,0,0.0829507
0,0,0.0829845
0,0,0.0830825
0,0,0.0830902
0,0,0.0831393
0,0,0.0831716
0,0,0.0832026
0,0,0.0833233
0,0,0.0834174
0,0,0.0834999
0,0,0.0835088
0,0,0.0837048
0,0,0.0837139
0,0,0.083805
0,0,0.0839989
0,0,0.0841
0,0,0.0841237
0,0,0.0842103
0,0,0.0842306
0,0,0.0842551
0,0,0.0843727
0,0,0.0843785
0,0,0.0844015
0,0,0.0844267
0,0,0.0844273
0,0,0.0844762
0,0,0.0844847
0,0,0.0845208
0,0,0.0846325
0,0,0.0846714
0,0,0.084783
0,0,0.0848621
0,0,0.0852526
0,0,0.0853086
0,0,0.0853431
0,0,0.085381
0,0,0.0855172
0,0,0.0856562
0,0,0.0857469
0,0,0.0857757
0,0,0.0859646
0,0,0.0861137
0,0,0.0861656
0,0,0.0861735
0,0,0.0862574
0,0,0.0863482
0,0,0.0864601
0,0,0.0865435
0,0,0.0866446
0,0,0.086898
0,0,0.0869091
0,0,0.0869778
0,0,0.0870279
0,0,0.0871139
0,0,0.0871769
0,0,0.0871899
0,0,0.0872679
0,0,0.0873016
0,0,0.0874036
0,0,0.0874673
0,0,0.0877165
0,0,0.0877641
0,0,0.0878054
0,0,0.0879001
0,0,0.0880005
0,0,0.0880716
0,0,0.0881116
0,0,0.0881932
0,0,0.0883405
0,0,0.088485
0,0,0.0885053
0,0,0.0885233
0,0,0.0885863
0,0,0.0885976
0,0,0.0888039
0,0,0.08881
0,0,0.0889789
0,0,0.0891513
0,0,0.0891905
0,0,0.0893047
0,0,0.0893491
0,0,0.089352
0,0,0.0893654
0,0,0.0895756
0,0,0.0895959
0,0,0.0897366
0,0,0.0897822
0,0,0.0897987
0,0,0.0898153
0,0,0.0899274
0,0,0.0900552
0,0,0.0901512
0,0,0.0901692
0,0,0.0902049
0,0,0.0902504
0,0,0.0903027
0,0,0.0905572
0,0,0.0905665
0,0,0.0906482
0,0,0.0909254
0,0,0.0909861
0,0,0.0911022
0,0,0.0911753
0,0,0.0911846
0,0,0.0912507
0,0,0.0913344
0,0,0.0913547
0,0,0.0914081
0,0,0.091423
0,0,0.0914313
0,0,0.0914439
0,0,0.091524
0,0,0.0915425
0,0,0.0915842
0,0,0.0916321
0,0,0.091681
0,0,0.0917721
0,0,0.0919944
0,0,0.0920344
0,0,0.0920892
0,0,0.092178
0,0,0.0922513
0,0,0.092417
0,0,0.0924828
0,0,0.0924872
0,0,0.0926389
0,0,0.0927884
0,0,0.0927998
0,0,0.0930941
0,0,0.0932576
0,0,0.0935434
0,0,0.0936902
0,0,0.0937243
0,0,0.093845
0,0,0.0938461
0,0,0.0938941
0,0,0.0941042
0,0,0.0942426
0,0,0.094488
0,0,0.0945212
0,0,0.0946579
0,0,0.0946837
0,0,0.0948068
0,0,0.0948207
0,0,0.0948339
0,0,0.0949003
0,0,0.0950932
0,0,0.095115
0,0,0.0952642
0,0,0.0954544
0,0,0.0955713
0,0,0.0956089
0,0,0.0957072
0,0,0.0957557
0,0,0.0957783
0,0,0.0958319
0,0,0.0959151
0,0,0.0959778
0,0,0.0960744
0,0,0.0961297
0,0,0.0961733
0,0,0.0964683
0,0,0.0965284
0,0,0.0965441
0,0,0.0966775
0,0,0.0967347
0,0,0.0968031
0,0,0.096826
0,0,0.0969489
0,0,0.0969642
0,0,0.0969962
0,0,0.0970521
0,0,0.0970869
0,0,0.0971289
0,0,0.0972918
0,0,0.0973524
0,0,0.0974946
0,0,0.097617
0,0,0.0976364
0,0,0.0977803
0,0,0.0978418
0,0,0.0978575
0,0,0.0979263
0,0,0.0980141
0,0,0.0980779
0,0,0.0981247
0,0,0.0984362
0,0,0.0987286
0,0,0.098751
0,0,0.0987739
0,0,0.098794
0,0,0.0988142
0,0,0.0988149
0,0,0.0989734
0,0,0.0990539
0,0,0.0990604
0,0,0.0992202
0,0,0.0992519
0,0,0.099369
0,0,0.0995253
0,0,0.099528
0,0,0.0995581
0,0,0.0996448
0,0,0.0997983
0,0,0.099882
0,0,0.0998905
0,0,0.0998968
0,0,0.100226
0,0,0.100228
0,0,0.100271
0,0,0.100576
0,0,0.100683
0,0,0.100796
0,0,0.100881
0,0,0.101057
0,0,0.101062
0,0,0.101321
0,0,0.101345
0,0,0.10155
0,0,0.101604
0,0,0.101628
0,0,0.101707
0,0,0.101833
0,0,0.102042
0,0,0.102089
0,0,0.102189
0,0,0.102268
0,0,0.102306
0,0,0.102347
0,0,0.10237
0,0,0.102683
0,0,0.102965
0,0,0.103083
0,0,0.103395
0,0,0.10343
0,0,0.103445
0,0,0.103971
0,0,0.104172
0,0,0.104246
0,0,0.104353
0,0,0.104421
0,0,0.104502
0,0,0.104604
0,0,0.10478
0,0,0.104788
0,0,0.104891
0,0,0.104998
0,0,0.105034
0,0,0.105503
0,0,0.105538
0,0,0.105744
0,0,0.105781
0,0,0.105872
0,0,0.105892
0,0,0.105902
0,0,0.105925
0,0,0.105963
0,0,0.106117
0,0,0.106284
0,0,0.106488
0,0,0.106593
0,0,0.106594
0,0,0.106681
0,0,0.106721
0,0,0.106887
0,0,0.106931
0,0,0.107008
0,0,0.107063
0,0,0.107162
0,0,0.10721
0,0,0.107697
0,0,0.107783
0,0,0.107818
0,0,0.107913
0,0,0.108076
0,0,0.108192
0,0,0.108198
0,0,0.108416
0,0,0.108593
0,0,0.108622
0,0,0.108648
0,0,0.108664
0,0,0.108945
0,0,0.109004
0,0,0.109108
0,0,0.109263
0,0,0.109302
0,0,0.109358
0,0,0.109452
0,0,0.109462
0,0,0.109476
0,0,0.109519
0,0,0.109672
0,0,0.10976
0,0,0.109877
0,0,0.11008
0,0,0.11021
0,0,0.110451
0,0,0.110503
0,0,0.110593
0,0,0.110678
0,0,0.110688
0,0,0.1108
0,0,0.110965
0,0,0.110975
0,0,0.111006
0,0,0.111133
0,0,0.111595
0,0,0.111766
0,0,0.111799
0,0,0.111802
0,0,0.112103
0,0,0.112197
0,0,0.112201
0,0,0.112202
0,0,0.112209
0,0,0.112256
0,0,0.112277
0,0,0.112346
0,0,0.112355
0,0,0.112574
0,0,0.112769
0,0,0.112838
0,0,0.113167
0,0,0.113506
0,0,0.113746
0,0,0.113756
0,0,0.113863
0,0,0.113866
0,0,0.113971
0,0,0.113979
0,0,0.114016
0,0,0.114065
0,0,0.114335
0,0,0.114771
0,0,0.114929
0,0,0.115155
0,0,0.115242
0,0,0.115313
0,0,0.11533
0,0,0.115397
0,0,0.115398
0,0,0.115463
0,0,0.115643
0,0,0.115713
0,0,0.115776
0,0,0.115896
0,0,0.116096
0,0,0.116167
0,0,0.116181
0,0,0.116299
0,0,0.116326
0,0,0.116417
0,0,0.116522
0,0,0.116537
0,0,0.116851
0,0,0.117041
0,0,0.117253
0,0,0.117307
0,0,0.117308
0,0,0.117376
0,0,0.117427
0,0,0.117487
0,0,0.117524
0,0,0.117575
0,0,0.117761
0,0,0.117804
0,0,0.117857
0,0,0.117899
0,0,0.117933
0,0,0.118213
0,0,0.118332
0,0,0.118425
0,0,0.118598
0,0,0.118656
0,0,0.118749
0,0,0.119143
0,0,0.119185
0,0,0.119284
0,0,0.119341
0,0,0.119614
0,0,0.119767
0,0,0.119972
0,0,0.120069
0,0,0.120082
0,0,0.120133
0,0,0.12034
0,0,0.120406
0,0,0.120503
0,0,0.120651
0,0,0.12072
0,0,0.12082
0,0,0.12097
0,0,0.121244
0,0,0.121274
0,0,0.121296
0,0,0.121342
0,0,0.121468
0,0,0.121556
0,0,0.121712
0,0,0.121961
0,0,0.122269
0,0,0.122476
0,0,0.122501
0,0,0.122633
0,0,0.122638
0,0,0.122669
0,0,0.122989
0,0,0.123479
0,0,0.123521
0,0,0.123541
0,0,0.123702
0,0,0.123906
0,0,0.124623
0,0,0.12471
0,0,0.124733
0,0,0.12517
0,0,0.125379
0,0,0.125417
0,0,0.125455
0,0,0.125515
0,0,0.125595
0,0,0.125657
0,0,0.125781
0,0,0.125807
0,0,0.12583
0,0,0.126147
0,0,0.126412
0,0,0.126553
0,0,0.126638
0,0,0.126898
0,0,0.127004
0,0,0.127028
0,0,0.127034
0,0,0.127151
0,0,0.127448
0,0,0.127448
0,0,0.127632
0,0,0.127638
0,0,0.127642
0,0,0.127671
0,0,0.1278
0,0,0.127817
0,0,0.127921
0,0,0.128068
0,0,0.12816
0,0,0.128271
0,0,0.128294
0,0,0.128348
0,0,0.128414
0,0,0.128416
0,0,0.128475
0,0,0.128641
0,0,0.128781
0,0,0.129051
0,0,0.129086
0,0,0.129256
0,0,0.129351
0,0,0.129377
0,0,0.129733
0,0,0.129867
0,0,0.129873
0,0,0.129951
0,0,0.130079
0,0,0.130476
0,0,0.130542
0,0,0.130602
0,0,0.130635
0,0,0.130641
0,0,0.130706
0,0,0.130843
0,0,0.131079
0,0,0.131092
0,0,0.131337
0,0,0.131366
0,0,0.131746
0,0,0.131894
0,0,0.132088
0,0,0.132095
0,0,0.132334
0,0,0.132405
0,0,0.132463
0,0,0.13254
0,0,0.132694
0,0,0.132723
0,0,0.132918
0,0,0.132978
0,0,0.133019
0,0,0.133074
0,0,0.133127
0,0,0.133277
0,0,0.13341
0,0,0.133524
0,0,0.1336
0,0,0.133623
0,0,0.13363
0,0,0.133676
0,0,0.134083
0,0,0.134235
0,0,0.134291
0,0,0.134503
0,0,0.134612
0,0,0.134704
0,0,0.134777
0,0,0.134878
0,0,0.13488
0,0,0.134886
0,0,0.135479
0,0,0.135482
0,0,0.135536
0,0,0.135547
0,0,0.135798
0,0,0.136039
0,0,0.13651
0,0,0.136603
0,0,0.136662
0,0,0.136682
0,0,0.136844
0,0,0.13685
0,0,0.137205
0,0,0.13735
0,0,0.137529
0,0,0.137599
0,0,0.138002
0,0,0.138581
0,0,0.13876
0,0,0.138784
0,0,0.138822
0,0,0.138958
0,0,0.139049
0,0,0.139135
0,0,0.139162
0,0,0.139197
0,0,0.139266
0,0,0.139351
0,0,0.139614
0,0,0.139784
0,0,0.140242
0,0,0.140444
0,0,0.140469
0,0,0.140527
0,0,0.140668
0,0,0.140911
0,0,0.141024
0,0,0.14104
0,0,0.141082
0,0,0.141237
0,0,0.141323
0,0,0.141725
0,0,0.14182
0,0,0.141886
0,0,0.141987
0,0,0.142091
0,0,0.142266
0,0,0.142671
0,0,0.142965
0,0,0.143212
0,0,0.14351
0,0,0.143523
0,0,0.144844
0,0,0.14523
0,0,0.145326
0,0,0.145643
0,0,0.145845
0,0,0.146399
0,0,0.146611
0,0,0.146614
0,0,0.146683
0,0,0.146838
0,0,0.146907
0,0,0.147275
0,0,0.147303
0,0,0.147335
0,0,0.148187
0,0,0.148236
0,0,0.148441
0,0,0.148443
0,0,0.148591
0,0,0.148621
0,0,0.148705
0,0,0.148799
0,0,0.148847
0,0,0.148868
0,0,0.148981
0,0,0.14954
0,0,0.149634
0,0,0.149772
0,0,0.150148
0,0,0.15031
0,0,0.150978
0,0,0.151466
0,0,0.151629
0,0,0.15183
0,0,0.151909
0,0,0.152153
0,0,0.152237
0,0,0.152264
0,0,0.152468
0,0,0.152498
0,0,0.15278
0,0,0.152963
0,0,0.15304
0,0,0.153048
0,0,0.153272
0,0,0.153348
0,0,0.153568
0,0,0.153577
0,0,0.153834
0,0,0.153994
0,0,0.15401
0,0,0.15402
0,0,0.154083
0,0,0.154148
0,0,0.154223
0,0,0.15423
0,0,0.154233
0,0,0.154729
0,0,0.15492
0,0,0.155178
0,0,0.155312
0,0,0.155741
0,0,0.155832
0,0,0.155841
0,0,0.156244
0,0,0.156479
0,0,0.15655
0,0,0.156722
0,0,0.157009
0,0,0.157256
0,0,0.157351
0,0,0.157428
0,0,0.157575
0,0,0.157648
0,0,0.157862
0,0,0.158121
0,0,0.158204
0,0,0.158249
0,0,0.158392
0,0,0.158416
0,0,0.158872
0,0,0.158909
0,0,0.158913
0,0,0.159134
0,0,0.159253
0,0,0.159392
0,0,0.159812
0,0,0.160048
0,0,0.160669
0,0,0.160687
0,0,0.160837
0,0,0.160889
0,0,0.161058
0,0,0.16117
0,0,0.161195
0,0,0.161202
0,0,0.161229
0,0,0.161289
0,0,0.161323
0,0,0.161525
0,0,0.16154
0,0,0.161759
0,0,0.161809
0,0,0.162003
0,0,0.162039
0,0,0.162212
0,0,0.162411
0,0,0.162427
0,0,0.162472
0,0,0.162716
0,0,0.162782
0,0,0.162873
0,0,0.162919
0,0,0.163043
0,0,0.163224
0,0,0.163424
0,0,0.164138
0,0,0.164389
0,0,0.164511
0,0,0.164899
0,0,0.165132
0,0,0.165165
0,0,0.165291
0,0,0.165519
0,0,0.16589
0,0,0.165973
0,0,0.166011
0,0,0.166416
0,0,0.167095
0,0,0.167162
0,0,0.167268
0,0,0.167606
0,0,0.167945
0,0,0.168092
0,0,0.168417
0,0,0.168529
0,0,0.168689
0,0,0.168721
0,0,0.168881
0,0,0.16892
0,0,0.169005
0,0,0.170056
0,0,0.170139
0,0,0.17034
0,0,0.170399
0,0,0.170458
0,0,0.170608
0,0,0.170699
0,0,0.170763
0,0,0.170878
0,0,0.171404
0,0,0.171656
0,0,0.172502
0,0,0.172704
0,0,0.172794
0,0,0.173138
0,0,0.173176
0,0,0.174122
0,0,0.174522
0,0,0.174854
0,0,0.174984
0,0,0.175387
0,0,0.175406
0,0,0.175654
0,0,0.175732
0,0,0.176074
0,0,0.176097
0,0,0.17626
0,0,0.176421
0,0,0.176754
0,0,0.177309
0,0,0.177897
0,0,0.178077
0,0,0.178093
0,0,0.178497
0,0,0.178604
0,0,0.179462
0,0,0.179472
0,0,0.180197
0,0,0.180248
0,0,0.180494
0,0,0.18084
0,0,0.180994
0,0,0.18114
0,0,0.181317
0,0,0.181631
0,0,0.181793
0,0,0.181973
0,0,0.181992
0,0,0.182416
0,0,0.182462
0,0,0.18251
0,0,0.182639
0,0,0.182746
0,0,0.182874
0,0,0.183593
0,0,0.183599
0,0,0.183664
0,0,0.18372
0,0,0.183744
0,0,0.184466
0,0,0.185336
0,0,0.185503
0,0,0.185776
0,0,0.186161
0,0,0.186296
0,0,0.186419
0,0,0.186574
0,0,0.186626
0,0,0.186897
0,0,0.186959
0,0,0.187187
0,0,0.187228
0,0,0.187608
0,0,0.187736
0,0,0.18829
0,0,0.188308
0,0,0.188516
0,0,0.188555
0,0,0.189084
0,0,0.189522
0,0,0.190003
0,0,0.190041
0,0,0.190053
0,0,0.190301
0,0,0.191163
0,0,0.191263
0,0,0.191553
0,0,0.191818
0,0,0.192285
0,0,0.192313
0,0,0.192388
0,0,0.192422
0,0,0.192528
0,0,0.193127
0,0,0.193225
0,0,0.193238
0,0,0.193358
0,0,0.193408
0,0,0.193473
0,0,0.194099
0,0,0.194158
0,0,0.194185
0,0,0.19421
0,0,0.194843
0,0,0.194995
0,0,0.195872
0,0,0.19616
0,0,0.196493
0,0,0.196652
0,0,0.196657
0,0,0.196839
0,0,0.196859
0,0,0.197357
0,0,0.197481
0,0,0.197752
0,0,0.197986
0,0,0.198064
0,0,0.19881
0,0,0.198976
0,0,0.199312
0,0,0.199772
0,0,0.199825
0,0,0.200105
0,0,0.200362
0,0,0.201014
0,0,0.201093
0,0,0.201227
0,0,0.201403
0,0,0.201631
0,0,0.201992
0,0,0.202089
0,0,0.202304
0,0,0.202382
0,0,0.202866
0,0,0.203063
0,0,0.203288
0,0,0.20342
0,0,0.203497
0,0,0.203723
0,0,0.203946
0,0,0.204333
0,0,0.204348
0,0,0.204514
0,0,0.204835
0,0,0.204892
0,0,0.204903
0,0,0.205021
0,0,0.205301
0,0,0.205441
0,0,0.205601
0,0,0.205759
0,0,0.205965
0,0,0.206936
0,0,0.207117
0,0,0.207408
0,0,0.207578
0,0,0.20813
0,0,0.208555
0,0,0.208685
0,0,0.209003
0,0,0.209623
0,0,0.209878
0,0,0.209934
0,0,0.210323
0,0,0.210492
0,0,0.211085
0,0,0.211116
0,0,0.211376
0,0,0.211382
0,0,0.211799
0,0,0.21222
0,0,0.212411
0,0,0.212674
0,0,0.212695
0,0,0.212878
0,0,0.21292
0,0,0.213035
0,0,0.213353
0,0,0.213469
0,0,0.2141
0,0,0.214144
0,0,0.214908
0,0,0.214933
0,0,0.215125
0,0,0.215183
0,0,0.215463
0,0,0.216458
0,0,0.217011
0,0,0.217168
0,0,0.21789
0,0,0.21809
0,0,0.218328
0,0,0.218551
0,0,0.218971
0,0,0.219476
0,0,0.219628
0,0,0.219686
0,0,0.219888
0,0,0.219955
0,0,0.220064
0,0,0.220113
0,0,0.220877
0,0,0.221171
0,0,0.221326
0,0,0.221873
0,0,0.222004
0,0,0.22205
0,0,0.222451
0,0,0.222465
0,0,0.22255
0,0,0.222607
0,0,0.222852
0,0,0.223094
0,0,0.22339
0,0,0.223696
0,0,0.223874
0,0,0.224131
0,0,0.224415
0,0,0.225404
0,0,0.225737
0,0,0.225854
0,0,0.225915
0,0,0.225956
0,0,0.226098
0,0,0.226276
0,0,0.226398
0,0,0.226486
0,0,0.226948
0,0,0.227132
0,0,0.22725
0,0,0.22794
0,0,0.228075
0,0,0.228181
0,0,0.228431
0,0,0.228768
0,0,0.228888
0,0,0.229369
0,0,0.229444
0,0,0.229925
0,0,0.230182
0,0,0.230395
0,0,0.230526
0,0,0.230998
0,0,0.231116
0,0,0.231431
0,0,0.231733
0,0,0.231928
0,0,0.231974
0,0,0.231979
0,0,0.232521
0,0,0.232923
0,0,0.233217
0,0,0.23497
0,0,0.234972
0,0,0.23526
0,0,0.235704
0,0,0.236281
0,0,0.236336
0,0,0.236741
0,0,0.23756
0,0,0.237711
0,0,0.239875
0,0,0.24004
0,0,0.240442
0,0,0.240621
0,0,0.240656
0,0,0.240712
0,0,0.240888
0,0,0.241456
0,0,0.241492
0,0,0.241562
0,0,0.242382
0,0,0.244037
0,0,0.244396
0,0,0.244531
0,0,0.244569
0,0,0.244801
0,0,0.244982
0,0,0.245273
0,0,0.246096
0,0,0.246243
0,0,0.246725
0,0,0.246895
0,0,0.247697
0,0,0.248123
0,0,0.248651
0,0,0.248834
0,0,0.249085
0,0,0.249827
0,0,0.250367
0,0,0.250931
0,0,0.251278
0,0,0.251373
0,0,0.251397
0,0,0.25247
0,0,0.252785
0,0,0.253249
0,0,0.253702
0,0,0.253912
0,0,0.254131
0,0,0.254519
0,0,0.25536
0,0,0.256082
0,0,0.256303
0,0,0.256445
0,0,0.256671
0,0,0.257019
0,0,0.257124
0,0,0.257856
0,0,0.257967
0,0,0.25844
0,0,0.258448
0,0,0.258564
0,0,0.259772
0,0,0.259808
0,0,0.260085
0,0,0.260532
0,0,0.260837
0,0,0.263148
0,0,0.263435
0,0,0.264672
0,0,0.265357
0,0,0.266051
0,0,0.26627
0,0,0.266611
0,0,0.267769
0,0,0.269053
0,0,0.269377
0,0,0.270179
0,0,0.271245
0,0,0.273091
0,0,0.273557
0,0,0.274276
0,0,0.274365
0,0,0.274443
0,0,0.274603
0,0,0.27518
0,0,0.27587
0,0,0.276667
0,0,0.277114
0,0,0.277377
0,0,0.277759
0,0,0.278953
0,0,0.278983
0,0,0.279151
0,0,0.279827
0,0,0.280225
0,0,0.282351
0,0,0.284972
0,0,0.285329
0,0,0.285551
0,0,0.286188
0,0,0.286333
0,0,0.28657
0,0,0.287312
0,0,0.288171
0,0,0.288671
0,0,0.288707
0,0,0.289143
0,0,0.289634
0,0,0.290183
0,0,0.291107
0,0,0.291401
0,0,0.291689
0,0,0.292556
0,0,0.292686
0,0,0.293166
0,0,0.293918
0,0,0.294604
0,0,0.294753
0,0,0.295466
0,0,0.296425
0,0,0.297224
0,0,0.298096
0,0,0.298623
0,0,0.298707
0,0,0.299002
0,0,0.29978
0,0,0.299794
0,0,0.299925
0,0,0.300631
0,0,0.300806
0,0,0.301601
0,0,0.30241
0,0,0.303304
0,0,0.303536
0,0,0.304046
0,0,0.305265
0,0,0.305273
0,0,0.30553
0,0,0.306015
0,0,0.306307
0,0,0.306809
0,0,0.307697
0,0,0.309483
0,0,0.309741
0,0,0.311622
0,0,0.31167
0,0,0.312361
0,0,0.312885
0,0,0.313403
0,0,0.313494
0,0,0.313679
0,0,0.314866
0,0,0.31691
0,0,0.317362
0,0,0.317796
0,0,0.318029
0,0,0.318211
0,0,0.318467
0,0,0.318748
0,0,0.318756
0,0,0.319215
0,0,0.320108
0,0,0.320771
0,0,0.321681
0,0,0.321978
0,0,0.322169
0,0,0.322968
0,0,0.323236
0,0,0.323329
0,0,0.324132
0,0,0.324529
0,0,0.325072
0,0,0.325711
0,0,0.32684
0,0,0.326856
0,0,0.330298
0,0,0.330965
0,0,0.331287
0,0,0.33284
0,0,0.33346
0,0,0.335658
0,0,0.336101
0,0,0.337375
0,0,0.33803
0,0,0.338737
0,0,0.339377
0,0,0.341144
0,0,0.343197
0,0,0.343363
0,0,0.344616
0,0,0.346546
0,0,0.347507
0,0,0.348157
0,0,0.350143
0,0,0.351704
0,0,0.356566
0,0,0.356683
0,0,0.356747
0,0,0.358698
0,0,0.359133
0,0,0.359144
0,0,0.362417
0,0,0.362589
0,0,0.365287
0,0,0.367261
0,0,0.368622
0,0,0.369144
0,0,0.371195
0,0,0.371286
0,0,0.373255
0,0,0.373533
0,0,0.374952
0,0,0.375117
0,0,0.375273
0,0,0.375897
0,0,0.376088
0,0,0.378617
0,0,0.378941
0,0,0.380201
0,0,0.382649
0,0,0.38326
0,0,0.383936
0,0,0.384548
0,0,0.384829
0,0,0.387648
0,0,0.392689
0,0,0.393906
0,0,0.394052
0,0,0.396645
0,0,0.397972
0,0,0.39842
0,0,0.398601
0,0,0.400196
0,0,0.401645
0,0,0.403923
0,0,0.404408
0,0,0.405279
0,0,0.407479
0,0,0.412679
0,0,0.415526
0,0,0.418019
0,0,0.419434
0,0,0.421301
0,0,0.424158
0,0,0.425422
0,0,0.430356
0,0,0.434482
0,0,0.434483
0,0,0.434947
0,0,0.436095
0,0,0.440154
0,0,0.452411
0,0,0.463168
0,0,0.463826
0,0,0.463985
0,0,0.471196
0,0,0.476349
0,0,0.484421
0,0,0.486475
0,0,0.489837
0,0,0.490536
0,0,0.500217
0,0,0.505362
0,0,0.517708
0,0,0.524825
0,0,0.531977
0,0,0.551359
0,0,0.553727
0,0,0.578504
0,0,0.580065
0,0,0.598001
0,0,0.599513
0,0,0.639921
0,0,0.643543
0,0,0.647273
0,0,0.664002
0,0,0.669208
0,0,0.677773
0,0,0.67821
0,0,0.707479
0,0,0.707576
0,0,0.716309
0,0,0.732096
0,0,0.742213
0,0,0.803044
0,0,1.02027
0,0,1.10544
0,0,3
1,1.47825,1.50395
1,1.20059,1.28711
1,1.12753,1.16528
1,1.0826,1.1386
1,0.86667,0.879918
1,0.866379,0.934145
1,0.853635,0.9265
1,0.838649,0.897696
1,0.806429,0.915471
1,0.802274,0.847918
1,0.797817,0.966778
1,0.797483,1.14042
1,0.79011,0.796175
1,0.787266,0.847086
1,0.78587,1.0372
1,0.779278,0.854988
1,0.766658,1.0414
1,0.754224,0.84254
1,0.753384,0.811379
1,0.748702,1.05148
1,0.746939,0.869089
1,0.743951,0.778296
1,0.737811,0.830353
1,0.734502,1.04966
1,0.720216,0.950612
1,0.703498,0.704741
1,0.701014,1.06495
1,0.699766,0.759622
1,0.696745,0.714145
1,0.695472,0.70158
1,0.691029,0.699679
1,0.672484,0.698119
1,0.667348,0.672925
1,0.659639,0.662006
1,0.654195,1.01035
1,0.644375,0.681722
1,0.637267,0.78171
1,0.629841,0.673217
1,0.62633,0.658321
1,0.617835,0.66908
1,0.609782,1.06034
1,0.60949,0.673217
1,0.602367,0.690254
1,0.595303,0.633436
1,0.594677,0.634867
1,0.588867,0.6659
1,0.576618,0.637169
1,0.569393,0.616925
1,0.567703,0.698842
1,0.558637,0.565285
1,0.558124,0.644211
1,0.556454,0.597849
1,0.547092,0.616224
1,0.544796,0.578718
1,0.542667,0.587656
1,0.540308,0.721584
1,0.540229,1.18731
1,0.539165,0.624177
1,0.536889,0.542813
1,0.53177,0.551141
1,0.525554,0.592849
1,0.523495,0.67206
1,0.518257,0.525972
1,0.514016,0.580727
1,0.504057,0.552398
1,0.500569,0.535733
1,0.499755,0.847709
1,0.496796,0.49953
1,0.486079,1.26616
1,0.481703,0.632559
1,0.479604,0.479728
1,0.47198,0.481222
1,0.471061,0.558609
1,0.470974,1.17545
1,0.468453,0.491074
1,0.466248,0.485441
1,0.464352,0.657325
1,0.463875,0.491702
1,0.46245,0.537896
1,0.459207,0.481973
1,0.456725,0.476655
1,0.45568,0.530293
1,0.45345,0.673458
1,0.453366,0.486287
1,0.451547,0.591348
1,0.450949,0.457542
1,0.444705,0.64916
1,0.441037,0.444731
1,0.440153,0.547466
1,0.437768,0.518151
1,0.43776,0.460921
1,0.437601,0.448501
1,0.436703,0.530791
1,0.432565,0.531823
1,0.432279,0.491931
1,0.431867,0.473422
1,0.431438,0.44623
1,0.426107,0.442138
1,0.425558,0.437275
1,0.425361,0.430784
1,0.423283,0.470813
1,0.423113,0.535904
1,0.419143,0.804565
1,0.415874,0.470192
1,0.411064,0.421118
1,0.406499,0.418545
1,0.406464,0.475984
1,0.404846,0.406663
1,0.404258,0.491971
1,0.402558,0.540004
1,0.401499,0.417379
1,0.40122,0.419781
1,0.399973,0.447138
1,0.396622,0.480917
1,0.39353,0.452495
1,0.393473,0.398586
1,0.39243,0.471417
1,0.389998,0.445614
1,0.389788,0.39658
1,0.387043,0.458444
1,0.387013,0.483707
1,0.386986,0.403632
1,0.386759,0.46928
1,0.386244,0.388459
1,0.384051,0.425449
1,0.383725,0.390292
1,0.383506,0.47491
1,0.381942,0.495597
1,0.381238,0.477462
1,0.37943,0.475619
1,0.379216,0.450902
1,0.378786,0.458498
1,0.378083,0.483203
1,0.377535,0.389299
1,0.375861,0.385177
1,0.371606,0.398593
1,0.371554,0.543748
1,0.371339,0.378241
1,0.370582,0.409002
1,0.369715,0.371155
1,0.368681,0.395944
1,0.367253,0.568023
1,0.365483,0.444379
1,0.365013,0.395759
1,0.363902,0.534224
1,0.36323,0.667504
1,0.362691,0.391507
1,0.360289,0.534064
1,0.359399,0.363511
1,0.358993,0.489046
1,0.357899,0.408854
1,0.357681,0.405943
1,0.355332,0.41358
1,0.354553,0.370846
1,0.354464,0.382974
1,0.35274,0.412021
1,0.352375,0.390562
1,0.351118,0.407533
1,0.349571,0.476781
1,0.348615,0.440411
1,0.347265,0.45288
1,0.346256,0.41222
1,0.34625,0.459914
1,0.344374,0.353414
1,0.344206,0.349232
1,0.343851,0.347725
1,0.342114,0.435072
1,0.341922,0.421667
1,0.34181,0.487894
1,0.341611,0.492944
1,0.341037,0.547773
1,0.339477,0.348966
1,0.339465,0.427473
1,0.339237,0.35731
1,0.338775,0.40886
1,0.338088,0.514284
1,0.338062,0.452958
1,0.336826,0.363655
1,0.335901,0.382119
1,0.335703,0.49471
1,0.335266,0.467799
1,0.331792,0.347166
1,0.331687,0.354342
1,0.331077,0.345234
1,0.330564,0.362741
1,0.325587,0.346075
1,0.325303,0.348835
1,0.324105,0.443722
1,0.320414,0.469068
1,0.320251,0.510366
1,0.319865,0.413694
1,0.316574,0.38448
1,0.316528,0.372308
1,0.315664,0.332871
1,0.31543,0.549002
1,0.315384,0.327771
1,0.313006,0.393589
1,0.312211,0.360611
1,0.311354,0.315691
1,0.309801,0.369337
1,0.30726,0.349453
1,0.304688,0.35675
1,0.304568,0.536235
1,0.303904,0.408416
1,0.303715,0.314422
1,0.302917,0.333372
1,0.302356,0.302758
1,0.301014,0.43531
1,0.300368,0.31201
1,0.299645,0.317792
1,0.299489,0.345254
1,0.29864,0.310762
1,0.296501,0.340693
1,0.295867,0.304018
1,0.294266,0.31748
1,0.292763,0.30786
1,0.291113,0.338858
1,0.290637,0.459544
1,0.290093,0.430261
1,0.289735,0.333712
1,0.289692,0.30063
1,0.289393,0.432019
1,0.288379,0.37275
1,0.285143,0.30256
1,0.284679,0.343064
1,0.283106,0.341152
1,0.282165,0.296632
1,0.28122,0.287386
1,0.279724,0.315495
1,0.279456,0.309914
1,0.279227,0.312223
1,0.279133,0.280428
1,0.278836,0.280033
1,0.278493,0.301603
1,0.278226,0.318501
1,0.277206,0.287168
1,0.276565,0.286654
1,0.276417,0.291587
1,0.276069,0.280706
1,0.272717,0.326249
1,0.272439,0.301188
1,0.27149,0.28908
1,0.271207,0.291078
1,0.268996,0.393316
1,0.268964,0.286894
1,0.266801,0.270576
1,0.266083,0.268876
1,0.266021,0.320736
1,0.265741,0.268515
1,0.265702,0.287524
1,0.265215,0.28942
1,0.26508,0.26571
1,0.264281,0.296485
1,0.263307,0.304659
1,0.263151,0.314115
1,0.26315,0.310204
1,0.262678,0.266262
1,0.262382,0.294539
1,0.261963,0.275783
1,0.260848,0.341415
1,0.259785,0.265317
1,0.259765,0.265348
1,0.259306,0.272815
1,0.259276,0.403298
1,0.258181,0.277942
1,0.256728,0.309807
1,0.256561,0.303074
1,0.255776,0.257439
1,0.255245,0.271395
1,0.254013,0.311503
1,0.253173,0.257721
1,0.252251,0.303978
1,0.252055,0.258081
1,0.251957,0.259254
1,0.251608,0.306214
1,0.250077,0.296046
1,0.249739,0.306947
1,0.245121,0.305317
1,0.244892,0.307771
1,0.244543,0.389433
1,0.242999,0.252986
1,0.242859,0.261891
1,0.241091,0.246538
1,0.240111,0.243506
1,0.239932,0.286121
1,0.239293,0.347166
1,0.239015,0.24255
1,0.238787,0.248286
1,0.23807,0.278164
1,0.236049,0.270271
1,0.235732,0.298219
1,0.23503,0.26221
1,0.235016,0.272103
1,0.234977,0.269132
1,0.23411,0.260513
1,0.231895,0.249825
1,0.231794,0.408842
1,0.230887,0.241666
1,0.230384,0.230822
1,0.230287,0.344901
1,0.230012,0.250531
1,0.229954,0.279943
1,0.227392,0.233588
1,0.226743,0.228458
1,0.225443,0.261799
1,0.225037,0.274583
1,0.224804,0.280466
1,0.22467,0.226504
1,0.223683,0.248267
1,0.223407,0.223808
1,0.222985,0.233793
1,0.222618,0.223389
1,0.222285,0.227177
1,0.220508,0.228519
1,0.220432,0.270381
1,0.220155,0.228311
1,0.219833,0.244267
1,0.219348,0.228544
1,0.217642,0.218947
1,0.216617,0.226032
1,0.216278,0.221055
1,0.215916,0.238183
1,0.215694,0.276188
1,0.214918,0.247484
1,0.214612,0.257742
1,0.214595,0.238339
1,0.214008,0.216169
1,0.213187,0.23995
1,0.213062,0.216781
1,0.21289,0.239001
1,0.212639,0.234397
1,0.212428,0.247876
1,0.212237,0.227177
1,0.211955,0.230454
1,0.211859,0.21296
1,0.211701,0.22946
1,0.211273,0.216676
1,0.210949,0.230803
1,0.210592,0.254605
1,0.209729,0.22814
1,0.20906,0.221733
1,0.208623,0.339224
1,0.208489,0.265923
1,0.20818,0.229336
1,0.20764,0.231707
1,0.20616,0.26553
1,0.20522,0.205509
1,0.205125,0.230159
1,0.204787,0.280176
1,0.204526,0.29275
1,0.204191,0.20595
1,0.203673,0.250586
1,0.203037,0.265065
1,0.202479,0.228964
1,0.200434,0.213922
1,0.199444,0.251962
1,0.198829,0.246668
1,0.19807,0.238152
1,0.19802,0.208391
1,0.197764,0.216102
1,0.197379,0.207728
1,0.197308,0.243704
1,0.197302,0.201707
1,0.197145,0.198774
1,0.196863,0.233269
1,0.193853,0.205496
1,0.193762,0.357886
1,0.192571,0.214042
1,0.191261,0.191459
1,0.18977,0.200007
1,0.187524,0.207601
1,0.186653,0.198404
1,0.186319,0.191378
1,0.186302,0.233469
1,0.185294,0.188704
1,0.183752,0.186566
1,0.183672,0.199173
1,0.18361,0.202302
1,0.183414,0.200619
1,0.182646,0.205948
1,0.181695,0.23894
1,0.181348,0.183795
1,0.180966,0.189267
1,0.180602,0.256065
1,0.180437,0.185929
1,0.178027,0.205513
1,0.177758,0.212264
1,0.177714,0.287511
1,0.177393,0.191451
1,0.177276,0.220597
1,0.176484,0.23895
1,0.176242,0.20294
1,0.175943,0.18156
1,0.175863,0.182542
1,0.174331,0.182002
1,0.173634,0.178217
1,0.17246,0.177721
1,0.172365,0.182465
1,0.172222,0.17303
1,0.170785,0.228829
1,0.16966,0.260955
1,0.16959,0.173894
1,0.168074,0.181755
1,0.167648,0.206972
1,0.167376,0.171256
1,0.164474,0.171504
1,0.16447,0.218335
1,0.164021,0.173778
1,0.163932,0.209158
1,0.163523,0.167293
1,0.162752,0.169933
1,0.161026,0.188345
1,0.160649,0.16372
1,0.160509,0.207232
1,0.160046,0.184605
1,0.159592,0.161071
1,0.15834,0.189327
1,0.158236,0.170336
1,0.158224,0.168961
1,0.158096,0.159844
1,0.157526,0.169796
1,0.157113,0.178491
1,0.155903,0.157209
1,0.154967,0.163963
1,0.154255,0.17063
1,0.153891,0.209987
1,0.153323,0.199279
1,0.152752,0.179163
1,0.152368,0.156408
1,0.151639,0.155634
1,0.150516,0.1835
1,0.150127,0.163791
1,0.149537,0.159825
1,0.149119,0.149545
1,0.148237,0.151677
1,0.148163,0.193643
1,0.147957,0.156792
1,0.147713,0.227529
1,0.147055,0.16702
1,0.146943,0.164275
1,0.146777,0.153634
1,0.146693,0.157489
1,0.146342,0.170837
1,0.14606,0.185671
1,0.145582,0.218368
1,0.144175,0.190928
1,0.143311,0.155725
1,0.142207,0.146044
1,0.142127,0.145829
1,0.141932,0.165684
1,0.140939,0.143352
1,0.140722,0.158076
1,0.140584,0.142436
1,0.140134,0.258821
1,0.139756,0.176115
1,0.139513,0.169872
1,0.139112,0.155913
1,0.138602,0.154544
1,0.138451,0.166999
1,0.138424,0.139679
1,0.137059,0.174689
1,0.136985,0.149324
1,0.136406,0.141302
1,0.136195,0.140211
1,0.136162,0.149477
1,0.135743,0.148714
1,0.135547,0.151337
1,0.135166,0.14464
1,0.135063,0.163996
1,0.134525,0.151593
1,0.133232,0.133485
1,0.13307,0.135362
1,0.132945,0.139462
1,0.132088,0.143582
1,0.131644,0.152027
1,0.130808,0.163139
1,0.130304,0.137673
1,0.129994,0.145689
1,0.129819,0.132404
1,0.129013,0.149525
1,0.127877,0.136625
1,0.127462,0.140479
1,0.127456,0.128836
1,0.126823,0.157948
1,0.125536,0.139935
1,0.125403,0.125995
1,0.125367,0.133344
1,0.125332,0.128494
1,0.124857,0.136996
1,0.124699,0.133783
1,0.124154,0.156627
1,0.124074,0.155348
1,0.123868,0.144102
1,0.123702,0.147648
1,0.123205,0.196131
1,0.123145,0.124873
1,0.122532,0.143645
1,0.122472,0.122743
1,0.12231,0.133935
1,0.122182,0.13702
1,0.122114,0.14581
1,0.122066,0.167729
1,0.121452,0.13079
1,0.121302,0.130711
1,0.12071,0.121621
1,0.120475,0.145175
1,0.120112,0.152646
1,0.119756,0.128254
1,0.119469,0.160167
1,0.118649,0.12325
1,0.118428,0.132579
1,0.118293,0.154725
1,0.117823,0.118112
1,0.117612,0.127499
1,0.11627,0.11724
1,0.115928,0.161615
1,0.115769,0.13865
1,0.115628,0.151566
1,0.115269,0.129161
1,0.115065,0.133526
1,0.114869,0.133107
1,0.114792,0.119296
1,0.114636,0.122303
1,0.114353,0.14159
1,0.114307,0.117809
1,0.114058,0.160886
1,0.113361,0.118821
1,0.113108,0.114058
1,0.112405,0.148594
1,0.112036,0.141651
1,0.111521,0.162496
1,0.111418,0.115152
1,0.110857,0.138744
1,0.110731,0.11828
1,0.110411,0.125247
1,0.108687,0.113302
1,0.108299,0.133085
1,0.108023,0.10894
1,0.107926,0.10871
1,0.107638,0.113419
1,0.107484,0.119085
1,0.107266,0.10995
1,0.106669,0.108847
1,0.106441,0.135711
1,0.106302,0.142165
1,0.106093,0.142523
1,0.105773,0.148209
1,0.105476,0.115454
1,0.105401,0.130199
1,0.1048,0.108948
1,0.104775,0.106429
1,0.104563,0.107567
1,0.104142,0.107444
1,0.104067,0.106347
1,0.10395,0.107509
1,0.10364,0.105949
1,0.103436,0.126419
1,0.103216,0.108933
1,0.102855,0.147686
1,0.101937,0.128553
1,0.101868,0.12805
1,0.101696,0.113977
1,0.101523,0.147865
1,0.100971,0.12649
1,0.100907,0.101592
1,0.100752,0.122045
1,0.100587,0.143349
1,0.1005,0.106078
1,0.100465,0.106698
1,0.100053,0.107289
1,0.0998309,0.103674
1,0.0997796,0.102364
1,0.0994212,0.101638
1,0.099023,0.105465
1,0.0987835,0.104348
1,0.0986594,0.106979
1,0.0986501,0.130958
1,0.0983291,0.101174
1,0.0980206,0.0986683
1,0.0979685,0.134681
1,0.097964,0.104823
1,0.0969886,0.117273
1,0.0965378,0.0996772
1,0.0964798,0.104263
1,0.0963146,0.113829
1,0.0962811,0.139082
1,0.0960328,0.10614
1,0.0957697,0.103834
1,0.0956713,0.102642
1,0.0953338,0.13247
1,0.0950717,0.115431
1,0.0947283,0.115167
1,0.0947095,0.101956
1,0.094065,0.119924
1,0.0939972,0.102011
1,0.0937921,0.103005
1,0.0936448,0.0959019
1,0.0928412,0.098768
1,0.0926353,0.106877
1,0.0923256,0.106301
1,0.0923129,0.106129
1,0.0918822,0.102333
1,0.0917322,0.108583
1,0.0916004,0.098671
1,0.091594,0.104447
1,0.0915339,0.114589
1,0.090932,0.105612
1,0.0897809,0.0915478
1,0.0897421,0.0980069
1,0.0892684,0.0930997
1,0.0880642,0.0952477
1,0.087591,0.0883237
1,0.0869865,0.101298
1,0.0860098,0.0875629
1,0.085518,0.086761
1,0.0852037,0.0862386
1,0.0849056,0.105948
1,0.0844843,0.0894909
1,0.0843627,0.0948871
1,0.084146,0.114018
1,0.0835964,0.0973288
1,0.0834814,0.0845869
1,0.0833832,0.0844969
1,0.0831647,0.0900878
1,0.083054,0.0979008
1,0.0827326,0.102348
1,0.0824329,0.0939363
1,0.0819423,0.111628
1,0.0815743,0.0983346
1,0.0809586,0.0865508
1,0.0806821,0.0872945
1,0.0805983,0.0934796
1,0.0801567,0.0958983
1,0.0793813,0.11601
1,0.0792622,0.0833639
1,0.0792121,0.0943578
1,0.0788807,0.0834082
1,0.0780898,0.0796631
1,0.0779812,0.0807724
1,0.0779332,0.0784802
1,0.0772881,0.080224
1,0.0765493,0.0864602
1,0.0765198,0.087441
1,0.0764374,0.0783022
1,0.0757979,0.0811543
1,0.0757751,0.0886514
1,0.0756076,0.0835458
1,0.0754359,0.0986991
1,0.0750718,0.087172
1,0.0750481,0.0863083
1,0.0750436,0.0898989
1,0.0748921,0.0908109
1,0.0742954,0.0883237
1,0.0740907,0.0757202
1,0.0733861,0.0779589
1,0.0733779,0.0767628
1,0.0730074,0.0759745
1,0.0729811,0.110611
1,0.072911,0.0842372
1,0.0729044,0.0802314
1,0.0726777,0.0789603
1,0.0718125,0.0733527
1,0.0717223,0.071932
1,0.0717203,0.100436
1,0.071469,0.07895
1,0.0713189,0.0758246
1,0.071266,0.0779237
1,0.0709824,0.0992118
1,0.0709624,0.0738589
1,0.0708975,0.0774623
1,0.0708282,0.0813975
1,0.0703555,0.0713739
1,0.069404,0.0822823
1,0.0693889,0.0917661
1,0.0689692,0.0754248
1,0.068655,0.0691837
1,0.0685003,0.0851715
1,0.06809,0.0762474
1,0.0674286,0.098135
1,0.0674192,0.0712077
1,0.0672843,0.0717011
1,0.0668945,0.0849795
1,0.0666616,0.0746992
1,0.0666604,0.0703817
1,0.0665721,0.0875035
1,0.0664756,0.0707064
1,0.0659948,0.069308
1,0.0656296,0.0942552
1,0.0653395,0.0896794
1,0.0649733,0.0691749
1,0.0648601,0.0696808
1,0.0645554,0.0660145
1,0.0643925,0.0727601
1,0.0643688,0.0738936
1,0.0640963,0.0926916
1,0.0636973,0.0740515
1,0.0624526,0.0645637
1,0.0620203,0.068236
1,0.0618118,0.0665
1,0.0617112,0.0719252
1,0.0616711,0.0865959
1,0.0616533,0.0648614
1,0.0615901,0.0906942
1,0.0610806,0.0654184
1,0.060504,0.0613071
1,0.0602142,0.0627711
1,0.0601724,0.0614655
1,0.0600004,0.0617549
1,0.059027,0.0741587
1,0.058754,0.0599929
1,0.0579444,0.0630559
1,0.0578105,0.0632532
1,0.057511,0.058742
1,0.0572574,0.058685
1,0.0572034,0.0967949
1,0.0571696,0.0599452
1,0.0569279,0.0631805
1,0.0566825,0.0599282
1,0.0562952,0.0589089
1,0.0561458,0.0659881
1,0.0561027,0.0649754
1,0.0560061,0.0620325
1,0.0558285,0.0669987
1,0.0556949,0.066404
1,0.0556444,0.0583477
1,0.0552085,0.0720697
1,0.0537366,0.0794841
1,0.053651,0.056809
1,0.0535547,0.0563854
1,0.0529953,0.0553247
1,0.0526615,0.0603187
1,0.0524725,0.0699691
1,0.0524477,0.0588979
1,0.0501381,0.0548556
1,0.0494336,0.0536738
1,0.0492023,0.0543066
1,0.048887,0.0492628
1,0.0488119,0.0536007
1,0.0487267,0.0657398
1,0.0477205,0.057303
1,0.0473667,0.0475461
1,0.0466323,0.0496626
1,0.0459887,0.0461066
1,0.0450302,0.0524204
1,0.0406182,0.0418771
1,0.0395228,0.0395911
1,0.0392366,0.0434049
1,0.037476,0.045326
1,0.0352947,0.0359593
2,1.40598,1.44475
2,1.30193,1.30246
2,1.23797,1.29689
2,1.10086,1.18623
2,1.08118,1.10756
2,0.970747,0.975556
2,0.849085,0.918462
2,0.737909,0.738481
2,0.718239,0.737859
2,0.704749,0.756456
2,0.692445,0.722562
2,0.670775,0.692411
2,0.646271,0.773698
2,0.635341,0.661934
2,0.61892,0.632167
2,0.608273,0.619454
2,0.603117,0.618203
2,0.600936,0.643342
2,0.597428,0.712877
2,0.582195,0.625178
2,0.566783,0.586501
2,0.559352,0.585128
2,0.54459,0.565742
2,0.542919,0.543681
2,0.542919,0.582493
2,0.530818,0.555006
2,0.528832,0.531501
2,0.514678,0.516361
2,0.500575,0.51782
2,0.488582,0.529469
2,0.485327,0.49577
2,0.464758,0.477969
2,0.453396,0.462572
2,0.447748,0.449332
2,0.421066,0.432756
2,0.417983,0.429715
2,0.412275,0.439191
2,0.408188,0.409076
2,0.401121,0.402202
2,0.401033,0.409384
2,0.37037,0.40543
2,0.368993,0.380785
2,0.349718,0.351572
2,0.341558,0.364409
2,0.336248,0.343614
2,0.322246,0.387131
2,0.311321,0.31327
2,0.310402,0.315621
2,0.291587,0.301093
2,0.28392,0.284822
2,0.28336,0.295817
2,0.28073,0.28286
2,0.27635,0.280058
2,0.272984,0.273886
2,0.270165,0.288203
2,0.262549,0.26841
2,0.259829,0.262418
2,0.257503,0.286327
2,0.24855,0.254044
2,0.24659,0.258191
2,0.243873,0.256981
2,0.234469,0.238974
2,0.23276,0.236067
2,0.231828,0.251956
2,0.230015,0.23714
2,0.225219,0.236471
2,0.214746,0.219195
2,0.213462,0.214775
2,0.210597,0.219469
2,0.197137,0.199179
2,0.197122,0.211864
2,0.194754,0.201282
2,0.189069,0.205575
2,0.177753,0.202244
2,0.175539,0.187946
2,0.171511,0.177665
2,0.169835,0.181767
2,0.163399,0.164145
2,0.163399,0.16763
2,0.155314,0.157363
2,0.154795,0.161563
2,0.15026,0.153068
2,0.149868,0.155783
2,0.148229,0.15132
2,0.145187,0.156448
2,0.14456,0.151361
2,0.138988,0.140226
2,0.136674,0.14019
2,0.134308,0.141225
2,0.132416,0.132588
2,0.129344,0.129905
2,0.12533,0.129086
2,0.120572,0.129531
2,0.120057,0.12119
2,0.1195,0.122256
2,0.118926,0.124952
2,0.11625,0.118589
2,0.112975,0.113567
2,0.109145,0.125867
2,0.108012,0.120893
2,0.106427,0.112511
2,0.102976,0.106369
2,0.101139,0.107208
2,0.0939134,0.104048
2,0.0869925,0.0917806
2,0.0825188,0.0888678
2,0.0752608,0.077884
2,0.0558752,0.0588934
