point cloud with 1511 points in dimension 3
0,0,0.00547443
0,0,0.00587541
0,0,0.00631871
0,0,0.00632121
0,0,0.00739157
0,0,0.00792519
0,0,0.00796429
0,0,0.00826064
0,0,0.00917687
0,0,0.00955976
0,0,0.00992983
0,0,0.0113644
0,0,0.0114339
0,0,0.0116866
0,0,0.0117914
0,0,0.012095
0,0,0.0122233
0,0,0.0123144
0,0,0.0127163
0,0,0.0128162
0,0,0.0136387
0,0,0.0136443
0,0,0.014397
0,0,0.0144137
0,0,0.0144251
0,0,0.0145671
0,0,0.0146503
0,0,0.0147354
0,0,0.0147769
0,0,0.0152083
0,0,0.0152344
0,0,0.0152463
0,0,0.0152537
0,0,0.0152597
0,0,0.0154132
0,0,0.0160483
0,0,0.0166924
0,0,0.0169102
0,0,0.017245
0,0,0.0172865
0,0,0.0175236
0,0,0.0177556
0,0,0.0178037
0,0,0.0178175
0,0,0.0182817
0,0,0.0185231
0,0,0.0189074
0,0,0.0191127
0,0,0.0191493
0,0,0.0192228
0,0,0.019224
0,0,0.0192511
0,0,0.0192747
0,0,0.0194441
0,0,0.0197027
0,0,0.019854
0,0,0.0200401
0,0,0.020464
0,0,0.0204804
0,0,0.0204921
0,0,0.0207066
0,0,0.0207365
0,0,0.0208631
0,0,0.0209352
0,0,0.0211249
0,0,0.021423
0,0,0.0214628
0,0,0.0218057
0,0,0.0218944
0,0,0.0219014
0,0,0.0222884
0,0,0.0224305
0,0,0.0224406
0,0,0.022453
0,0,0.0226248
0,0,0.0227416
0,0,0.0228587
0,0,0.0228902
0,0,0.0230773
0,0,0.0233278
0,0,0.0239626
0,0,0.023991
0,0,0.0240035
0,0,0.0240294
0,0,0.0240718
0,0,0.0244823
0,0,0.0245421
0,0,0.0246695
0,0,0.0247049
0,0,0.0248019
0,0,0.024979
0,0,0.0250403
0,0,0.0250837
0,0,0.0251015
0,0,0.0252063
0,0,0.025376
0,0,0.0254001
0,0,0.0256093
0,0,0.0259427
0,0,0.0260276
0,0,0.0261248
0,0,0.0261322
0,0,0.0262532
0,0,0.0263298
0,0,0.0264969
0,0,0.0266606
0,0,0.0266856
0,0,0.0267438
0,0,0.0268772
0,0,0.027024
0,0,0.027055
0,0,0.0271904
0,0,0.0272757
0,0,0.0273431
0,0,0.0273774
0,0,0.0274072
0,0,0.0274415
0,0,0.0275054
0,0,0.0276172
0,0,0.0276398
0,0,0.0277132
0,0,0.0278147
0,0,0.027819
0,0,0.027828
0,0,0.0280492
0,0,0.0283765
0,0,0.0285244
0,0,0.029295
0,0,0.0294042
0,0,0.0294083
0,0,0.0294875
0,0,0.0298001
0,0,0.0301801
0,0,0.0302586
0,0,0.0303136
0,0,0.0304132
0,0,0.0304346
0,0,0.030483
0,0,0.0305388
0,0,0.0308348
0,0,0.0308387
0,0,0.0308962
0,0,0.0309098
0,0,0.0310695
0,0,0.0311023
0,0,0.0315001
0,0,0.0315333
0,0,0.0316959
0,0,0.0319889
0,0,0.0320241
0,0,0.0320615
0,0,0.032114
0,0,0.0325915
0,0,0.0326327
0,0,0.0326484
0,0,0.0327397
0,0,0.0327614
0,0,0.0328032
0,0,0.0330318
0,0,0.0330764
0,0,0.0335328
0,0,0.0337126
0,0,0.03384
0,0,0.0339237
0,0,0.0341556
0,0,0.0342894
0,0,0.0343162
0,0,0.0345461
0,0,0.0346127
0,0,0.0347511
0,0,0.0348673
0,0,0.0348996
0,0,0.0352307
0,0,0.0355056
0,0,0.0355378
0,0,0.0356125
0,0,0.0356157
0,0,0.0360734
0,0,0.0360799
0,0,0.0361109
0,0,0.03636
0,0,0.0364374
0,0,0.0365688
0,0,0.0366654
0,0,0.0367179
0,0,0.0368717
0,0,0.0368875
0,0,0.0370937
0,0,0.0372039
0,0,0.0372223
0,0,0.0372241
0,0,0.0373792
0,0,0.037482
0,0,0.0375476
0,0,0.0375767
0,0,0.0377789
0,0,0.0378526
0,0,0.0379284
0,0,0.0380697
0,0,0.0383204
0,0,0.0383769
0,0,0.0386194
0,0,0.038826
0,0,0.0390606
0,0,0.0391324
0,0,0.0392727
0,0,0.0393109
0,0,0.0394094
0,0,0.0395474
0,0,0.0396398
0,0,0.0396542
0,0,0.0397981
0,0,0.0398276
0,0,0.0398329
0,0,0.0398506
0,0,0.0399312
0,0,0.0399689
0,0,0.0400234
0,0,0.040042
0,0,0.0400794
0,0,0.0400951
0,0,0.0401801
0,0,0.0402029
0,0,0.0403154
0,0,0.0407464
0,0,0.040827
0,0,0.0408402
0,0,0.0409334
0,0,0.0409841
0,0,0.0411232
0,0,0.0415176
0,0,0.0415543
0,0,0.0417497
0,0,0.0418785
0,0,0.0421058
0,0,0.042139
0,0,0.0421513
0,0,0.0421971
0,0,0.0422381
0,0,0.0422496
0,0,0.0424346
0,0,0.0424756
0,0,0.0425362
0,0,0.0426179
0,0,0.0429326
0,0,0.0430307
0,0,0.0430498
0,0,0.0430974
0,0,0.0431805
0,0,0.0437051
0,0,0.0443281
0,0,0.0446268
0,0,0.0448121
0,0,0.0448833
0,0,0.0448861
0,0,0.044926
0,0,0.0450703
0,0,0.0451477
0,0,0.0451628
0,0,0.0451883
0,0,0.0451903
0,0,0.0452716
0,0,0.0456795
0,0,0.0456883
0,0,0.0458174
0,0,0.0461266
0,0,0.0462922
0,0,0.0463545
0,0,0.0463611
0,0,0.0463876
0,0,0.0464806
0,0,0.0468729
0,0,0.0468922
0,0,0.0470908
0,0,0.0471489
0,0,0.0471739
0,0,0.0472038
0,0,0.0473056
0,0,0.0474677
0,0,0.0474722
0,0,0.0475596
0,0,0.0476103
0,0,0.04766
0,0,0.0477159
0,0,0.0477404
0,0,0.0478157
0,0,0.0479122
0,0,0.0480363
0,0,0.0480885
0,0,0.0481209
0,0,0.0482438
0,0,0.0485061
0,0,0.048639
0,0,0.0486654
0,0,0.0488063
0,0,0.0488543
0,0,0.0488547
0,0,0.0488848
0,0,0.0489565
0,0,0.0489824
0,0,0.0490242
0,0,0.0492504
0,0,0.0494492
0,0,0.04949
0,0,0.0495581
0,0,0.0495624
0,0,0.0495848
0,0,0.0496225
0,0,0.0498687
0,0,0.0499138
0,0,0.0502392
0,0,0.0504083
0,0,0.0504593
0,0,0.0504627
0,0,0.0505046
0,0,0.0506311
0,0,0.05065
0,0,0.0506712
0,0,0.0509207
0,0,0.0509602
0,0,0.0509712
0,0,0.0511907
0,0,0.0512213
0,0,0.0513609
0,0,0.0515833
0,0,0.0516411
0,0,0.0517238
0,0,0.0517973
0,0,0.0518417
0,0,0.051847
0,0,0.0520355
0,0,0.0520898
0,0,0.0520964
0,0,0.0520977
0,0,0.0523455
0,0,0.0527241
0,0,0.0527803
0,0,0.0528768
0,0,0.0529008
0,0,0.0529213
0,0,0.0529394
0,0,0.0531221
0,0,0.0531226
0,0,0.053374
0,0,0.0534302
0,0,0.0536468
0,0,0.0536802
0,0,0.0537786
0,0,0.0538854
0,0,0.0541226
0,0,0.0541449
0,0,0.0543802
0,0,0.0544112
0,0,0.0544911
0,0,0.0545234
0,0,0.0551331
0,0,0.0551977
0,0,0.0553972
0,0,0.0554017
0,0,0.0554669
0,0,0.055586
0,0,0.0557408
0,0,0.0557912
0,0,0.0559565
0,0,0.0559985
0,0,0.0560323
0,0,0.0561647
0,0,0.0562452
0,0,0.0565923
0,0,0.0566462
0,0,0.0567915
0,0,0.057028
0,0,0.0571887
0,0,0.057208
0,0,0.0572156
0,0,0.0573525
0,0,0.0573794
0,0,0.0573838
0,0,0.0573924
0,0,0.0575882
0,0,0.0577101
0,0,0.0577833
0,0,0.0578295
0,0,0.058273
0,0,0.0583956
0,0,0.0585032
0,0,0.05851
0,0,0.0585363
0,0,0.0585902
0,0,0.058635
0,0,0.0586874
0,0,0.0587041
0,0,0.058898
0,0,0.0590028
0,0,0.0593041
0,0,0.0594254
0,0,0.0594994
0,0,0.0595965
0,0,0.0597361
0,0,0.059751
0,0,0.0597593
0,0,0.0598709
0,0,0.0604777
0,0,0.060491
0,0,0.0605404
0,0,0.0607622
0,0,0.0607675
0,0,0.0609954
0,0,0.0610747
0,0,0.0611366
0,0,0.0611549
0,0,0.0615561
0,0,0.061614
0,0,0.0617568
0,0,0.0618188
0,0,0.0619665
0,0,0.0628414
0,0,0.0628554
0,0,0.062865
0,0,0.0631148
0,0,0.0631295
0,0,0.0631465
0,0,0.0631484
0,0,0.0631704
0,0,0.0632561
0,0,0.0633941
0,0,0.0634869
0,0,0.0635205
0,0,0.0635513
0,0,0.0635685
0,0,0.0635785
0,0,0.0636495
0,0,0.0637672
0,0,0.0638561
0,0,0.0638876
0,0,0.0638961
0,0,0.0639268
0,0,0.0640861
0,0,0.0641539
0,0,0.064339
0,0,0.0644891
0,0,0.0645487
0,0,0.0645795
0,0,0.0646291
0,0,0.0647102
0,0,0.0648454
0,0,0.0649259
0,0,0.0654072
0,0,0.065501
0,0,0.0657347
0,0,0.0658289
0,0,0.0659888
0,0,0.0660078
0,0,0.0661643
0,0,0.0662938
0,0,0.066394
0,0,0.066411
0,0,0.0664986
0,0,0.0665339
0,0,0.0667469
0,0,0.0671544
0,0,0.0671857
0,0,0.067285
0,0,0.0674434
0,0,0.0675366
0,0,0.0679249
0,0,0.0680665
0,0,0.0681207
0,0,0.0682341
0,0,0.0683242
0,0,0.0685443
0,0,0.0686262
0,0,0.0686627
0,0,0.0687055
0,0,0.0687951
0,0,0.0689071
0,0,0.0689745
0,0,0.0690654
0,0,0.0693242
0,0,0.0693737
0,0,0.0695373
0,0,0.0697182
0,0,0.0697221
0,0,0.0697414
0,0,0.0700568
0,0,0.0700576
0,0,0.0702892
0,0,0.0702959
0,0,0.0703804
0,0,0.0704557
0,0,0.0704934
0,0,0.0705243
0,0,0.0707659
0,0,0.0710843
0,0,0.0714592
0,0,0.0715491
0,0,0.0715914
0,0,0.0717323
0,0,0.0717414
0,0,0.0717638
0,0,0.0718381
0,0,0.0718637
0,0,0.0722363
0,0,0.0723687
0,0,0.0725649
0,0,0.0725725
0,0,0.0725967
0,0,0.0726674
0,0,0.0726936
0,0,0.0729348
0,0,0.0729982
0,0,0.0732432
0,0,0.073249
0,0,0.0732922
0,0,0.0732962
0,0,0.0733001
0,0,0.0733865
0,0,0.07342
0,0,0.0734685
0,0,0.0735354
0,0,0.073732
0,0,0.0738165
0,0,0.0738316
0,0,0.0739168
0,0,0.0739732
0,0,0.0740653
0,0,0.074109
0,0,0.074239
0,0,0.0746789
0,0,0.07492
0,0,0.0749779
0,0,0.0750924
0,0,0.0751885
0,0,0.0754714
0,0,0.0755787
0,0,0.0756533
0,0,0.0758717
0,0,0.0762101
0,0,0.0762175
0,0,0.0762672
0,0,0.076378
0,0,0.0766561
0,0,0.076674
0,0,0.0767614
0,0,0.0769737
0,0,0.0771707
0,0,0.0771953
0,0,0.0772004
0,0,0.0773213
0,0,0.0774071
0,0,0.0774937
0,0,0.0775302
0,0,0.0780874
0,0,0.0782044
0,0,0.0782224
0,0,0.0782797
0,0,0.0785873
0,0,0.0786822
0,0,0.0786935
0,0,0.0787873
0,0,0.0788599
0,0,0.0788766
0,0,0.0789926
0,0,0.078995
0,0,0.0790424
0,0,0.0791183
0,0,0.0791796
0,0,0.0792487
0,0,0.0792704
0,0,0.0794282
0,0,0.0794791
0,0,0.0794802
0,0,0.0795025
0,0,0.0796567
0,0,0.079909
0,0,0.0801052
0,0,0.0802194
0,0,0.0803973
0,0,0.0804507
0,0,0.0807168
0,0,0.0808109
0,0,0.080853
0,0,0.0810542
0,0,0.0810963
0,0,0.0811409
0,0,0.0812915
0,0,0.0813191
0,0,0.0816812
0,0,0.0818757
0,0,0.0820011
0,0,0.0821126
0,0,0.0821708
0,0,0.0822528
0,0,0.0823109
0,0,0.0824055
0,0,0.0825343
0,0,0.0827602
0,0,0.0828546
0,0,0.0830339
0,0,0.0830506
0,0,0.0830511
0,0,0.0830861
0,0,0.0830955
0,0,0.083097
0,0,0.0831131
0,0,0.0831857
0,0,0.0832003
0,0,0.0832411
0,0,0.0835919
0,0,0.0839714
0,0,0.0841428
0,0,0.0842501
0,0,0.0844421
0,0,0.0844549
0,0,0.0845714
0,0,0.0845732
0,0,0.0849882
0,0,0.0854464
0,0,0.0855233
0,0,0.0855351
0,0,0.0858581
0,0,0.0858906
0,0,0.0860575
0,0,0.0860587
0,0,0.0862483
0,0,0.0864967
0,0,0.086749
0,0,0.0867731
0,0,0.087047
0,0,0.0875274
0,0,0.087547
0,0,0.087786
0,0,0.0878136
0,0,0.0879054
0,0,0.0881348
0,0,0.0881994
0,0,0.0884158
0,0,0.088508
0,0,0.088575
0,0,0.0886283
0,0,0.0886478
0,0,0.0887124
0,0,0.0888629
0,0,0.0889001
0,0,0.0889601
0,0,0.0893117
0,0,0.0898584
0,0,0.0899567
0,0,0.0900677
0,0,0.0901363
0,0,0.0903524
0,0,0.0904017
0,0,0.0909009
0,0,0.0909665
0,0,0.091032
0,0,0.0912324
0,0,0.0916958
0,0,0.0918467
0,0,0.0920059
0,0,0.0920382
0,0,0.0920806
0,0,0.0921005
0,0,0.0922499
0,0,0.0922714
0,0,0.0926153
0,0,0.0927732
0,0,0.0928447
0,0,0.0928546
0,0,0.0929983
0,0,0.0932246
0,0,0.0938819
0,0,0.0939286
0,0,0.094016
0,0,0.09462
0,0,0.094623
0,0,0.0948713
0,0,0.0951505
0,0,0.0952426
0,0,0.095328
0,0,0.09554
0,0,0.0958361
0,0,0.0959806
0,0,0.0960654
0,0,0.0960952
0,0,0.0966856
0,0,0.0968442
0,0,0.0968633
0,0,0.0968699
0,0,0.096904
0,0,0.0970849
0,0,0.0972831
0,0,0.0979233
0,0,0.0980308
0,0,0.0981179
0,0,0.0981702
0,0,0.0981735
0,0,0.0985666
0,0,0.0986097
0,0,0.0989681
0,0,0.0994174
0,0,0.0994211
0,0,0.0994573
0,0,0.0995763
0,0,0.100107
0,0,0.100159
0,0,0.100251
0,0,0.100448
0,0,0.100485
0,0,0.10056
0,0,0.100735
0,0,0.100753
0,0,0.10089
0,0,0.100916
0,0,0.101036
0,0,0.101052
0,0,0.101474
0,0,0.101594
0,0,0.101786
0,0,0.101925
0,0,0.101965
0,0,0.102086
0,0,0.102272
0,0,0.102292
0,0,0.102329
0,0,0.102481
0,0,0.102514
0,0,0.102658
0,0,0.102898
0,0,0.102918
0,0,0.102973
0,0,0.103076
0,0,0.10312
0,0,0.10335
0,0,0.103454
0,0,0.103541
0,0,0.103735
0,0,0.104059
0,0,0.104154
0,0,0.104237
0,0,0.104262
0,0,0.104298
0,0,0.104341
0,0,0.104344
0,0,0.104415
0,0,0.104497
0,0,0.104586
0,0,0.104682
0,0,0.105173
0,0,0.105319
0,0,0.105332
0,0,0.105402
0,0,0.105469
0,0,0.105537
0,0,0.105597
0,0,0.1056
0,0,0.10588
0,0,0.106085
0,0,0.106415
0,0,0.106604
0,0,0.106625
0,0,0.106778
0,0,0.107001
0,0,0.107223
0,0,0.107363
0,0,0.107835
0,0,0.108143
0,0,0.108203
0,0,0.108587
0,0,0.108856
0,0,0.108954
0,0,0.109598
0,0,0.110086
0,0,0.110172
0,0,0.11037
0,0,0.110413
0,0,0.110528
0,0,0.110665
0,0,0.110758
0,0,0.110825
0,0,0.110898
0,0,0.110898
0,0,0.110967
0,0,0.111172
0,0,0.111326
0,0,0.111624
0,0,0.111798
0,0,0.112038
0,0,0.112084
0,0,0.112085
0,0,0.112159
0,0,0.112327
0,0,0.112375
0,0,0.112554
0,0,0.112612
0,0,0.11293
0,0,0.11298
0,0,0.11303
0,0,0.113049
0,0,0.113421
0,0,0.113433
0,0,0.113923
0,0,0.113947
0,0,0.11399
0,0,0.114155
0,0,0.114311
0,0,0.114359
0,0,0.114498
0,0,0.11451
0,0,0.114558
0,0,0.114704
0,0,0.114719
0,0,0.114731
0,0,0.115035
0,0,0.115087
0,0,0.115522
0,0,0.115763
0,0,0.115896
0,0,0.11593
0,0,0.116281
0,0,0.116338
0,0,0.11637
0,0,0.116382
0,0,0.11671
0,0,0.117287
0,0,0.117337
0,0,0.117748
0,0,0.117972
0,0,0.118044
0,0,0.118077
0,0,0.118328
0,0,0.118611
0,0,0.11889
0,0,0.118997
0,0,0.119037
0,0,0.119501
0,0,0.119528
0,0,0.119651
0,0,0.119678
0,0,0.119963
0,0,0.120079
0,0,0.120197
0,0,0.120358
0,0,0.120493
0,0,0.120519
0,0,0.120849
0,0,0.120854
0,0,0.121281
0,0,0.121324
0,0,0.121443
0,0,0.12159
0,0,0.121801
0,0,0.12188
0,0,0.12191
0,0,0.121973
0,0,0.122056
0,0,0.122069
0,0,0.122132
0,0,0.12223
0,0,0.122424
0,0,0.12279
0,0,0.122836
0,0,0.122859
0,0,0.123045
0,0,0.12328
0,0,0.123483
0,0,0.123631
0,0,0.123774
0,0,0.123894
0,0,0.123943
0,0,0.123994
0,0,0.124057
0,0,0.124172
0,0,0.124297
0,0,0.124302
0,0,0.124326
0,0,0.12458
0,0,0.124641
0,0,0.124874
0,0,0.125041
0,0,0.125172
0,0,0.12526
0,0,0.125396
0,0,0.125615
0,0,0.125635
0,0,0.125641
0,0,0.126446
0,0,0.126566
0,0,0.126819
0,0,0.126971
0,0,0.127109
0,0,0.127473
0,0,0.127582
0,0,0.127651
0,0,0.127772
0,0,0.128307
0,0,0.128731
0,0,0.129369
0,0,0.129494
0,0,0.130366
0,0,0.13059
0,0,0.130656
0,0,0.13069
0,0,0.131272
0,0,0.131368
0,0,0.1314
0,0,0.13175
0,0,0.131771
0,0,0.131818
0,0,0.131874
0,0,0.131919
0,0,0.132225
0,0,0.132457
0,0,0.132487
0,0,0.132698
0,0,0.133021
0,0,0.133138
0,0,0.133167
0,0,0.133437
0,0,0.134117
0,0,0.134749
0,0,0.135
0,0,0.135188
0,0,0.135364
0,0,0.135491
0,0,0.135677
0,0,0.136709
0,0,0.137067
0,0,0.137267
0,0,0.137732
0,0,0.137912
0,0,0.138526
0,0,0.138604
0,0,0.139118
0,0,0.13927
0,0,0.139355
0,0,0.140015
0,0,0.140281
0,0,0.140473
0,0,0.140883
0,0,0.140884
0,0,0.140978
0,0,0.14106
0,0,0.141106
0,0,0.141154
0,0,0.141372
0,0,0.141751
0,0,0.141931
0,0,0.142184
0,0,0.142243
0,0,0.142293
0,0,0.142543
0,0,0.143101
0,0,0.143238
0,0,0.143694
0,0,0.144157
0,0,0.144199
0,0,0.144261
0,0,0.144322
0,0,0.144747
0,0,0.14503
0,0,0.145341
0,0,0.145395
0,0,0.145506
0,0,0.145962
0,0,0.145976
0,0,0.146352
0,0,0.146596
0,0,0.146642
0,0,0.146868
0,0,0.147026
0,0,0.147193
0,0,0.147219
0,0,0.147368
0,0,0.147536
0,0,0.147926
0,0,0.148177
0,0,0.148271
0,0,0.148426
0,0,0.148471
0,0,0.148545
0,0,0.148555
0,0,0.148904
0,0,0.148927
0,0,0.149394
0,0,0.149467
0,0,0.149751
0,0,0.150379
0,0,0.15039
0,0,0.150393
0,0,0.151045
0,0,0.151158
0,0,0.151769
0,0,0.151819
0,0,0.151874
0,0,0.152002
0,0,0.152332
0,0,0.152355
0,0,0.152611
0,0,0.152798
0,0,0.15296
0,0,0.152976
0,0,0.153056
0,0,0.153081
0,0,0.153099
0,0,0.153523
0,0,0.153572
0,0,0.153623
0,0,0.154187
0,0,0.154243
0,0,0.154357
0,0,0.154893
0,0,0.155122
0,0,0.155284
0,0,0.155609
0,0,0.15581
0,0,0.156059
0,0,0.156204
0,0,0.156312
0,0,0.156539
0,0,0.156967
0,0,0.157939
0,0,0.159324
0,0,0.16051
0,0,0.16051
0,0,0.160755
0,0,0.161066
0,0,0.161698
0,0,0.161827
0,0,0.1619
0,0,0.161913
0,0,0.162125
0,0,0.162353
0,0,0.162441
0,0,0.162938
0,0,0.163728
0,0,0.163911
0,0,0.163914
0,0,0.164531
0,0,0.164684
0,0,0.164712
0,0,0.164738
0,0,0.164808
0,0,0.165182
0,0,0.165199
0,0,0.165209
0,0,0.165247
0,0,0.165269
0,0,0.165549
0,0,0.16557
0,0,0.165631
0,0,0.166044
0,0,0.166281
0,0,0.166668
0,0,0.166768
0,0,0.167048
0,0,0.167197
0,0,0.167517
0,0,0.167718
0,0,0.168086
0,0,0.168091
0,0,0.168131
0,0,0.168357
0,0,0.168901
0,0,0.169752
0,0,0.170575
0,0,0.170778
0,0,0.172033
0,0,0.172408
0,0,0.172422
0,0,0.172544
0,0,0.173224
0,0,0.173461
0,0,0.173481
0,0,0.173714
0,0,0.174524
0,0,0.17455
0,0,0.175206
0,0,0.175222
0,0,0.175688
0,0,0.17572
0,0,0.176075
0,0,0.177065
0,0,0.177107
0,0,0.177543
0,0,0.177999
0,0,0.179369
0,0,0.17938
0,0,0.179683
0,0,0.180919
0,0,0.181522
0,0,0.18179
0,0,0.181915
0,0,0.182026
0,0,0.182184
0,0,0.182218
0,0,0.182463
0,0,0.182914
0,0,0.182983
0,0,0.183024
0,0,0.183218
0,0,0.183669
0,0,0.184034
0,0,0.18413
0,0,0.184141
0,0,0.184215
0,0,0.184518
0,0,0.185602
0,0,0.185805
0,0,0.18593
0,0,0.186495
0,0,0.186668
0,0,0.187525
0,0,0.187753
0,0,0.187943
0,0,0.187943
0,0,0.187949
0,0,0.188138
0,0,0.188511
0,0,0.188751
0,0,0.188757
0,0,0.188853
0,0,0.188908
0,0,0.189039
0,0,0.189282
0,0,0.189348
0,0,0.189746
0,0,0.189853
0,0,0.19006
0,0,0.190258
0,0,0.190846
0,0,0.191109
0,0,0.191268
0,0,0.191688
0,0,0.192277
0,0,0.19234
0,0,0.192533
0,0,0.192982
0,0,0.193105
0,0,0.193171
0,0,0.193442
0,0,0.193574
0,0,0.193782
0,0,0.194221
0,0,0.194494
0,0,0.194801
0,0,0.195155
0,0,0.195664
0,0,0.196233
0,0,0.196724
0,0,0.196969
0,0,0.197324
0,0,0.197655
0,0,0.197881
0,0,0.198352
0,0,0.198582
0,0,0.19885
0,0,0.199261
0,0,0.199735
0,0,0.200658
0,0,0.200686
0,0,0.201772
0,0,0.201825
0,0,0.202074
0,0,0.202145
0,0,0.202743
0,0,0.203519
0,0,0.205278
0,0,0.20564
0,0,0.205681
0,0,0.205703
0,0,0.206078
0,0,0.20661
0,0,0.206747
0,0,0.206855
0,0,0.207767
0,0,0.207826
0,0,0.208039
0,0,0.208189
0,0,0.20842
0,0,0.208816
0,0,0.209231
0,0,0.209432
0,0,0.210416
0,0,0.210575
0,0,0.211172
0,0,0.211318
0,0,0.211369
0,0,0.211511
0,0,0.212001
0,0,0.212065
0,0,0.212535
0,0,0.21271
0,0,0.213534
0,0,0.213587
0,0,0.213796
0,0,0.213982
0,0,0.214186
0,0,0.214294
0,0,0.214759
0,0,0.215069
0,0,0.21516
0,0,0.215358
0,0,0.215597
0,0,0.216471
0,0,0.217531
0,0,0.217859
0,0,0.219143
0,0,0.219578
0,0,0.219808
0,0,0.219866
0,0,0.220944
0,0,0.221126
0,0,0.221244
0,0,0.221373
0,0,0.221402
0,0,0.221469
0,0,0.221559
0,0,0.222229
0,0,0.222876
0,0,0.223134
0,0,0.2237
0,0,0.223965
0,0,0.224076
0,0,0.224626
0,0,0.224751
0,0,0.22503
0,0,0.225271
0,0,0.2255
0,0,0.226657
0,0,0.226861
0,0,0.226986
0,0,0.22702
0,0,0.227176
0,0,0.227233
0,0,0.227992
0,0,0.228242
0,0,0.228319
0,0,0.228854
0,0,0.230355
0,0,0.231342
0,0,0.231447
0,0,0.231672
0,0,0.232294
0,0,0.232409
0,0,0.232454
0,0,0.234613
0,0,0.235301
0,0,0.235348
0,0,0.235554
0,0,0.236125
0,0,0.236271
0,0,0.236589
0,0,0.237516
0,0,0.237602
0,0,0.237634
0,0,0.237731
0,0,0.237797
0,0,0.239104
0,0,0.239121
0,0,0.240332
0,0,0.240457
0,0,0.240491
0,0,0.241737
0,0,0.242766
0,0,0.244121
0,0,0.244696
0,0,0.244837
0,0,0.245332
0,0,0.245528
0,0,0.245805
0,0,0.247211
0,0,0.247416
0,0,0.24788
0,0,0.247906
0,0,0.248297
0,0,0.248722
0,0,0.248831
0,0,0.248951
0,0,0.249127
0,0,0.249843
0,0,0.250006
0,0,0.250272
0,0,0.250457
0,0,0.251102
0,0,0.251592
0,0,0.251637
0,0,0.253249
0,0,0.253415
0,0,0.253594
0,0,0.254056
0,0,0.254161
0,0,0.254537
0,0,0.254684
0,0,0.254801
0,0,0.255212
0,0,0.25763
0,0,0.257814
0,0,0.258198
0,0,0.258413
0,0,0.258805
0,0,0.258872
0,0,0.260281
0,0,0.260335
0,0,0.26049
0,0,0.263352
0,0,0.264522
0,0,0.265884
0,0,0.266079
0,0,0.267736
0,0,0.268587
0,0,0.269248
0,0,0.269577
0,0,0.270974
0,0,0.273646
0,0,0.273981
0,0,0.27407
0,0,0.274566
0,0,0.27551
0,0,0.276099
0,0,0.277128
0,0,0.278395
0,0,0.27909
0,0,0.279287
0,0,0.279535
0,0,0.279995
0,0,0.280531
0,0,0.280577
0,0,0.281712
0,0,0.282121
0,0,0.282281
0,0,0.282812
0,0,0.283277
0,0,0.284267
0,0,0.284777
0,0,0.285064
0,0,0.285107
0,0,0.28694
0,0,0.287511
0,0,0.288163
0,0,0.288659
0,0,0.288706
0,0,0.291102
0,0,0.293112
0,0,0.293328
0,0,0.293722
0,0,0.2938
0,0,0.296403
0,0,0.299201
0,0,0.299497
0,0,0.300439
0,0,0.301619
0,0,0.301836
0,0,0.302083
0,0,0.303596
0,0,0.303971
0,0,0.304875
0,0,0.305386
0,0,0.30551
0,0,0.305751
0,0,0.306468
0,0,0.308391
0,0,0.309088
0,0,0.309303
0,0,0.310216
0,0,0.310452
0,0,0.310513
0,0,0.310853
0,0,0.310973
0,0,0.311409
0,0,0.311684
0,0,0.31324
0,0,0.317464
0,0,0.31827
0,0,0.318802
0,0,0.319224
0,0,0.320859
0,0,0.321964
0,0,0.322174
0,0,0.322437
0,0,0.322638
0,0,0.323245
0,0,0.32411
0,0,0.324456
0,0,0.325333
0,0,0.325396
0,0,0.32611
0,0,0.32666
0,0,0.327912
0,0,0.329641
0,0,0.330595
0,0,0.331643
0,0,0.331865
0,0,0.332032
0,0,0.332725
0,0,0.333186
0,0,0.333964
0,0,0.337748
0,0,0.338115
0,0,0.338506
0,0,0.339567
0,0,0.341252
0,0,0.342
0,0,0.34236
0,0,0.342757
0,0,0.343703
0,0,0.34506
0,0,0.345065
0,0,0.345481
0,0,0.345912
0,0,0.347092
0,0,0.348527
0,0,0.349078
0,0,0.351047
0,0,0.351928
0,0,0.352466
0,0,0.352611
0,0,0.352998
0,0,0.354192
0,0,0.354724
0,0,0.355371
0,0,0.356029
0,0,0.356961
0,0,0.357347
0,0,0.357695
0,0,0.359479
0,0,0.359648
0,0,0.360295
0,0,0.36125
0,0,0.363446
0,0,0.363466
0,0,0.3662
0,0,0.366478
0,0,0.367026
0,0,0.370187
0,0,0.371581
0,0,0.374947
0,0,0.375937
0,0,0.376643
0,0,0.376819
0,0,0.376827
0,0,0.378239
0,0,0.379211
0,0,0.381177
0,0,0.386069
0,0,0.386728
0,0,0.386834
0,0,0.389056
0,0,0.390425
0,0,0.39062
0,0,0.396145
0,0,0.403744
0,0,0.404183
0,0,0.40461
0,0,0.407088
0,0,0.4076
0,0,0.408224
0,0,0.408984
0,0,0.409681
0,0,0.410202
0,0,0.410984
0,0,0.413165
0,0,0.421301
0,0,0.422751
0,0,0.426073
0,0,0.431169
0,0,0.433382
0,0,0.435628
0,0,0.441551
0,0,0.444452
0,0,0.446674
0,0,0.452444
0,0,0.452648
0,0,0.453395
0,0,0.456108
0,0,0.473746
0,0,0.483027
0,0,0.484206
0,0,0.490205
0,0,0.493455
0,0,0.494726
0,0,0.496239
0,0,0.499468
0,0,0.499527
0,0,0.503723
0,0,0.514164
0,0,0.532434
0,0,0.543051
0,0,0.554785
0,0,0.569096
0,0,0.57402
0,0,0.576575
0,0,0.609616
0,0,0.624664
0,0,0.649065
0,0,0.673809
0,0,0.682124
0,0,0.697421
0,0,0.700227
0,0,0.729064
0,0,0.729852
0,0,0.73098
0,0,0.748942
0,0,0.781982
0,0,0.838565
0,0,0.875456
0,0,0.890118
0,0,0.898504
0,0,0.928194
0,0,0.934163
0,0,1.07634
0,0,3
1,1.54316,1.59418
1,1.40856,1.41453
1,1.35643,1.47862
1,1.25665,1.2604
1,1.24954,1.27911
1,1.19805,1.50847
1,1.08378,1.14195
1,1.0554,1.11143
1,1.03426,1.0559
1,1.01881,1.05862
1,1.00599,1.40912
1,0.977288,1.00763
1,0.965789,0.979972
1,0.950742,0.992485
1,0.949626,1.05581
1,0.891552,1.26262
1,0.841668,1.01435
1,0.820016,0.824348
1,0.81717,0.831785
1,0.807731,0.818392
1,0.788009,0.858468
1,0.774735,0.975018
1,0.765732,0.772388
1,0.760671,0.792862
1,0.758721,0.78353
1,0.758236,0.816613
1,0.756123,0.756898
1,0.746885,0.910947
1,0.737747,0.891283
1,0.733325,0.776026
1,0.732592,0.839398
1,0.708365,0.750315
1,0.70036,0.864462
1,0.68612,1.00495
1,0.681339,0.745519
1,0.672751,0.962944
1,0.671764,0.720004
1,0.669387,0.759577
1,0.664808,0.692135
1,0.658961,1.03176
1,0.651661,0.654878
1,0.635803,0.669269
1,0.625521,0.63576
1,0.607736,0.903915
1,0.605039,0.983558
1,0.598769,0.62547
1,0.587749,0.654548
1,0.581168,0.627959
1,0.575989,0.578213
1,0.566291,0.626955
1,0.55593,0.612029
1,0.555171,0.875812
1,0.553563,0.585039
1,0.549261,0.555056
1,0.5462,0.549301
1,0.545411,0.681322
1,0.54446,0.664829
1,0.543533,0.565473
1,0.541871,0.607463
1,0.540753,0.543947
1,0.538479,0.614605
1,0.538171,0.639451
1,0.532541,0.614904
1,0.53155,0.61331
1,0.530178,0.566785
1,0.526255,0.775349
1,0.520608,0.559111
1,0.51334,0.51703
1,0.511258,0.553845
1,0.50795,0.663453
1,0.502992,0.690231
1,0.501622,0.538033
1,0.500854,0.511165
1,0.49919,0.56303
1,0.49693,0.622107
1,0.496548,0.833416
1,0.496274,0.532196
1,0.489652,0.55226
1,0.487496,0.496511
1,0.486881,0.561542
1,0.479794,0.626562
1,0.470674,0.673945
1,0.467816,0.493364
1,0.464118,0.477288
1,0.463933,0.491384
1,0.4452,0.471952
1,0.444133,0.491988
1,0.444081,0.448924
1,0.443473,0.625279
1,0.442851,0.484234
1,0.437658,0.525091
1,0.434841,0.436427
1,0.434484,0.5878
1,0.43154,0.435896
1,0.421286,0.462195
1,0.41946,0.534938
1,0.41925,0.42745
1,0.418951,0.449889
1,0.416679,0.433639
1,0.407745,0.410153
1,0.40218,0.402569
1,0.401924,0.442129
1,0.400196,0.643967
1,0.399635,0.625819
1,0.397038,0.414516
1,0.395748,0.414716
1,0.395346,0.437728
1,0.394625,0.41022
1,0.392674,0.593174
1,0.392101,0.398099
1,0.390552,1.04861
1,0.388168,0.470173
1,0.387319,0.398737
1,0.387252,0.532102
1,0.384456,0.390573
1,0.38436,0.384708
1,0.383378,0.731367
1,0.380482,0.444609
1,0.378664,0.37928
1,0.377562,0.434951
1,0.376548,0.406512
1,0.375367,0.408356
1,0.374593,0.565944
1,0.368106,0.397598
1,0.365606,0.695807
1,0.365584,0.367276
1,0.364694,0.860446
1,0.363724,0.378466
1,0.363475,0.371597
1,0.362849,0.466791
1,0.359539,0.47582
1,0.35698,0.448391
1,0.353645,0.397598
1,0.353599,0.373023
1,0.353316,0.484144
1,0.352119,0.451535
1,0.352109,0.416229
1,0.351035,0.441544
1,0.35021,0.473296
1,0.344904,0.357277
1,0.343774,0.408659
1,0.342823,0.359655
1,0.342346,0.355149
1,0.340356,0.473385
1,0.337951,0.396276
1,0.335313,0.391656
1,0.334368,0.341074
1,0.330856,0.33815
1,0.32971,0.35321
1,0.32952,0.463356
1,0.32837,0.346409
1,0.325911,0.396142
1,0.323492,0.354592
1,0.322909,0.350378
1,0.322501,0.402522
1,0.321206,0.378122
1,0.319713,0.452399
1,0.317458,0.32561
1,0.31682,0.336479
1,0.314499,0.346221
1,0.313522,0.428237
1,0.312904,0.367001
1,0.312208,0.438174
1,0.312146,0.409049
1,0.310619,0.355808
1,0.306046,0.3572
1,0.305493,0.308759
1,0.304556,0.307006
1,0.303889,0.311064
1,0.301587,0.313128
1,0.300918,0.379559
1,0.300121,0.304666
1,0.297725,0.316868
1,0.297433,0.301702
1,0.293952,0.48507
1,0.292219,0.359918
1,0.290815,0.317437
1,0.289932,0.33676
1,0.287856,0.292427
1,0.287583,0.312804
1,0.28681,0.292202
1,0.286759,0.294337
1,0.286145,0.359655
1,0.285287,0.413124
1,0.280737,0.358787
1,0.280235,0.29643
1,0.277127,0.353175
1,0.27689,0.342883
1,0.276772,0.335398
1,0.275328,0.277541
1,0.273389,0.285052
1,0.271496,0.287246
1,0.271306,0.285698
1,0.270601,0.295999
1,0.269805,0.275375
1,0.269541,0.316338
1,0.26912,0.284348
1,0.26909,0.301314
1,0.268956,0.282117
1,0.268398,0.270176
1,0.266759,0.298001
1,0.265958,0.266356
1,0.265624,0.294899
1,0.264535,0.32434
1,0.263333,0.28787
1,0.261847,0.273134
1,0.261715,0.292962
1,0.259135,0.260525
1,0.258758,0.317393
1,0.257441,0.28683
1,0.257063,0.260467
1,0.256483,0.258015
1,0.25557,0.262565
1,0.255395,0.28074
1,0.255087,0.255856
1,0.251802,0.25234
1,0.250817,0.251706
1,0.250155,0.273943
1,0.249614,0.292588
1,0.248598,0.29927
1,0.246823,0.263791
1,0.246734,0.279368
1,0.24638,0.320219
1,0.243983,0.252159
1,0.243483,0.290231
1,0.242646,0.297074
1,0.241735,0.242396
1,0.241296,0.315094
1,0.240982,0.28279
1,0.239867,0.254649
1,0.237235,0.296854
1,0.236924,0.238449
1,0.235643,0.236345
1,0.231421,0.237124
1,0.230999,0.284972
1,0.228947,0.299103
1,0.227722,0.234205
1,0.222884,0.257077
1,0.221069,0.255234
1,0.220167,0.317948
1,0.219023,0.265543
1,0.218182,0.221275
1,0.217789,0.238171
1,0.216946,0.290903
1,0.214793,0.313241
1,0.214686,0.286959
1,0.214328,0.243215
1,0.212743,0.247111
1,0.209656,0.222984
1,0.209359,0.210586
1,0.209235,0.212958
1,0.209172,0.227241
1,0.208403,0.214666
1,0.206262,0.256995
1,0.205282,0.24724
1,0.203902,0.214509
1,0.202546,0.218118
1,0.202113,0.214554
1,0.201457,0.205925
1,0.199438,0.216364
1,0.198447,0.199364
1,0.19295,0.194299
1,0.192093,0.214993
1,0.192035,0.258858
1,0.189892,0.199163
1,0.188001,0.218573
1,0.186368,0.201726
1,0.18496,0.195177
1,0.178255,0.203615
1,0.176422,0.188264
1,0.174903,0.217348
1,0.174391,0.198802
1,0.173552,0.189757
1,0.171913,0.316246
1,0.170288,0.188576
1,0.17015,0.220444
1,0.169284,0.180743
1,0.168894,0.179122
1,0.167575,0.202778
1,0.167338,0.177604
1,0.167004,0.177649
1,0.166018,0.174966
1,0.165628,0.17045
1,0.164226,0.167536
1,0.163857,0.180531
1,0.16293,0.173466
1,0.162162,0.234821
1,0.160638,0.190119
1,0.160107,0.175746
1,0.160045,0.168907
1,0.159574,0.164387
1,0.159478,0.162196
1,0.157957,0.172208
1,0.157393,0.157852
1,0.156127,0.166252
1,0.155116,0.188658
1,0.154929,0.161788
1,0.154622,0.189779
1,0.153613,0.170694
1,0.152768,0.18036
1,0.152714,0.156014
1,0.151299,0.159119
1,0.149241,0.232955
1,0.148773,0.179201
1,0.148615,0.175685
1,0.146758,0.156327
1,0.146169,0.163936
1,0.14593,0.190801
1,0.144635,0.180705
1,0.143706,0.152854
1,0.143442,0.176435
1,0.143021,0.161788
1,0.14269,0.162016
1,0.142327,0.152262
1,0.142223,0.189591
1,0.141714,0.153339
1,0.141474,0.163514
1,0.141307,0.158652
1,0.14124,0.157678
1,0.14079,0.189396
1,0.139913,0.234469
1,0.138949,0.166333
1,0.138403,0.159188
1,0.137407,0.145864
1,0.137115,0.141071
1,0.136973,0.143787
1,0.136196,0.156237
1,0.135854,0.157749
1,0.135618,0.139659
1,0.132885,0.183005
1,0.130685,0.1819
1,0.129348,0.131111
1,0.12915,0.15309
1,0.127595,0.130365
1,0.126941,0.134544
1,0.126207,0.127528
1,0.126204,0.135181
1,0.126126,0.131809
1,0.126092,0.135804
1,0.125833,0.126789
1,0.125651,0.131952
1,0.125438,0.130125
1,0.124962,0.134011
1,0.124256,0.130352
1,0.124238,0.161444
1,0.12419,0.135989
1,0.1232,0.131877
1,0.123016,0.158936
1,0.12254,0.141829
1,0.121714,0.13887
1,0.121022,0.134527
1,0.120837,0.134048
1,0.120263,0.123109
1,0.118584,0.167494
1,0.118119,0.158753
1,0.118071,0.141542
1,0.118059,0.185268
1,0.117951,0.12921
1,0.1178,0.12046
1,0.117383,0.119855
1,0.1168,0.135681
1,0.116756,0.140538
1,0.116661,0.143521
1,0.11557,0.116241
1,0.114701,0.115998
1,0.113862,0.118719
1,0.112446,0.151569
1,0.109636,0.138708
1,0.109633,0.146071
1,0.108977,0.113029
1,0.107678,0.130023
1,0.10704,0.154162
1,0.106966,0.111492
1,0.106484,0.113146
1,0.105396,0.118667
1,0.105021,0.117121
1,0.104736,0.108088
1,0.104268,0.156093
1,0.102662,0.122525
1,0.102434,0.118629
1,0.101674,0.112065
1,0.101189,0.127487
1,0.10044,0.105264
1,0.100219,0.141603
1,0.099505,0.104567
1,0.097462,0.123879
1,0.0970098,0.131196
1,0.0967833,0.102394
1,0.0959926,0.126848
1,0.0959924,0.118715
1,0.0957333,0.109943
1,0.0952391,0.0968356
1,0.0951933,0.095373
1,0.0949033,0.109619
1,0.094452,0.0980313
1,0.0940262,0.10398
1,0.0933743,0.100804
1,0.0925262,0.0958577
1,0.0918941,0.0945291
1,0.0916678,0.0944313
1,0.0916483,0.101805
1,0.0914628,0.0924342
1,0.0905613,0.0960477
1,0.0905137,0.0927172
1,0.0891694,0.102462
1,0.0881296,0.0935253
1,0.0878889,0.0953764
1,0.0871751,0.11246
1,0.0868545,0.091756
1,0.0864762,0.108614
1,0.08573,0.0919779
1,0.0856477,0.114304
1,0.0850095,0.115962
1,0.0844126,0.120328
1,0.0843854,0.117039
1,0.0843667,0.0923307
1,0.0842636,0.0880851
1,0.0835307,0.0894325
1,0.0827755,0.0901905
1,0.0824407,0.0956242
1,0.0821433,0.0944584
1,0.0819217,0.0934515
1,0.0797767,0.0903572
1,0.0791873,0.0806307
1,0.079046,0.106876
1,0.0787556,0.0904752
1,0.0779883,0.0991759
1,0.0778362,0.0913667
1,0.0775398,0.0892716
1,0.0762656,0.0769465
1,0.0760233,0.0877998
1,0.0753527,0.0985793
1,0.074666,0.0770363
1,0.0728386,0.0784935
1,0.0719134,0.0843399
1,0.0717054,0.072691
1,0.0714899,0.0954916
1,0.0712695,0.0969844
1,0.071219,0.10758
1,0.0703624,0.078812
1,0.0698631,0.0738957
1,0.0685724,0.0777114
1,0.0684515,0.0729184
1,0.0679388,0.0815956
1,0.0670107,0.0684224
1,0.066236,0.0745575
1,0.0642131,0.0989329
1,0.0638604,0.0649856
1,0.0624617,0.0708455
1,0.0616029,0.0854817
1,0.0612818,0.0874256
1,0.0596508,0.0611242
1,0.0586134,0.0613873
1,0.0573989,0.0576732
1,0.0572338,0.0823228
1,0.0559172,0.0636714
1,0.0557138,0.0653172
1,0.0552016,0.0578512
1,0.0542616,0.0551962
1,0.0530943,0.0539375
1,0.0509772,0.0655168
1,0.0499073,0.0499925
1,0.0488493,0.0504935
1,0.0483371,0.0583484
1,0.0469001,0.0476246
1,0.0467266,0.0572766
1,0.0458694,0.0469119
1,0.0440026,0.0509632
1,0.0427044,0.0542745
1,0.0392832,0.0400639
1,0.0386694,0.0393822
1,0.0372956,0.0379181
1,0.0371717,0.0406568
1,0.0275149,0.030546
2,1.66559,1.83622
2,1.65085,1.6657
2,1.60149,1.68231
2,1.31857,1.33272
2,1.13858,1.17328
2,1.09239,1.1121
2,1.08007,1.37054
2,1.05375,1.08868
2,0.988761,1.00356
2,0.919205,0.927678
2,0.883973,0.891483
2,0.790961,0.860103
2,0.69223,0.706029
2,0.689372,0.695275
2,0.685346,0.686568
2,0.653546,0.671017
2,0.637946,0.68565
2,0.510119,0.516854
2,0.478699,0.491635
2,0.451434,0.485373
2,0.424316,0.425468
2,0.41887,0.431456
2,0.413124,0.421627
2,0.388267,0.405604
2,0.374096,0.39824
2,0.37326,0.382354
2,0.368367,0.376409
2,0.365805,0.393985
2,0.362038,0.366542
2,0.348406,0.354728
2,0.342957,0.3674
2,0.332038,0.339597
2,0.328249,0.370614
2,0.317692,0.321642
2,0.31273,0.34159
2,0.293035,0.293677
2,0.272498,0.278826
2,0.267807,0.268142
2,0.25238,0.276349
2,0.244023,0.247945
2,0.243803,0.244275
2,0.217185,0.224873
2,0.203446,0.216233
2,0.190197,0.20484
2,0.189762,0.20334
2,0.166697,0.17247
2,0.162221,0.166015
2,0.145777,0.163255
2,0.138394,0.156142
2,0.1327,0.13544
2,0.120793,0.135834
2,0.119477,0.132608
2,0.105924,0.109263
2,0.101755,0.109256
2,0.0925509,0.0936765
2,0.0824045,0.0832325
